START: 09/28/2021 13:58:40:668937
TIME;STATES_LIST;TARGET_FILT_CART;TARGET_FILT_GPS;TARGET_REAL_GPS;TX_FILT_CART;TX_FILT_GPS;TX_REAL_GPS;MULTILATERATION_ERROR;MODE;13:59:04:130101;[1, 1, 1, 1]3;None;GPS(-43.520600, 172.583000, 0.000000, var=[-1.0, -1.0, -1.0]);GPS(-43.520600, 172.583000, 0.000000, var=[-1.0, -1.0, -1.0]);None;GPS(-43.520600, 172.583000, 15.000000, var=[-1.0, -1.0, -1.0]);GPS(-43.520599, 172.583000, 46.574840, var=[-1, -1, -1]);0.0;OFFBOARD
13:59:04:142782;[1, 1, 1, 1]4;None;GPS(-43.520600, 172.583000, 0.000000, var=[-1.0, -1.0, -1.0]);GPS(-43.520600, 172.583000, 0.000000, var=[-1.0, -1.0, -1.0]);None;GPS(-43.520600, 172.583000, 15.000000, var=[-1.0, -1.0, -1.0]);GPS(-43.520599, 172.583000, 46.574840, var=[-1, -1, -1]);0.0;OFFBOARD
13:59:04:143921;[1, 1, 1, 1]4;None;GPS(-43.520600, 172.583000, 0.000000, var=[-1.0, -1.0, -1.0]);GPS(-43.520600, 172.583000, 0.000000, var=[-1.0, -1.0, -1.0]);None;GPS(-43.520600, 172.583000, 15.000000, var=[-1.0, -1.0, -1.0]);GPS(-43.520599, 172.583000, 46.574840, var=[-1, -1, -1]);0.0;OFFBOARD
13:59:04:145329;[2, 2, 2, 2]4;None;GPS(-43.520600, 172.583000, 0.000000, var=[-1.0, -1.0, -1.0]);GPS(-43.520600, 172.583000, 0.000000, var=[-1.0, -1.0, -1.0]);None;GPS(-43.520600, 172.583000, 15.000000, var=[-1.0, -1.0, -1.0]);GPS(-43.520599, 172.583000, 46.574840, var=[-1, -1, -1]);0.0;OFFBOARD
13:59:04:147023;[3, 3, 3, 3]4;None;GPS(-43.520600, 172.583000, 0.000000, var=[-1.0, -1.0, -1.0]);GPS(-43.520600, 172.583000, 0.000000, var=[-1.0, -1.0, -1.0]);None;GPS(-43.520600, 172.583000, 15.000000, var=[-1.0, -1.0, -1.0]);GPS(-43.520599, 172.583000, 46.574840, var=[-1, -1, -1]);0.0;OFFBOARD
13:59:05:026183;[3, 3, 3, 3]4;None;GPS(-43.520600, 172.583000, 0.000000, var=[-1.0, -1.0, -1.0]);GPS(-43.520600, 172.583000, 0.000000, var=[-1.0, -1.0, -1.0]);None;GPS(-43.520600, 172.583000, 15.000000, var=[-1.0, -1.0, -1.0]);GPS(-43.520599, 172.583000, 46.578840, var=[-1, -1, -1]);0.0;OFFBOARD
13:59:06:122064;[3, 3, 3, 3]4;None;GPS(-43.520600, 172.583000, 0.000000, var=[-1.0, -1.0, -1.0]);GPS(-43.520600, 172.583000, 0.000000, var=[-1.0, -1.0, -1.0]);None;GPS(-43.520600, 172.583000, 15.000000, var=[-1.0, -1.0, -1.0]);GPS(-43.520600, 172.583000, 46.577840, var=[-1, -1, -1]);0.0;OFFBOARD
13:59:07:121631;[4, 3, 3, 3]4;None;GPS(-43.520600, 172.583000, 0.000000, var=[-1.0, -1.0, -1.0]);GPS(-43.520600, 172.583000, 0.000000, var=[-1.0, -1.0, -1.0]);None;GPS(-43.520600, 172.583000, 15.000000, var=[-1.0, -1.0, -1.0]);GPS(-43.520600, 172.583000, 46.565840, var=[-1, -1, -1]);0.0;OFFBOARD
13:59:08:140345;[4, 4, 4, 4]4;None;GPS(-43.520600, 172.583000, 0.000000, var=[-1.0, -1.0, -1.0]);GPS(-43.520600, 172.583000, 0.000000, var=[-1.0, -1.0, -1.0]);None;GPS(-43.520600, 172.583000, 15.000000, var=[-1.0, -1.0, -1.0]);GPS(-43.520599, 172.583000, 46.579840, var=[-1, -1, -1]);0.0;OFFBOARD
13:59:09:578625;[4, 4, 4, 4]5;None;GPS(-43.520600, 172.583000, 0.000000, var=[-1.0, -1.0, -1.0]);GPS(-43.520600, 172.583000, 0.000000, var=[-1.0, -1.0, -1.0]);None;GPS(-43.520600, 172.583000, 15.000000, var=[-1.0, -1.0, -1.0]);GPS(-43.520599, 172.583000, 46.578841, var=[-1, -1, -1]);0.0;OFFBOARD
13:59:10:264580;[4, 5, 4, 5]5;None;GPS(-43.520600, 172.583000, 0.000000, var=[-1.0, -1.0, -1.0]);GPS(-43.520600, 172.583000, 0.000000, var=[-1.0, -1.0, -1.0]);None;GPS(-43.520600, 172.583000, 15.000000, var=[-1.0, -1.0, -1.0]);GPS(-43.520599, 172.583000, 46.575841, var=[-1, -1, -1]);0.0;OFFBOARD
13:59:11:117287;[5, 5, 5, 5]5;None;GPS(-43.520600, 172.583000, 0.000000, var=[-1.0, -1.0, -1.0]);GPS(-43.520600, 172.583000, 0.000000, var=[-1.0, -1.0, -1.0]);None;GPS(-43.520600, 172.583000, 15.000000, var=[-1.0, -1.0, -1.0]);GPS(-43.520599, 172.583000, 46.572841, var=[-1, -1, -1]);0.0;OFFBOARD
13:59:12:245317;[5, 5, 5, 5]5;[3.11884862e-07 1.29061597e-06 2.12865218e-03];GPS(-43.520600, 172.583000, 0.002129, var=[0.023960963821097123, 0.023900302253552146, 0.00037989121209510584]);GPS(-43.520600, 172.583000, 0.000000, var=[-1.0, -1.0, -1.0]);[-1.89461835e-02  7.87206768e-02  4.65774558e+01];GPS(-43.520600, 172.583000, 15.002129, var=[0.023960963821097123, 0.023900302253552146, 0.00037989121209510584]);GPS(-43.520599, 172.583000, 46.579840, var=[-1, -1, -1]);0.00212865259707657;OFFBOARD
13:59:13:197512;[5, 5, 5, 5]5;[ 0.00309576 -0.0033072   0.0001498 ];GPS(-43.520600, 172.583000, 0.000150, var=[0.01730664517944831, 0.017342006757824248, 0.0002690936062499171]);GPS(-43.520600, 172.583010, 0.000000, var=[-1.0, -1.0, -1.0]);[-3.12440470e-02  5.51756554e-02  4.65744085e+01];GPS(-43.520600, 172.583000, 15.000150, var=[0.01730664517944831, 0.017342006757824248, 0.0002690936062499171]);GPS(-43.520600, 172.583000, 46.567840, var=[-1, -1, -1]);0.8032153137304576;OFFBOARD
13:59:14:518041;[5, 5, 5, 5]5;[ 0.1973418  -0.19711707  0.02727443];GPS(-43.520602, 172.583002, 0.027274, var=[0.009434862864277499, 0.00945675016038244, 0.00016341308941871172]);GPS(-43.520600, 172.583010, 0.000000, var=[-1.0, -1.0, -1.0]);[-1.12957641e-02  1.86005477e-02  4.65799918e+01];GPS(-43.520602, 172.583002, 15.027274, var=[0.009434862864277499, 0.00945675016038244, 0.00016341308941871172]);GPS(-43.520600, 172.583000, 46.583839, var=[-1, -1, -1]);0.6406514615481828;OFFBOARD
13:59:15:422449;[5, 5, 5, 5]5;[ 0.70366309 -0.09904558  0.00791904];GPS(-43.520601, 172.583009, 0.007919, var=[0.007146164915765973, 0.007158119919463028, 0.00014791147078266727]);GPS(-43.520600, 172.583020, 0.000000, var=[-1.0, -1.0, -1.0]);[ 0.11535849 -0.09197382 46.58810005];GPS(-43.520601, 172.583009, 15.007919, var=[0.007146164915765973, 0.007158119919463028, 0.00014791147078266727]);GPS(-43.520601, 172.583002, 46.590838, var=[-1, -1, -1]);0.9143601567489814;OFFBOARD
13:59:16:278403;[5, 5, 5, 5]5;[ 0.96405817 -0.13337838  0.02359805];GPS(-43.520601, 172.583012, 0.023598, var=[0.005574356246871696, 0.005577223159736899, 0.00013193316263472384]);GPS(-43.520600, 172.583030, 0.000000, var=[-1.0, -1.0, -1.0]);[ 0.38002007 -0.12975892 46.59195283];GPS(-43.520601, 172.583012, 15.023598, var=[0.005574356246871696, 0.005577223159736899, 0.00013193316263472384]);GPS(-43.520601, 172.583006, 46.592839, var=[-1, -1, -1]);1.4611462883170951;OFFBOARD
13:59:17:208323;[5, 5, 5, 5]5;[ 1.51818681 -0.14841252  0.01222658];GPS(-43.520601, 172.583019, 0.012227, var=[0.0055163390860966405, 0.00551987292255979, 0.00017354869074400498]);GPS(-43.520602, 172.583040, 0.000000, var=[-1.0, -1.0, -1.0]);[ 0.76511103 -0.11022118 46.59312906];GPS(-43.520601, 172.583019, 15.012227, var=[0.0055163390860966405, 0.00551987292255979, 0.00017354869074400498]);GPS(-43.520601, 172.583011, 46.589840, var=[-1, -1, -1]);1.708676117823783;OFFBOARD
13:59:18:111904;[5, 5, 5, 5]5;[ 2.23469366 -0.18025425 -0.00581332];GPS(-43.520602, 172.583028, -0.005813, var=[0.005017000484784294, 0.005049676039339984, 0.00016654897694845684]);GPS(-43.520600, 172.583060, 0.000000, var=[-1.0, -1.0, -1.0]);[ 1.1650982  -0.10430859 46.58497098];GPS(-43.520602, 172.583028, 14.994187, var=[0.005017000484784294, 0.005049676039339984, 0.00016654897694845684]);GPS(-43.520601, 172.583016, 46.573841, var=[-1, -1, -1]);2.609371689169237;OFFBOARD
13:59:19:585816;[5, 5, 5, 5]5;[ 3.40548518 -0.32527209 -0.05265532];GPS(-43.520603, 172.583042, -0.052655, var=[0.004326747863163864, 0.004399273387929621, 0.00015416840172878353]);GPS(-43.520600, 172.583070, 0.000000, var=[-1.0, -1.0, -1.0]);[ 2.28184848 -0.15661125 46.52763486];GPS(-43.520603, 172.583042, 14.947345, var=[0.004326747863163864, 0.004399273387929621, 0.00015416840172878353]);GPS(-43.520602, 172.583030, 46.519843, var=[-1, -1, -1]);2.262764646633133;OFFBOARD
13:59:20:217872;[5, 5, 5, 5]5;[ 4.08317255 -0.29759057 -0.10484705];GPS(-43.520603, 172.583051, -0.104847, var=[0.004365763294898957, 0.004444039933617124, 0.0001728885772638957]);GPS(-43.520605, 172.583080, 0.000000, var=[-1.0, -1.0, -1.0]);[ 2.80498433 -0.21327941 46.50504418];GPS(-43.520603, 172.583051, 14.895153, var=[0.004365763294898957, 0.004444039933617124, 0.0001728885772638957]);GPS(-43.520602, 172.583036, 46.500843, var=[-1, -1, -1]);2.383627772223432;OFFBOARD
13:59:21:619536;[5, 5, 5, 5]5;[ 5.78162217 -0.36625755 -0.12636321];GPS(-43.520603, 172.583072, -0.126363, var=[0.0037724605708197995, 0.003848682942763414, 0.0001529414459691934]);GPS(-43.520610, 172.583090, 0.000000, var=[-1.0, -1.0, -1.0]);[ 4.09334726 -0.3433761  46.44777659];GPS(-43.520603, 172.583072, 14.873637, var=[0.0037724605708197995, 0.003848682942763414, 0.0001529414459691934]);GPS(-43.520603, 172.583053, 46.443846, var=[-1, -1, -1]);1.6577064959219796;OFFBOARD
13:59:22:551303;[5, 5, 5, 5]5;[ 6.66147184 -0.55375491 -0.11097555];GPS(-43.520605, 172.583083, -0.110976, var=[0.003807752014906285, 0.0038888518647571682, 0.00016249687512948484]);GPS(-43.520610, 172.583100, 0.000000, var=[-1.0, -1.0, -1.0]);[ 5.18947201 -0.37805386 46.4187425 ];GPS(-43.520605, 172.583083, 14.889024, var=[0.003807752014906285, 0.0038888518647571682, 0.00016249687512948484]);GPS(-43.520603, 172.583067, 46.422848, var=[-1, -1, -1]);1.5127115993160192;OFFBOARD
13:59:23:629378;[5, 5, 5, 5]5;[ 7.68054988 -0.95933104 -0.10921038];GPS(-43.520609, 172.583095, -0.109210, var=[0.003820455879668309, 0.003910734516370986, 0.00016064766318301687]);GPS(-43.520610, 172.583110, 0.000000, var=[-1.0, -1.0, -1.0]);[ 6.46185909 -0.5005489  46.40999443];GPS(-43.520609, 172.583095, 14.890790, var=[0.003820455879668309, 0.003910734516370986, 0.00016064766318301687]);GPS(-43.520605, 172.583081, 46.411849, var=[-1, -1, -1]);1.2035185213908937;OFFBOARD
13:59:24:591512;[5, 5, 5, 5]5;[ 8.49381811 -1.1831841  -0.07030609];GPS(-43.520611, 172.583105, -0.070306, var=[0.003846139758448909, 0.003959377264141987, 0.0001636927734239255]);GPS(-43.520611, 172.583110, 0.000000, var=[-1.0, -1.0, -1.0]);[ 7.37825389 -0.75590615 46.40672664];GPS(-43.520611, 172.583105, 14.929694, var=[0.003846139758448909, 0.003959377264141987, 0.0001636927734239255]);GPS(-43.520608, 172.583093, 46.414846, var=[-1, -1, -1]);0.38413731890665;OFFBOARD
13:59:25:395031;[5, 5, 5, 5]5;[ 9.16474004 -1.29520184 -0.04299948];GPS(-43.520612, 172.583114, -0.042999, var=[0.003875726327155823, 0.004016009643819719, 0.00016751740032576484]);GPS(-43.520610, 172.583120, 0.000000, var=[-1.0, -1.0, -1.0]);[ 8.08952233 -1.04464953 46.42328867];GPS(-43.520612, 172.583114, 14.957001, var=[0.003875726327155823, 0.004016009643819719, 0.00016751740032576484]);GPS(-43.520610, 172.583101, 46.433845, var=[-1, -1, -1]);0.5444817736960915;OFFBOARD
13:59:26:412396;[5, 5, 5, 5]5;[ 9.7063939  -1.43835781  0.02561506];GPS(-43.520613, 172.583120, 0.025615, var=[0.0036556980305411145, 0.003793196676776156, 0.00015082064938260788]);GPS(-43.520610, 172.583130, 0.000000, var=[-1.0, -1.0, -1.0]);[ 8.90227392 -1.32874038 46.45769544];GPS(-43.520613, 172.583120, 15.025615, var=[0.0036556980305411145, 0.003793196676776156, 0.00015082064938260788]);GPS(-43.520612, 172.583111, 46.471844, var=[-1, -1, -1]);0.8418395896475336;OFFBOARD
13:59:27:507828;[5, 5, 5, 5]5;[10.39095238 -1.48186333  0.0640049 ];GPS(-43.520613, 172.583129, 0.064005, var=[0.003717514308210648, 0.00383324054540349, 0.0001560962442706207]);GPS(-43.520610, 172.583140, 0.000000, var=[-1.0, -1.0, -1.0]);[ 9.63299036 -1.50006667 46.50828754];GPS(-43.520613, 172.583129, 15.064005, var=[0.003717514308210648, 0.00383324054540349, 0.0001560962442706207]);GPS(-43.520613, 172.583120, 46.508843, var=[-1, -1, -1]);0.9726730430656139;OFFBOARD
13:59:28:294528;[5, 5, 5, 5]5;[10.87636449 -1.47989289  0.06088106];GPS(-43.520613, 172.583135, 0.060881, var=[0.0037063300189886608, 0.0038070490011153702, 0.00015958472407409945]);GPS(-43.520614, 172.583150, 0.000000, var=[-1.0, -1.0, -1.0]);[10.05519677 -1.55383936 46.52436873];GPS(-43.520613, 172.583135, 15.060881, var=[0.0037063300189886608, 0.0038070490011153702, 0.00015958472407409945]);GPS(-43.520614, 172.583126, 46.512844, var=[-1, -1, -1]);1.2221371085843866;OFFBOARD
13:59:29:266483;[5, 5, 5, 5]5;[11.65144096 -1.50770645  0.04276398];GPS(-43.520614, 172.583145, 0.042764, var=[0.003823805782302851, 0.0039026624722250554, 0.000173546131172518]);GPS(-43.520610, 172.583160, 0.000000, var=[-1.0, -1.0, -1.0]);[10.62923151 -1.55379038 46.5178326 ];GPS(-43.520614, 172.583145, 15.042764, var=[0.003823805782302851, 0.0039026624722250554, 0.000173546131172518]);GPS(-43.520614, 172.583133, 46.505845, var=[-1, -1, -1]);1.3113046534425676;OFFBOARD
13:59:30:540749;[5, 5, 5, 5]5;[12.54043815 -1.62160532 -0.03761532];GPS(-43.520615, 172.583156, -0.037615, var=[0.003589395861945199, 0.003654641429200084, 0.00014481714595191792]);GPS(-43.520610, 172.583170, 0.000000, var=[-1.0, -1.0, -1.0]);[11.49154006 -1.49200493 46.46901025];GPS(-43.520615, 172.583156, 14.962385, var=[0.003589395861945199, 0.003654641429200084, 0.00014481714595191792]);GPS(-43.520613, 172.583144, 46.457848, var=[-1, -1, -1]);1.2737472990009064;OFFBOARD
13:59:31:203642;[5, 5, 5, 5]5;[13.05972507 -1.59015447 -0.0582076 ];GPS(-43.520614, 172.583162, -0.058208, var=[0.0038043671654426105, 0.0038756342051673247, 0.00017055483789538665]);GPS(-43.520610, 172.583170, 0.000000, var=[-1.0, -1.0, -1.0]);[12.01027662 -1.49625875 46.4408864 ];GPS(-43.520614, 172.583162, 14.941792, var=[0.0038043671654426105, 0.0038756342051673247, 0.00017055483789538665]);GPS(-43.520614, 172.583151, 46.428849, var=[-1, -1, -1]);0.8070043735929335;OFFBOARD
13:59:32:264744;[5, 5, 5, 5]5;[14.00555416 -1.49093955 -0.09717433];GPS(-43.520613, 172.583174, -0.097174, var=[0.003859834293789618, 0.003948612463290266, 0.00017059777555595467]);GPS(-43.520610, 172.583180, 0.000000, var=[-1.0, -1.0, -1.0]);[12.84985977 -1.54200085 46.38278094];GPS(-43.520613, 172.583174, 14.902826, var=[0.003859834293789618, 0.003948612463290266, 0.00017059777555595467]);GPS(-43.520614, 172.583161, 46.374851, var=[-1, -1, -1]);0.6411407927698989;OFFBOARD
13:59:33:205504;[5, 5, 5, 5]5;[14.5446364  -1.44494982 -0.06163269];GPS(-43.520613, 172.583180, -0.061633, var=[0.003942809937114973, 0.0040488187326501845, 0.00017663967721565075]);GPS(-43.520610, 172.583180, 0.000000, var=[-1.0, -1.0, -1.0]);[13.59514165 -1.53129589 46.34350462];GPS(-43.520613, 172.583180, 14.938367, var=[0.003942809937114973, 0.0040488187326501845, 0.00017663967721565075]);GPS(-43.520614, 172.583170, 46.351853, var=[-1, -1, -1]);0.3400865976901088;OFFBOARD
13:59:34:423976;[5, 5, 5, 5]5;[15.19422759 -1.3432593  -0.04803592];GPS(-43.520612, 172.583188, -0.048036, var=[0.0037622856045728095, 0.0038758462232728196, 0.000156134273357394]);GPS(-43.520620, 172.583190, 0.000000, var=[-1.0, -1.0, -1.0]);[14.52155822 -1.45450947 46.35321734];GPS(-43.520612, 172.583188, 14.951964, var=[0.0037622856045728095, 0.0038758462232728196, 0.000156134273357394]);GPS(-43.520613, 172.583181, 46.365857, var=[-1, -1, -1]);0.8908403385675909;OFFBOARD
13:59:35:278847;[5, 5, 5, 5]5;[15.59298461 -1.4256711   0.0408762 ];GPS(-43.520613, 172.583193, 0.040876, var=[0.003735547827540906, 0.003853470190677097, 0.00015998966047542823]);GPS(-43.520623, 172.583210, 0.000000, var=[-1.0, -1.0, -1.0]);[15.04289267 -1.38431502 46.37712473];GPS(-43.520613, 172.583193, 15.040876, var=[0.003735547827540906, 0.003853470190677097, 0.00015998966047542823]);GPS(-43.520612, 172.583187, 46.394859, var=[-1, -1, -1]);1.7540449268966685;OFFBOARD
13:59:36:299857;[5, 5, 5, 5]5;[16.13996035 -1.8689581   0.08904258];GPS(-43.520617, 172.583200, 0.089043, var=[0.00392459496480395, 0.00404518072148758, 0.0001740680326010378]);GPS(-43.520620, 172.583220, 0.000000, var=[-1.0, -1.0, -1.0]);[15.53871308 -1.3588029  46.43523048];GPS(-43.520617, 172.583200, 15.089043, var=[0.00392459496480395, 0.00404518072148758, 0.0001740680326010378]);GPS(-43.520613, 172.583193, 46.454859, var=[-1, -1, -1]);1.6400785228746109;OFFBOARD
13:59:37:441709;[5, 5, 5, 5]5;[16.98796275 -2.2714667   0.05400395];GPS(-43.520620, 172.583211, 0.054004, var=[0.0037990354178341875, 0.00390743698438723, 0.0001510478178091956]);GPS(-43.520620, 172.583230, 0.000000, var=[-1.0, -1.0, -1.0]);[16.02726895 -1.5826686  46.50644849];GPS(-43.520620, 172.583211, 15.054004, var=[0.0037990354178341875, 0.00390743698438723, 0.0001510478178091956]);GPS(-43.520615, 172.583200, 46.504857, var=[-1, -1, -1]);1.5586967838817705;OFFBOARD
13:59:38:718875;[5, 5, 5, 5]5;[17.98573512 -2.42668277  0.03213332];GPS(-43.520622, 172.583223, 0.032133, var=[0.0037892578607030426, 0.003876242154578037, 0.00015722645575614414]);GPS(-43.520620, 172.583240, 0.000000, var=[-1.0, -1.0, -1.0]);[16.87168306 -2.09969032 46.50848745];GPS(-43.520622, 172.583223, 15.032133, var=[0.0037892578607030426, 0.003876242154578037, 0.00015722645575614414]);GPS(-43.520620, 172.583211, 46.492852, var=[-1, -1, -1]);1.3809148193632625;OFFBOARD
13:59:39:600170;[5, 5, 5, 5]5;[ 1.86840844e+01 -2.48239491e+00 -1.21377134e-02];GPS(-43.520622, 172.583232, -0.012138, var=[0.0037336904873429885, 0.0037945271977888146, 0.00015300130751839925]);GPS(-43.520628, 172.583243, 0.000000, var=[-1.0, -1.0, -1.0]);[17.56126178 -2.36843348 46.4842335 ];GPS(-43.520622, 172.583232, 14.987862, var=[0.0037336904873429885, 0.0037945271977888146, 0.00015300130751839925]);GPS(-43.520621, 172.583220, 46.469851, var=[-1, -1, -1]);1.1500481834952583;OFFBOARD
13:59:40:278422;[5, 5, 5, 5]5;[19.33565048 -2.57688027 -0.03494435];GPS(-43.520623, 172.583240, -0.034944, var=[0.003981254218201487, 0.004027429811147253, 0.00017948038640470916]);GPS(-43.520628, 172.583243, 0.000000, var=[-1.0, -1.0, -1.0]);[18.13319662 -2.48820226 46.46186616];GPS(-43.520623, 172.583240, 14.965056, var=[0.003981254218201487, 0.004027429811147253, 0.00017948038640470916]);GPS(-43.520622, 172.583227, 46.450852, var=[-1, -1, -1]);0.6412343326326225;OFFBOARD
13:59:41:203945;[5, 5, 5, 5]5;[20.09501343 -2.96435703 -0.06377264];GPS(-43.520627, 172.583249, -0.063773, var=[0.0039031141778556174, 0.003946844982331027, 0.00017172894177218937]);GPS(-43.520628, 172.583243, 0.000000, var=[-1.0, -1.0, -1.0]);[18.99840824 -2.56936311 46.42773496];GPS(-43.520627, 172.583249, 14.936227, var=[0.0039031141778556174, 0.003946844982331027, 0.00017172894177218937]);GPS(-43.520623, 172.583236, 46.423852, var=[-1, -1, -1]);0.5140969052334836;OFFBOARD
13:59:42:566290;[5, 5, 5, 5]5;[20.54534696 -3.23847428 -0.0440817 ];GPS(-43.520629, 172.583255, -0.044082, var=[0.0038367751618900215, 0.003917644032543088, 0.00016180336014509026]);GPS(-43.520628, 172.583242, 0.000000, var=[-1.0, -1.0, -1.0]);[20.02208062 -2.8502194  46.40115025];GPS(-43.520629, 172.583255, 14.955918, var=[0.0038367751618900215, 0.003917644032543088, 0.00016180336014509026]);GPS(-43.520626, 172.583249, 46.407849, var=[-1, -1, -1]);1.0642174273468596;OFFBOARD
13:59:43:593098;[5, 5, 5, 5]5;[ 2.06505943e+01 -3.35544558e+00 -2.04485743e-02];GPS(-43.520630, 172.583256, -0.020449, var=[0.003740538699450719, 0.0038403615080525267, 0.0001516643974339825]);GPS(-43.520628, 172.583242, 0.000000, var=[-1.0, -1.0, -1.0]);[20.59288171 -3.1888153  46.41616418];GPS(-43.520630, 172.583256, 14.979551, var=[0.003740538699450719, 0.0038403615080525267, 0.0001516643974339825]);GPS(-43.520629, 172.583255, 46.430846, var=[-1, -1, -1]);1.182971328300615;OFFBOARD
13:59:44:282718;[5, 5, 5, 5]5;[ 2.06927577e+01 -3.41612053e+00  6.05778533e-03];GPS(-43.520631, 172.583257, 0.006058, var=[0.004006530762768686, 0.00410686975851227, 0.00017557265232518422]);GPS(-43.520628, 172.583242, 0.000000, var=[-1.0, -1.0, -1.0]);[20.78067011 -3.36001235 46.44272913];GPS(-43.520631, 172.583257, 15.006058, var=[0.004006530762768686, 0.00410686975851227, 0.00017557265232518422]);GPS(-43.520630, 172.583257, 46.459845, var=[-1, -1, -1]);1.2359608156593316;OFFBOARD
13:59:45:355268;[5, 5, 5, 5]5;[20.49933215 -3.40692541  0.03844999];GPS(-43.520631, 172.583254, 0.038450, var=[0.0038292489464030813, 0.0038864101328535167, 0.00015222408584277263]);GPS(-43.520628, 172.583242, 0.000000, var=[-1.0, -1.0, -1.0]);[20.79512561 -3.47592646 46.49238622];GPS(-43.520631, 172.583254, 15.038450, var=[0.0038292489464030813, 0.0038864101328535167, 0.00015222408584277263]);GPS(-43.520631, 172.583257, 46.493844, var=[-1, -1, -1]);1.0462781565696304;OFFBOARD
13:59:46:531421;[5, 5, 5, 5]5;[20.27126199 -3.3730314   0.04093898];GPS(-43.520630, 172.583251, 0.040939, var=[0.0037734029450207365, 0.003792733266915803, 0.00015150061497909724]);GPS(-43.520628, 172.583242, 0.000000, var=[-1.0, -1.0, -1.0]);[20.61737902 -3.47096898 46.52199255];GPS(-43.520630, 172.583251, 15.040939, var=[0.0037734029450207365, 0.003792733266915803, 0.00015150061497909724]);GPS(-43.520631, 172.583255, 46.524843, var=[-1, -1, -1]);0.8175053014908485;OFFBOARD
13:59:47:411511;[5, 5, 5, 5]5;[20.06867572 -3.32599378  0.02811466];GPS(-43.520630, 172.583249, 0.028115, var=[0.0035846351495297836, 0.003591600779365468, 0.0001361427197962422]);GPS(-43.520628, 172.583242, 0.000000, var=[-1.0, -1.0, -1.0]);[20.4013291  -3.42239884 46.53407202];GPS(-43.520630, 172.583249, 15.028115, var=[0.0035846351495297836, 0.003591600779365468, 0.0001361427197962422]);GPS(-43.520631, 172.583252, 46.528843, var=[-1, -1, -1]);0.6094727540944189;OFFBOARD
13:59:48:290596;[5, 5, 5, 5]5;[ 1.99685107e+01 -3.30724651e+00  1.28977597e-02];GPS(-43.520630, 172.583248, 0.012898, var=[0.003843697493110458, 0.003844100169254048, 0.0001647928888860316]);GPS(-43.520628, 172.583242, 0.000000, var=[-1.0, -1.0, -1.0]);[20.20091063 -3.36858497 46.53907754];GPS(-43.520630, 172.583248, 15.012898, var=[0.003843697493110458, 0.003844100169254048, 0.0001647928888860316]);GPS(-43.520630, 172.583250, 46.530843, var=[-1, -1, -1]);0.5077873861930575;OFFBOARD
13:59:49:257857;[5, 5, 5, 5]5;[ 1.98217890e+01 -3.27694772e+00 -1.23694728e-02];GPS(-43.520629, 172.583246, -0.012369, var=[0.0038656760409320127, 0.0038505117531335, 0.00015086196498913]);GPS(-43.520627, 172.583243, 0.000000, var=[-1.0, -1.0, -1.0]);[19.98457286 -3.3200382  46.51696633];GPS(-43.520629, 172.583246, 14.987631, var=[0.0038656760409320127, 0.0038505117531335, 0.00015086196498913]);GPS(-43.520630, 172.583248, 46.506843, var=[-1, -1, -1]);0.37152565693372314;OFFBOARD
13:59:50:180360;[5, 5, 5, 5]5;[19.71649621 -3.24885068 -0.0305371 ];GPS(-43.520629, 172.583245, -0.030537, var=[0.003943882893489682, 0.003920380887987033, 0.00016650436687309778]);GPS(-43.520627, 172.583242, 0.000000, var=[-1.0, -1.0, -1.0]);[19.8510166  -3.28836272 46.48351277];GPS(-43.520629, 172.583245, 14.969463, var=[0.003943882893489682, 0.003920380887987033, 0.00016650436687309778]);GPS(-43.520630, 172.583246, 46.478844, var=[-1, -1, -1]);0.36696674911649846;OFFBOARD
13:59:51:660504;[5, 5, 5, 5]5;[19.65432763 -3.09469358 -0.04347314];GPS(-43.520628, 172.583244, -0.043473, var=[0.003748115472443347, 0.003723994822392425, 0.00014246779322982686]);GPS(-43.520627, 172.583242, 0.000000, var=[-1.0, -1.0, -1.0]);[19.68480329 -3.23247948 46.45842395];GPS(-43.520628, 172.583244, 14.956527, var=[0.003748115472443347, 0.003723994822392425, 0.00014246779322982686]);GPS(-43.520629, 172.583244, 46.456844, var=[-1, -1, -1]);0.21702293591675886;OFFBOARD
13:59:52:601577;[5, 5, 5, 5]5;[19.60581172 -3.03444307 -0.03875265];GPS(-43.520627, 172.583243, -0.038753, var=[0.003909262811546702, 0.003886398640421479, 0.00015428398406411854]);GPS(-43.520627, 172.583242, 0.000000, var=[-1.0, -1.0, -1.0]);[19.61672252 -3.16598431 46.44402127];GPS(-43.520627, 172.583243, 14.961247, var=[0.003909262811546702, 0.003886398640421479, 0.00015428398406411854]);GPS(-43.520628, 172.583244, 46.444845, var=[-1, -1, -1]);0.14396803950011972;OFFBOARD
13:59:53:352650;[5, 5, 5, 5]5;[19.5720057  -2.99180014 -0.02480754];GPS(-43.520627, 172.583243, -0.024808, var=[0.004123806554185611, 0.004098850835129128, 0.00016289303985958693]);GPS(-43.520627, 172.583242, 0.000000, var=[-1.0, -1.0, -1.0]);[19.59818372 -3.09579856 46.4448806 ];GPS(-43.520627, 172.583243, 14.975192, var=[0.004123806554185611, 0.004098850835129128, 0.00016289303985958693]);GPS(-43.520628, 172.583243, 46.451846, var=[-1, -1, -1]);0.09367045989795264;OFFBOARD
13:59:53:949256;[5, 5, 5, 5]5;[ 1.95490271e+01 -2.96830145e+00 -1.00723792e-02];GPS(-43.520627, 172.583242, -0.010072, var=[0.0037036953886015575, 0.003681068158671673, 0.00013143923075333434]);GPS(-43.520625, 172.583245, 0.000000, var=[-1.0, -1.0, -1.0]);[19.58611414 -3.05816107 46.45112471];GPS(-43.520627, 172.583242, 14.989928, var=[0.0037036953886015575, 0.003681068158671673, 0.00013143923075333434]);GPS(-43.520627, 172.583243, 46.455846, var=[-1, -1, -1]);0.2789389126601429;OFFBOARD
13:59:54:480344;[5, 5, 5, 5]5;[ 1.95600570e+01 -2.92496621e+00  9.70058738e-03];GPS(-43.520626, 172.583243, 0.009701, var=[0.003451925169906501, 0.003433883960036122, 0.00012387388479018498]);GPS(-43.520625, 172.583250, 0.000000, var=[-1.0, -1.0, -1.0]);[19.57022769 -3.0237     46.45176443];GPS(-43.520626, 172.583243, 15.009701, var=[0.003451925169906501, 0.003433883960036122, 0.00012387388479018498]);GPS(-43.520627, 172.583243, 46.451847, var=[-1, -1, -1]);0.6149885829372119;OFFBOARD
13:59:55:640978;[5, 5, 5, 5]5;[19.69068511 -2.8308521   0.03245973];GPS(-43.520625, 172.583244, 0.032460, var=[0.003744103271153751, 0.0037286056713494997, 0.00015130876853024694]);GPS(-43.520627, 172.583252, 0.000000, var=[-1.0, -1.0, -1.0]);[19.54781898 -2.94684167 46.46064781];GPS(-43.520625, 172.583244, 15.032460, var=[0.003744103271153751, 0.0037286056713494997, 0.00015130876853024694]);GPS(-43.520626, 172.583243, 46.464848, var=[-1, -1, -1]);0.6169847051139036;OFFBOARD
13:59:56:205083;[5, 5, 5, 5]5;[19.79986826 -2.79893971  0.02145977];GPS(-43.520625, 172.583246, 0.021460, var=[0.003837483420114869, 0.003823254823693538, 0.00015922562304145765]);GPS(-43.520627, 172.583252, 0.000000, var=[-1.0, -1.0, -1.0]);[19.56451463 -2.89292265 46.46908785];GPS(-43.520625, 172.583246, 15.021460, var=[0.003837483420114869, 0.003823254823693538, 0.00015922562304145765]);GPS(-43.520626, 172.583243, 46.469849, var=[-1, -1, -1]);0.5198906423663489;OFFBOARD
13:59:57:297017;[5, 5, 5, 5]5;[ 2.00298642e+01 -2.83532545e+00  7.90371447e-03];GPS(-43.520625, 172.583248, 0.007904, var=[0.0038823859713388734, 0.0038682487958303174, 0.00016342767895566028]);GPS(-43.520627, 172.583253, 0.000000, var=[-1.0, -1.0, -1.0]);[19.68980941 -2.7592511  46.47256028];GPS(-43.520625, 172.583248, 15.007904, var=[0.0038823859713388734, 0.0038682487958303174, 0.00016342767895566028]);GPS(-43.520625, 172.583245, 46.465851, var=[-1, -1, -1]);0.4173123057866934;OFFBOARD
13:59:58:526394;[5, 5, 5, 5]5;[ 2.02355038e+01 -2.85969654e+00 -3.22377729e-03];GPS(-43.520626, 172.583251, -0.003224, var=[0.0038721685595439572, 0.0038611194876753663, 0.0001512416922200805]);GPS(-43.520630, 172.583253, 0.000000, var=[-1.0, -1.0, -1.0]);[19.95915418 -2.70199761 46.45902193];GPS(-43.520626, 172.583251, 14.996776, var=[0.0038721685595439572, 0.0038611194876753663, 0.0001512416922200805]);GPS(-43.520624, 172.583248, 46.453852, var=[-1, -1, -1]);0.5129931337688616;OFFBOARD
13:59:59:327424;[5, 5, 5, 5]5;[20.32845749 -2.91940381 -0.02623422];GPS(-43.520626, 172.583252, -0.026234, var=[0.0036905542764279005, 0.0036883190422279037, 0.0001397308069190887]);GPS(-43.520635, 172.583255, 0.000000, var=[-1.0, -1.0, -1.0]);[20.14869876 -2.71638102 46.43797048];GPS(-43.520626, 172.583252, 14.973766, var=[0.0036905542764279005, 0.0036883190422279037, 0.0001397308069190887]);GPS(-43.520625, 172.583250, 46.434852, var=[-1, -1, -1]);1.0001249315958125;OFFBOARD
14:00:00:145438;[5, 5, 5, 5]5;[20.38643293 -3.0724132  -0.04207099];GPS(-43.520628, 172.583253, -0.042071, var=[0.0038230960357271354, 0.0038325765452477353, 0.00016359221951818225]);GPS(-43.520642, 172.583270, 0.000000, var=[-1.0, -1.0, -1.0]);[20.28512218 -2.75742383 46.42055554];GPS(-43.520628, 172.583253, 14.957929, var=[0.0038230960357271354, 0.0038325765452477353, 0.00016359221951818225]);GPS(-43.520625, 172.583252, 46.412852, var=[-1, -1, -1]);2.086248262676999;OFFBOARD
14:00:01:562438;[5, 5, 5, 5]5;[20.59065046 -3.53072176 -0.04190491];GPS(-43.520632, 172.583255, -0.041905, var=[0.0038332642217765826, 0.0038657859083963855, 0.00015217017625995558]);GPS(-43.520652, 172.583302, 0.000000, var=[-1.0, -1.0, -1.0]);[20.42871112 -2.97494771 46.39198468];GPS(-43.520632, 172.583255, 14.958095, var=[0.0038332642217765826, 0.0038657859083963855, 0.00015217017625995558]);GPS(-43.520627, 172.583253, 46.393849, var=[-1, -1, -1]);4.340429986133243;OFFBOARD
14:00:02:146683;[5, 5, 5, 5]5;[20.90172805 -3.85918379 -0.0669237 ];GPS(-43.520635, 172.583259, -0.066924, var=[0.003915483955856401, 0.0039526528676874445, 0.00016178946933851783]);GPS(-43.520665, 172.583325, 0.000000, var=[-1.0, -1.0, -1.0]);[20.48785134 -3.12951322 46.38881305];GPS(-43.520635, 172.583259, 14.933076, var=[0.003915483955856401, 0.0039526528676874445, 0.00016178946933851783]);GPS(-43.520629, 172.583254, 46.389846, var=[-1, -1, -1]);6.282884732478621;OFFBOARD
14:00:03:509665;[5, 5, 5, 5]5;[22.63026809 -5.34702725 -0.31034376];GPS(-43.520648, 172.583281, -0.310344, var=[0.0037912564415931416, 0.0038326544213368955, 0.00015542123363624857]);GPS(-43.520673, 172.583338, 0.000000, var=[-1.0, -1.0, -1.0]);[20.91145498 -3.7343493  46.31029262];GPS(-43.520648, 172.583281, 14.689656, var=[0.0037912564415931416, 0.0038326544213368955, 0.00015542123363624857]);GPS(-43.520636, 172.583263, 46.256837, var=[-1, -1, -1]);5.44028120085154;OFFBOARD
14:00:04:150176;[5, 5, 5, 5]5;[23.60347171 -6.10437081 -0.4710122 ];GPS(-43.520655, 172.583293, -0.471012, var=[0.0039020633455598428, 0.003951275806080978, 0.00017640126570351805]);GPS(-43.520682, 172.583352, 0.000000, var=[-1.0, -1.0, -1.0]);[21.43413809 -4.23314125 46.22479306];GPS(-43.520655, 172.583293, 14.528988, var=[0.0039020633455598428, 0.003951275806080978, 0.00017640126570351805]);GPS(-43.520641, 172.583271, 46.157831, var=[-1, -1, -1]);5.626630779282256;OFFBOARD
14:00:05:734427;[5, 5, 5, 5]5;[26.29999693 -7.97463034 -0.7562285 ];GPS(-43.520672, 172.583326, -0.756229, var=[0.0037966146701421477, 0.0039056668736495966, 0.00018139651866420838]);GPS(-43.520687, 172.583365, 0.000000, var=[-1.0, -1.0, -1.0]);[23.78517565 -6.11832764 45.87093412];GPS(-43.520672, 172.583326, 14.243771, var=[0.0037966146701421477, 0.0039056668736495966, 0.00018139651866420838]);GPS(-43.520658, 172.583301, 45.819810, var=[-1, -1, -1]);3.623886431083451;OFFBOARD
14:00:06:482023;[5, 5, 5, 5]5;[27.47613967 -8.76033789 -0.80216077];GPS(-43.520679, 172.583341, -0.802161, var=[0.0038659431441140165, 0.004030062952205834, 0.00019953364389191144]);GPS(-43.520690, 172.583370, 0.000000, var=[-1.0, -1.0, -1.0]);[25.25733685 -7.18036452 45.71137367];GPS(-43.520679, 172.583341, 14.197839, var=[0.0038659431441140165, 0.004030062952205834, 0.00019953364389191144]);GPS(-43.520666, 172.583317, 45.720800, var=[-1, -1, -1]);2.784774952827559;OFFBOARD
14:00:07:286927;[5, 5, 5, 5]5;[29.01102899 -9.33522657 -0.72954604];GPS(-43.520684, 172.583360, -0.729546, var=[0.0040143339275158915, 0.004260833818539219, 0.00021831219585043826]);GPS(-43.520690, 172.583368, 0.000000, var=[-1.0, -1.0, -1.0]);[26.69566097 -8.17480599 45.63326352];GPS(-43.520684, 172.583360, 14.270454, var=[0.0040143339275158915, 0.004260833818539219, 0.00021831219585043826]);GPS(-43.520674, 172.583333, 45.680791, var=[-1, -1, -1]);1.2072181811211635;OFFBOARD
14:00:08:443033;[5, 5, 5, 5]5;[ 30.5083054  -10.1500055   -0.25704178];GPS(-43.520691, 172.583378, -0.257042, var=[0.0036836050174221075, 0.004027952594982759, 0.0001765370553035246]);GPS(-43.520690, 172.583368, 0.000000, var=[-1.0, -1.0, -1.0]);[28.55901773 -9.21018281 45.72056721];GPS(-43.520691, 172.583378, 14.742958, var=[0.0036836050174221075, 0.004027952594982759, 0.0001765370553035246]);GPS(-43.520683, 172.583357, 45.815394, var=[-1, -1, -1]);0.8611296772201535;OFFBOARD
14:00:09:491623;[5, 5, 5, 5]5;[ 31.19207108 -10.60634286   0.11552163];GPS(-43.520695, 172.583387, 0.115522, var=[0.003625972033255623, 0.00403417073750231, 0.00017667973228010516]);GPS(-43.520692, 172.583363, 0.000000, var=[-1.0, -1.0, -1.0]);[30.21402864 -9.98896423 46.03288823];GPS(-43.520695, 172.583387, 15.115522, var=[0.003625972033255623, 0.00403417073750231, 0.00017667973228010516]);GPS(-43.520690, 172.583376, 46.140388, var=[-1, -1, -1]);1.9443349496801126;OFFBOARD
14:00:10:737097;[5, 5, 5, 5]5;[ 31.29054661 -10.97935156   0.41861142];GPS(-43.520699, 172.583388, 0.418611, var=[0.0035810738056023207, 0.003973570754677583, 0.0001548804183068363]);GPS(-43.520692, 172.583358, 0.000000, var=[-1.0, -1.0, -1.0]);[ 31.41783457 -10.66368079  46.49196721];GPS(-43.520699, 172.583388, 15.418611, var=[0.0035810738056023207, 0.003973570754677583, 0.0001548804183068363]);GPS(-43.520696, 172.583388, 46.534381, var=[-1, -1, -1]);2.5581379564999063;OFFBOARD
14:00:11:444642;[5, 5, 5, 5]5;[ 30.96655097 -11.18861799   0.47545359];GPS(-43.520701, 172.583384, 0.475454, var=[0.0034986743602016123, 0.0038539103685658683, 0.00014610717246403196]);GPS(-43.520690, 172.583357, 0.000000, var=[-1.0, -1.0, -1.0]);[ 31.6383779  -10.92103444  46.69337437];GPS(-43.520701, 172.583384, 15.475454, var=[0.0034986743602016123, 0.0038539103685658683, 0.00014610717246403196]);GPS(-43.520698, 172.583390, 46.703378, var=[-1, -1, -1]);2.5490896870709006;OFFBOARD
14:00:12:433086;[5, 5, 5, 5]5;[ 30.44990965 -11.39722071   0.38788712];GPS(-43.520702, 172.583378, 0.387887, var=[0.003695249034548307, 0.004000896154372467, 0.00016163394203093853]);GPS(-43.520690, 172.583357, 0.000000, var=[-1.0, -1.0, -1.0]);[ 31.50028754 -11.19902105  46.86683085];GPS(-43.520702, 172.583378, 15.387887, var=[0.003695249034548307, 0.004000896154372467, 0.00016163394203093853]);GPS(-43.520701, 172.583388, 46.812374, var=[-1, -1, -1]);2.223416888466842;OFFBOARD
14:00:13:638564;[5, 5, 5, 5]5;[ 29.82496261 -11.19146073   0.10066209];GPS(-43.520701, 172.583370, 0.100662, var=[0.003669553715577155, 0.0038328073940680323, 0.0001437595446204295]);GPS(-43.520690, 172.583355, 0.000000, var=[-1.0, -1.0, -1.0]);[ 30.73841979 -11.39294121  46.80416081];GPS(-43.520701, 172.583370, 15.100662, var=[0.003669553715577155, 0.0038328073940680323, 0.0001437595446204295]);GPS(-43.520702, 172.583379, 46.732369, var=[-1, -1, -1]);1.6895496152987963;OFFBOARD
14:00:14:753456;[5, 5, 5, 5]5;[ 29.4293308  -10.99552999  -0.11430773];GPS(-43.520699, 172.583365, -0.114308, var=[0.00373042806601967, 0.0037946233063382144, 0.00014762748839064775]);GPS(-43.520690, 172.583355, 0.000000, var=[-1.0, -1.0, -1.0]);[ 30.02136568 -11.36845299  46.61804348];GPS(-43.520699, 172.583365, 14.885692, var=[0.00373042806601967, 0.0037946233063382144, 0.00014762748839064775]);GPS(-43.520702, 172.583371, 46.561369, var=[-1, -1, -1]);1.2798672120997618;OFFBOARD
14:00:15:585765;[5, 5, 5, 5]5;[ 29.2063563  -10.73404947  -0.24435485];GPS(-43.520697, 172.583362, -0.244355, var=[0.00374836693635656, 0.0037486526411690583, 0.00014583882826935414]);GPS(-43.520692, 172.583357, 0.000000, var=[-1.0, -1.0, -1.0]);[ 29.57605487 -11.19398032  46.45245706];GPS(-43.520697, 172.583362, 14.755645, var=[0.00374836693635656, 0.0037486526411690583, 0.00014583882826935414]);GPS(-43.520700, 172.583367, 46.421370, var=[-1, -1, -1]);0.7439376894325506;OFFBOARD
14:00:16:307208;[5, 5, 5, 5]5;[ 29.10492738 -10.58200547  -0.27460321];GPS(-43.520695, 172.583361, -0.274603, var=[0.004061331710666119, 0.004024786439795231, 0.00017368801390238304]);GPS(-43.520690, 172.583347, 0.000000, var=[-1.0, -1.0, -1.0]);[ 29.30373023 -10.99942578  46.33910301];GPS(-43.520695, 172.583361, 14.725397, var=[0.004061331710666119, 0.004024786439795231, 0.00017368801390238304]);GPS(-43.520698, 172.583363, 46.329373, var=[-1, -1, -1]);1.3171659298441685;OFFBOARD
14:00:17:303244;[5, 5, 5, 5]5;[ 28.89618237 -10.48245435  -0.2172151 ];GPS(-43.520694, 172.583358, -0.217215, var=[0.003987739457150403, 0.003904518697824405, 0.0001555027273450448]);GPS(-43.520688, 172.583338, 0.000000, var=[-1.0, -1.0, -1.0]);[ 29.06037829 -10.63275142  46.24086245];GPS(-43.520694, 172.583358, 14.782785, var=[0.003987739457150403, 0.003904518697824405, 0.0001555027273450448]);GPS(-43.520695, 172.583361, 46.274376, var=[-1, -1, -1]);1.759334794789709;OFFBOARD
14:00:18:530973;[5, 5, 5, 5]5;[ 28.34568967 -10.31070701  -0.12593887];GPS(-43.520693, 172.583352, -0.125939, var=[0.003877368114987713, 0.0037810981140350454, 0.0001478227831094364]);GPS(-43.520687, 172.583327, 0.000000, var=[-1.0, -1.0, -1.0]);[ 28.8604238  -10.3559047   46.27031567];GPS(-43.520693, 172.583352, 14.874061, var=[0.003877368114987713, 0.0037810981140350454, 0.0001478227831094364]);GPS(-43.520693, 172.583358, 46.302379, var=[-1, -1, -1]);2.120279240034585;OFFBOARD
14:00:19:317541;[5, 5, 5, 5]5;[ 27.85139881 -10.22430919  -0.07426844];GPS(-43.520692, 172.583345, -0.074268, var=[0.004015723932124422, 0.003926453030284945, 0.00016655192369060865]);GPS(-43.520683, 172.583317, 0.000000, var=[-1.0, -1.0, -1.0]);[ 28.65165289 -10.28030051  46.32297129];GPS(-43.520692, 172.583345, 14.925732, var=[0.004015723932124422, 0.003926453030284945, 0.00016655192369060865]);GPS(-43.520693, 172.583354, 46.352379, var=[-1, -1, -1]);2.50968341253853;OFFBOARD
14:00:20:605936;[5, 5, 5, 5]5;[ 2.66908448e+01 -1.00178168e+01 -8.18097650e-03];GPS(-43.520690, 172.583331, -0.008181, var=[0.0037389280151119563, 0.003693684538455588, 0.00013769461987432556]);GPS(-43.520677, 172.583310, 0.000000, var=[-1.0, -1.0, -1.0]);[ 27.96825177 -10.19439169  46.41108933];GPS(-43.520690, 172.583331, 14.991819, var=[0.0037389280151119563, 0.003693684538455588, 0.00013769461987432556]);GPS(-43.520692, 172.583345, 46.420379, var=[-1, -1, -1]);2.2590157685140344;OFFBOARD
14:00:21:542936;[5, 5, 5, 5]5;[ 2.58775307e+01 -9.70995695e+00  1.91955363e-03];GPS(-43.520687, 172.583321, 0.001920, var=[0.0036352344807069606, 0.003589640799449899, 0.00013704845036762405]);GPS(-43.520670, 172.583305, 0.000000, var=[-1.0, -1.0, -1.0]);[ 27.14756509 -10.07982133  46.45869675];GPS(-43.520687, 172.583321, 15.001920, var=[0.0036352344807069606, 0.003589640799449899, 0.00013704845036762405]);GPS(-43.520690, 172.583335, 46.453378, var=[-1, -1, -1]);2.3157175546402917;OFFBOARD
14:00:22:442934;[5, 5, 5, 5]5;[25.17024402 -9.22152049 -0.03135228];GPS(-43.520683, 172.583312, -0.031352, var=[0.0038557871987080876, 0.003786641780139101, 0.00016535996991417755]);GPS(-43.520658, 172.583303, 0.000000, var=[-1.0, -1.0, -1.0]);[26.26817057 -9.882892   46.4671037 ];GPS(-43.520683, 172.583312, 14.968648, var=[0.0038557871987080876, 0.003786641780139101, 0.00016535996991417755]);GPS(-43.520688, 172.583324, 46.457766, var=[-1, -1, -1]);2.8265643857016185;OFFBOARD
14:00:23:729342;[5, 5, 5, 5]5;[24.46979391 -8.29767321 -0.074977  ];GPS(-43.520675, 172.583303, -0.074977, var=[0.003925605269732051, 0.0037913629494678676, 0.00015355282760786423]);GPS(-43.520652, 172.583295, 0.000000, var=[-1.0, -1.0, -1.0]);[25.18730714 -9.35920549 46.43148847];GPS(-43.520675, 172.583303, 14.925023, var=[0.003925605269732051, 0.0037913629494678676, 0.00015355282760786423]);GPS(-43.520683, 172.583311, 46.414772, var=[-1, -1, -1]);2.6436726864839093;OFFBOARD
14:00:24:419387;[5, 5, 5, 5]5;[24.1050872  -7.59314039 -0.14388381];GPS(-43.520668, 172.583299, -0.143884, var=[0.003996474361861982, 0.0038270360445665794, 0.000161230149082175]);GPS(-43.520650, 172.583285, 0.000000, var=[-1.0, -1.0, -1.0]);[24.68554108 -8.89571768 46.39769257];GPS(-43.520668, 172.583299, 14.856116, var=[0.003996474361861982, 0.0038270360445665794, 0.000161230149082175]);GPS(-43.520679, 172.583306, 46.377778, var=[-1, -1, -1]);2.3285086836744746;OFFBOARD
14:00:25:172504;[5, 5, 5, 5]5;[23.7412756  -6.89304415 -0.22481932];GPS(-43.520662, 172.583294, -0.224819, var=[0.003937525425013183, 0.0037537363856531983, 0.00016046330677680688]);GPS(-43.520645, 172.583273, 0.000000, var=[-1.0, -1.0, -1.0]);[24.3092645  -8.35118187 46.34599113];GPS(-43.520662, 172.583294, 14.775181, var=[0.003937525425013183, 0.0037537363856531983, 0.00016046330677680688]);GPS(-43.520673, 172.583301, 46.310787, var=[-1, -1, -1]);2.552976587457201;OFFBOARD
14:00:26:631034;[5, 5, 5, 5]5;[22.85797735 -5.9049794  -0.29184473];GPS(-43.520653, 172.583283, -0.291845, var=[0.00404936013193842, 0.0038194094039321422, 0.0001582130237062254]);GPS(-43.520645, 172.583263, 0.000000, var=[-1.0, -1.0, -1.0]);[23.6057832  -6.84948132 46.19991243];GPS(-43.520653, 172.583283, 14.708155, var=[0.00404936013193842, 0.0038194094039321422, 0.0001582130237062254]);GPS(-43.520660, 172.583292, 46.185804, var=[-1, -1, -1]);1.881207137365323;OFFBOARD
14:00:27:318681;[5, 5, 5, 5]5;[22.36670183 -5.45282566 -0.3155795 ];GPS(-43.520649, 172.583277, -0.315580, var=[0.004343926607113198, 0.004094199922850617, 0.00018367936327331439]);GPS(-43.520640, 172.583255, 0.000000, var=[-1.0, -1.0, -1.0]);[23.24078094 -6.22072355 46.14535802];GPS(-43.520649, 172.583277, 14.684420, var=[0.004343926607113198, 0.004094199922850617, 0.00018367936327331439]);GPS(-43.520656, 172.583287, 46.145811, var=[-1, -1, -1]);2.0907174993064364;OFFBOARD
14:00:28:214655;[5, 5, 5, 5]5;[21.67241146 -4.93846298 -0.25926278];GPS(-43.520644, 172.583269, -0.259263, var=[0.004228650192374077, 0.004027426567882156, 0.00016982499336657574]);GPS(-43.520633, 172.583247, 0.000000, var=[-1.0, -1.0, -1.0]);[22.71582229 -5.60963704 46.1098971 ];GPS(-43.520644, 172.583269, 14.740737, var=[0.004228650192374077, 0.004027426567882156, 0.00016982499336657574]);GPS(-43.520651, 172.583280, 46.136817, var=[-1, -1, -1]);2.1831366029845203;OFFBOARD
14:00:29:672667;[5, 5, 5, 5]5;[20.6928029  -4.37217565 -0.15717579];GPS(-43.520639, 172.583257, -0.157176, var=[0.004049580499259352, 0.003883548221445624, 0.00015670616955255228]);GPS(-43.520630, 172.583242, 0.000000, var=[-1.0, -1.0, -1.0]);[21.74949859 -4.91604514 46.15621586];GPS(-43.520639, 172.583257, 14.842824, var=[0.004049580499259352, 0.003883548221445624, 0.00015670616955255228]);GPS(-43.520643, 172.583267, 46.179826, var=[-1, -1, -1]);1.5986897676442098;OFFBOARD
14:00:30:327720;[5, 5, 5, 5]5;[20.19032744 -3.97047988 -0.11389342];GPS(-43.520636, 172.583250, -0.113893, var=[0.004294723516239009, 0.004110550884608637, 0.00018030415920360383]);GPS(-43.520623, 172.583227, 0.000000, var=[-1.0, -1.0, -1.0]);[21.18666326 -4.55553707 46.19544347];GPS(-43.520636, 172.583250, 14.886107, var=[0.004294723516239009, 0.004110550884608637, 0.00018030415920360383]);GPS(-43.520640, 172.583261, 46.214829, var=[-1, -1, -1]);2.3600690687310903;OFFBOARD
14:00:31:440253;[5, 5, 5, 5]5;[19.28940772 -3.45209865 -0.06194323];GPS(-43.520631, 172.583239, -0.061943, var=[0.004271194689233757, 0.00407147307562195, 0.00017092940044252926]);GPS(-43.520620, 172.583212, 0.000000, var=[-1.0, -1.0, -1.0]);[20.32768061 -4.03396239 46.27010448];GPS(-43.520631, 172.583239, 14.938057, var=[0.004271194689233757, 0.00407147307562195, 0.00017092940044252926]);GPS(-43.520636, 172.583251, 46.280835, var=[-1, -1, -1]);2.540159826798088;OFFBOARD
14:00:32:756417;[5, 5, 5, 5]5;[18.13367004 -2.95397713 -0.09625472];GPS(-43.520627, 172.583225, -0.096255, var=[0.003832710878508237, 0.0036382951702061584, 0.00014139116012184218]);GPS(-43.520610, 172.583195, 0.000000, var=[-1.0, -1.0, -1.0]);[19.36985886 -3.44772881 46.32288656];GPS(-43.520627, 172.583225, 14.903745, var=[0.003832710878508237, 0.0036382951702061584, 0.00014139116012184218]);GPS(-43.520630, 172.583238, 46.311841, var=[-1, -1, -1]);3.0354541017242584;OFFBOARD
14:00:33:237151;[5, 5, 5, 5]5;[17.6032459  -2.71054853 -0.11428781];GPS(-43.520624, 172.583218, -0.114288, var=[0.004098913889062667, 0.003892389824086751, 0.0001770892342625242]);GPS(-43.520598, 172.583180, 0.000000, var=[-1.0, -1.0, -1.0]);[18.94391754 -3.21425095 46.32702596];GPS(-43.520624, 172.583218, 14.885712, var=[0.004098913889062667, 0.003892389824086751, 0.0001770892342625242]);GPS(-43.520629, 172.583233, 46.310843, var=[-1, -1, -1]);4.236250184421697;OFFBOARD
14:00:34:317688;[5, 5, 5, 5]5;[16.23875299 -1.95251796 -0.26933419];GPS(-43.520618, 172.583201, -0.269334, var=[0.004082443269044914, 0.0038738680075920476, 0.00017009863195606423]);GPS(-43.520587, 172.583170, 0.000000, var=[-1.0, -1.0, -1.0]);[17.92802398 -2.73543521 46.29092618];GPS(-43.520618, 172.583201, 14.730666, var=[0.004082443269044914, 0.0038738680075920476, 0.00017009863195606423]);GPS(-43.520624, 172.583220, 46.257847, var=[-1, -1, -1]);4.275683571615217;OFFBOARD
14:00:35:557883;[5, 5, 5, 5]5;[14.7877179  -0.82375528 -0.42044313];GPS(-43.520607, 172.583183, -0.420443, var=[0.004110480350926428, 0.0038577876643907604, 0.00017225284832835452]);GPS(-43.520573, 172.583160, 0.000000, var=[-1.0, -1.0, -1.0]);[16.50718269 -2.07541811 46.15641156];GPS(-43.520607, 172.583183, 14.579557, var=[0.004110480350926428, 0.0038577876643907604, 0.00017225284832835452]);GPS(-43.520617, 172.583202, 46.121854, var=[-1, -1, -1]);4.253603570676687;OFFBOARD
14:00:36:530835;[5, 5, 5, 5]5;[13.85420876  0.24069357 -0.52524605];GPS(-43.520598, 172.583172, -0.525246, var=[0.004183663107947113, 0.0038758119700052955, 0.0001755844102043965]);GPS(-43.520562, 172.583142, 0.000000, var=[-1.0, -1.0, -1.0]);[15.3360396  -1.34260079 46.03461606];GPS(-43.520598, 172.583172, 14.474754, var=[0.004183663107947113, 0.0038758119700052955, 0.0001755844102043965]);GPS(-43.520610, 172.583187, 46.008863, var=[-1, -1, -1]);4.728963936246158;OFFBOARD
14:00:37:497430;[5, 5, 5, 5]5;[12.85864969  1.49694397 -0.6322394 ];GPS(-43.520587, 172.583159, -0.632239, var=[0.004305283679480548, 0.0039356607470955145, 0.00018296164113548486]);GPS(-43.520552, 172.583123, 0.000000, var=[-1.0, -1.0, -1.0]);[14.15275279 -0.29132908 45.92933068];GPS(-43.520587, 172.583159, 14.367761, var=[0.004305283679480548, 0.0039356607470955145, 0.00018296164113548486]);GPS(-43.520600, 172.583174, 45.915875, var=[-1, -1, -1]);4.8915546543113235;OFFBOARD
14:00:38:320160;[5, 5, 5, 5]5;[11.84987439  2.61831812 -0.72229114];GPS(-43.520576, 172.583147, -0.722291, var=[0.004572780810209438, 0.004133159195498742, 0.00020374577460017683]);GPS(-43.520545, 172.583107, 0.000000, var=[-1.0, -1.0, -1.0]);[13.23749732  0.7807709  45.84664066];GPS(-43.520576, 172.583147, 14.277709, var=[0.004572780810209438, 0.004133159195498742, 0.00020374577460017683]);GPS(-43.520591, 172.583164, 45.841888, var=[-1, -1, -1]);4.828195052434893;OFFBOARD
14:00:39:183811;[5, 5, 5, 5]5;[10.7888895   3.74040077 -0.76635846];GPS(-43.520566, 172.583134, -0.766358, var=[0.004655851772501945, 0.004161088561394843, 0.0002030782103520164]);GPS(-43.520543, 172.583092, 0.000000, var=[-1.0, -1.0, -1.0]);[12.48143582  1.81344855 45.77713372];GPS(-43.520566, 172.583134, 14.233642, var=[0.004655851772501945, 0.004161088561394843, 0.0002030782103520164]);GPS(-43.520580, 172.583152, 45.763902, var=[-1, -1, -1]);4.323083122104279;OFFBOARD
14:00:40:764564;[5, 5, 5, 5]5;[ 8.60461227  5.70372263 -0.65601648];GPS(-43.520549, 172.583107, -0.656016, var=[0.004577924422492551, 0.004065786451586594, 0.00019607705706097177]);GPS(-43.520533, 172.583077, 0.000000, var=[-1.0, -1.0, -1.0]);[10.53168061  4.0671515  45.71678394];GPS(-43.520549, 172.583107, 14.343984, var=[0.004577924422492551, 0.004065786451586594, 0.00019607705706097177]);GPS(-43.520561, 172.583126, 45.748928, var=[-1, -1, -1]);3.0368817049291414;OFFBOARD
14:00:41:191066;[5, 5, 5, 5]5;[ 8.02269629  6.10269852 -0.59644066];GPS(-43.520545, 172.583099, -0.596441, var=[0.004740595950730268, 0.004220567944788032, 0.00021735376061955507]);GPS(-43.520528, 172.583065, 0.000000, var=[-1.0, -1.0, -1.0]);[ 9.88512696  4.70274654 45.73020956];GPS(-43.520545, 172.583099, 14.403559, var=[0.004740595950730268, 0.004220567944788032, 0.00021735376061955507]);GPS(-43.520556, 172.583119, 45.770934, var=[-1, -1, -1]);3.402452738257109;OFFBOARD
14:00:42:504682;[5, 5, 5, 5]5;[ 6.33114156  7.52950701 -0.38802718];GPS(-43.520532, 172.583079, -0.388027, var=[0.004696188691395468, 0.004298724412928824, 0.00020759770559041152]);GPS(-43.520523, 172.583055, 0.000000, var=[-1.0, -1.0, -1.0]);[ 8.04715061  6.27609432 45.88476276];GPS(-43.520532, 172.583079, 14.611973, var=[0.004696188691395468, 0.004298724412928824, 0.00020759770559041152]);GPS(-43.520543, 172.583098, 45.936950, var=[-1, -1, -1]);2.1767087082007155;OFFBOARD
14:00:43:378064;[5, 5, 5, 5]5;[ 5.4047755   8.04646032 -0.233756  ];GPS(-43.520528, 172.583067, -0.233756, var=[0.0047536894325916285, 0.004383494444539344, 0.00021036169113662504]);GPS(-43.520512, 172.583040, 0.000000, var=[-1.0, -1.0, -1.0]);[ 7.03189892  7.04211943 46.02086171];GPS(-43.520528, 172.583067, 14.766244, var=[0.0047536894325916285, 0.004383494444539344, 0.00021036169113662504]);GPS(-43.520536, 172.583085, 46.073960, var=[-1, -1, -1]);2.8210719447572146;OFFBOARD
14:00:44:517675;[5, 5, 5, 5]5;[ 4.18958912  8.64723659 -0.07960754];GPS(-43.520522, 172.583052, -0.079608, var=[0.004591408313402905, 0.004176887987787833, 0.00018625611579851088]);GPS(-43.520505, 172.583025, 0.000000, var=[-1.0, -1.0, -1.0]);[ 5.65295732  8.00340656 46.23766015];GPS(-43.520522, 172.583052, 14.920392, var=[0.004591408313402905, 0.004176887987787833, 0.00018625611579851088]);GPS(-43.520528, 172.583069, 46.263969, var=[-1, -1, -1]);2.898968052335621;OFFBOARD
14:00:45:188549;[5, 5, 5, 5]5;[ 3.38527505  9.17313118 -0.04256734];GPS(-43.520518, 172.583042, -0.042567, var=[0.004600052525151989, 0.004154526462686092, 0.00018780462751383074]);GPS(-43.520498, 172.583015, 0.000000, var=[-1.0, -1.0, -1.0]);[ 5.02403482  8.36847343 46.33834225];GPS(-43.520518, 172.583042, 14.957433, var=[0.004600052525151989, 0.004154526462686092, 0.00018780462751383074]);GPS(-43.520524, 172.583060, 46.362973, var=[-1, -1, -1]);3.046325672772066;OFFBOARD
14:00:46:504345;[5, 5, 5, 5]5;[ 1.56351913 10.43903034 -0.02939697];GPS(-43.520506, 172.583019, -0.029397, var=[0.004692152248699012, 0.004201730221365071, 0.00018659247502865716]);GPS(-43.520493, 172.583000, 0.000000, var=[-1.0, -1.0, -1.0]);[ 3.48611495  9.18275722 46.46811778];GPS(-43.520506, 172.583019, 14.970603, var=[0.004692152248699012, 0.004201730221365071, 0.00018659247502865716]);GPS(-43.520516, 172.583040, 46.437982, var=[-1, -1, -1]);2.1134973594075737;OFFBOARD
14:00:47:659310;[5, 5, 5, 5]5;[ 0.21189302 11.31223369 -0.07646589];GPS(-43.520498, 172.583003, -0.076466, var=[0.004675130075525342, 0.00419544918211226, 0.00018979269210439153]);GPS(-43.520485, 172.582987, 0.000000, var=[-1.0, -1.0, -1.0]);[ 1.87741815 10.19266481 46.46169475];GPS(-43.520498, 172.583003, 14.923534, var=[0.004675130075525342, 0.00419544918211226, 0.00018979269210439153]);GPS(-43.520507, 172.583021, 46.435993, var=[-1, -1, -1]);1.959157294520149;OFFBOARD
14:00:48:615392;[5, 5, 5, 5]5;[-0.87051687 12.06881508 -0.1504338 ];GPS(-43.520491, 172.582989, -0.150434, var=[0.004721286325914525, 0.004246178077552158, 0.00019170168550170806]);GPS(-43.520478, 172.582973, 0.000000, var=[-1.0, -1.0, -1.0]);[ 0.55892356 11.09395348 46.41714832];GPS(-43.520491, 172.582989, 14.849566, var=[0.004721286325914525, 0.004246178077552158, 0.00019170168550170806]);GPS(-43.520500, 172.583006, 46.392001, var=[-1, -1, -1]);1.9471504290615296;OFFBOARD
14:00:49:481618;[5, 5, 5, 5]5;[-1.66637005 12.6992307  -0.23318169];GPS(-43.520486, 172.582979, -0.233182, var=[0.004743902354326583, 0.00424862783977116, 0.00019289996056835788]);GPS(-43.520470, 172.582957, 0.000000, var=[-1.0, -1.0, -1.0]);[-0.36443444 11.7282668  46.35485202];GPS(-43.520486, 172.582979, 14.766818, var=[0.004743902354326583, 0.00424862783977116, 0.00019289996056835788]);GPS(-43.520494, 172.582994, 46.323008, var=[-1, -1, -1]);2.545286910149672;OFFBOARD
14:00:50:754473;[5, 5, 5, 5]5;[-2.69796089 13.38843668 -0.3453246 ];GPS(-43.520480, 172.582967, -0.345325, var=[0.004399374568197529, 0.0038807565478784873, 0.00016522356538223418]);GPS(-43.520463, 172.582938, 0.000000, var=[-1.0, -1.0, -1.0]);[-1.65704785 12.65026469 46.21316711];GPS(-43.520480, 172.582967, 14.654675, var=[0.004399374568197529, 0.0038807565478784873, 0.00016522356538223418]);GPS(-43.520485, 172.582977, 46.182018, var=[-1, -1, -1]);2.925931857426227;OFFBOARD
14:00:51:359224;[5, 5, 5, 5]5;[-3.38065563 13.82060232 -0.40765285];GPS(-43.520476, 172.582958, -0.407653, var=[0.0045323775355399455, 0.003994257659657873, 0.00018254751060357242]);GPS(-43.520460, 172.582928, 0.000000, var=[-1.0, -1.0, -1.0]);[-2.2842254  13.10082555 46.13501559];GPS(-43.520476, 172.582958, 14.592347, var=[0.0045323775355399455, 0.003994257659657873, 0.00018254751060357242]);GPS(-43.520482, 172.582971, 46.120022, var=[-1, -1, -1]);2.9944693656059527;OFFBOARD
14:00:52:282089;[5, 5, 5, 5]5;[-4.57173517 14.60127469 -0.42591509];GPS(-43.520469, 172.582943, -0.425915, var=[0.004541990059891946, 0.004034412391977328, 0.0001802697201464822]);GPS(-43.520453, 172.582920, 0.000000, var=[-1.0, -1.0, -1.0]);[-3.07399707 13.65884455 46.04713443];GPS(-43.520469, 172.582943, 14.574085, var=[0.004541990059891946, 0.004034412391977328, 0.0001802697201464822]);GPS(-43.520477, 172.582961, 46.048028, var=[-1, -1, -1]);2.574073086318309;OFFBOARD
14:00:53:229010;[5, 5, 5, 5]5;[-5.42822629 15.29525909 -0.40645048];GPS(-43.520462, 172.582933, -0.406450, var=[0.0044934931911249885, 0.003978768469319992, 0.00018015279183551848]);GPS(-43.520448, 172.582910, 0.000000, var=[-1.0, -1.0, -1.0]);[-3.96493809 14.22792268 45.98777535];GPS(-43.520462, 172.582933, 14.593550, var=[0.0044934931911249885, 0.003978768469319992, 0.00018015279183551848]);GPS(-43.520471, 172.582948, 46.001035, var=[-1, -1, -1]);2.443643097037576;OFFBOARD
14:00:54:334345;[5, 5, 5, 5]5;[-6.64787527 16.07250086 -0.31667025];GPS(-43.520455, 172.582918, -0.316670, var=[0.004704112992340028, 0.004093530776379276, 0.00019568260044836456]);GPS(-43.520442, 172.582897, 0.000000, var=[-1.0, -1.0, -1.0]);[-5.26160709 15.07781864 45.98505285];GPS(-43.520455, 172.582918, 14.683330, var=[0.004704112992340028, 0.004093530776379276, 0.00019568260044836456]);GPS(-43.520463, 172.582933, 46.019043, var=[-1, -1, -1]);2.299376681654099;OFFBOARD
14:00:55:631766;[5, 5, 5, 5]5;[-7.72907815 16.8087682  -0.21355906];GPS(-43.520449, 172.582904, -0.213559, var=[0.0046375191566108065, 0.003944686705787789, 0.00017040647755371641]);GPS(-43.520433, 172.582888, 0.000000, var=[-1.0, -1.0, -1.0]);[-6.62378175 16.01303431 46.07631913];GPS(-43.520449, 172.582904, 14.786441, var=[0.0046375191566108065, 0.003944686705787789, 0.00017040647755371641]);GPS(-43.520455, 172.582916, 46.106053, var=[-1, -1, -1]);2.154429064099422;OFFBOARD
14:00:56:302427;[5, 5, 5, 5]5;[-8.34850607 17.26683524 -0.16484694];GPS(-43.520445, 172.582896, -0.164847, var=[0.004895112249493471, 0.00414343825757102, 0.00019260253164375075]);GPS(-43.520430, 172.582885, 0.000000, var=[-1.0, -1.0, -1.0]);[-7.33061425 16.49921419 46.13286031];GPS(-43.520445, 172.582896, 14.835153, var=[0.004895112249493471, 0.00414343825757102, 0.00019260253164375075]);GPS(-43.520451, 172.582908, 46.152058, var=[-1, -1, -1]);1.8863793448553143;OFFBOARD
14:00:57:521538;[5, 5, 5, 5]5;[-9.28039666 18.10115095 -0.08324269];GPS(-43.520437, 172.582885, -0.083243, var=[0.004548512621775992, 0.003824510375639897, 0.0001662252445380985]);GPS(-43.520428, 172.582883, 0.000000, var=[-1.0, -1.0, -1.0]);[-8.34790674 17.2349236  46.22986067];GPS(-43.520437, 172.582885, 14.916757, var=[0.004548512621775992, 0.003824510375639897, 0.0001662252445380985]);GPS(-43.520444, 172.582896, 46.240066, var=[-1, -1, -1]);0.9988554056684822;OFFBOARD
14:00:58:341517;[5, 5, 5, 5]5;[-9.76884151 18.64178485 -0.02088344];GPS(-43.520432, 172.582879, -0.020883, var=[0.00458022158994714, 0.0038632204429578216, 0.00017642347339953506]);GPS(-43.520428, 172.582882, 0.000000, var=[-1.0, -1.0, -1.0]);[-8.98364569 17.74551114 46.29386289];GPS(-43.520432, 172.582879, 14.979117, var=[0.00458022158994714, 0.0038632204429578216, 0.00017642347339953506]);GPS(-43.520440, 172.582888, 46.306072, var=[-1, -1, -1]);0.5017443713719869;OFFBOARD
14:00:59:786242;[5, 5, 5, 5]5;[-10.45884876  19.44215501   0.0914741 ];GPS(-43.520425, 172.582870, 0.091474, var=[0.004517925586727837, 0.0038379950469405095, 0.00016180954900522557]);GPS(-43.520432, 172.582885, 0.000000, var=[-1.0, -1.0, -1.0]);[-9.91564697 18.67908265 46.40529159];GPS(-43.520425, 172.582870, 15.091474, var=[0.004517925586727837, 0.0038379950469405095, 0.00016180954900522557]);GPS(-43.520431, 172.582876, 46.422083, var=[-1, -1, -1]);1.3930087403823637;OFFBOARD
14:01:00:666613;[5, 5, 5, 5]5;[-10.67509765  19.72961509   0.13392212];GPS(-43.520423, 172.582868, 0.133922, var=[0.004398909172239808, 0.00376103337051043, 0.00015220660606490253]);GPS(-43.520440, 172.582892, 0.000000, var=[-1.0, -1.0, -1.0]);[-10.39845818  19.24351859  46.48352525];GPS(-43.520423, 172.582868, 15.133922, var=[0.004398909172239808, 0.00376103337051043, 0.00015220660606490253]);GPS(-43.520426, 172.582871, 46.496090, var=[-1, -1, -1]);2.745829247040486;OFFBOARD
14:01:01:778916;[5, 5, 5, 5]5;[-10.84181451  19.74979799   0.15241858];GPS(-43.520422, 172.582866, 0.152419, var=[0.0043400828026152315, 0.0037790541665284182, 0.00014970051993015119]);GPS(-43.520445, 172.582898, 0.000000, var=[-1.0, -1.0, -1.0]);[-10.79981258  19.78539001  46.55206164];GPS(-43.520422, 172.582866, 15.152419, var=[0.0043400828026152315, 0.0037790541665284182, 0.00014970051993015119]);GPS(-43.520422, 172.582866, 46.545096, var=[-1, -1, -1]);3.6522858743670663;OFFBOARD
14:01:02:224683;[5, 5, 5, 5]5;[-10.90717411  19.69650242   0.15214595];GPS(-43.520423, 172.582865, 0.152146, var=[0.004488299414665526, 0.003942590965504718, 0.00016770798474304976]);GPS(-43.520453, 172.582907, 0.000000, var=[-1.0, -1.0, -1.0]);[-10.91287341  19.9352496   46.56403017];GPS(-43.520423, 172.582865, 15.152146, var=[0.004488299414665526, 0.003942590965504718, 0.00016770798474304976]);GPS(-43.520421, 172.582865, 46.546097, var=[-1, -1, -1]);4.789242351297886;OFFBOARD
14:01:03:323749;[5, 5, 5, 5]5;[-10.85689863  19.11330802   0.05870245];GPS(-43.520428, 172.582865, 0.058702, var=[0.0042556842523659676, 0.00384513038792891, 0.00015591972187912413]);GPS(-43.520460, 172.582915, 0.000000, var=[-1.0, -1.0, -1.0]);[-11.00658573  19.95781045  46.54420014];GPS(-43.520428, 172.582865, 15.058702, var=[0.0042556842523659676, 0.00384513038792891, 0.00015591972187912413]);GPS(-43.520422, 172.582864, 46.516096, var=[-1, -1, -1]);5.348297434318119;OFFBOARD
14:01:04:575346;[5, 5, 5, 5]5;[-10.46127568  18.23314524  -0.11835604];GPS(-43.520436, 172.582870, -0.118356, var=[0.004105334087875487, 0.0038448568643509595, 0.00015381376164707477]);GPS(-43.520468, 172.582922, 0.000000, var=[-1.0, -1.0, -1.0]);[-10.92128444  19.44152229  46.4339753 ];GPS(-43.520436, 172.582870, 14.881644, var=[0.004105334087875487, 0.0038448568643509595, 0.00015381376164707477]);GPS(-43.520427, 172.582866, 46.389087, var=[-1, -1, -1]);5.486611005576836;OFFBOARD
14:01:05:525331;[5, 5, 5, 5]5;[-10.02224909  17.49407724  -0.2931687 ];GPS(-43.520443, 172.582876, -0.293169, var=[0.004074445799197973, 0.003915171813206514, 0.00015727964346820257]);GPS(-43.520475, 172.582932, 0.000000, var=[-1.0, -1.0, -1.0]);[-10.69915966  18.72559845  46.30079654];GPS(-43.520443, 172.582876, 14.706831, var=[0.004074445799197973, 0.003915171813206514, 0.00015727964346820257]);GPS(-43.520433, 172.582868, 46.261078, var=[-1, -1, -1]);5.776736100328263;OFFBOARD
14:01:06:775975;[5, 5, 5, 5]5;[-9.0371588  16.38635798 -0.5100665 ];GPS(-43.520453, 172.582888, -0.510067, var=[0.004015427984854573, 0.004002591284157026, 0.00015856136697718252]);GPS(-43.520480, 172.582938, 0.000000, var=[-1.0, -1.0, -1.0]);[-10.16105654  17.69041125  46.0846922 ];GPS(-43.520453, 172.582888, 14.489933, var=[0.004015427984854573, 0.004002591284157026, 0.00015856136697718252]);GPS(-43.520442, 172.582876, 46.047065, var=[-1, -1, -1]);5.1033028797126345;OFFBOARD
14:01:07:400352;[5, 5, 5, 5]5;[-8.45103003 15.86772867 -0.57510814];GPS(-43.520457, 172.582895, -0.575108, var=[0.004024770654378319, 0.004061067805857916, 0.00016701439523739855]);GPS(-43.520487, 172.582947, 0.000000, var=[-1.0, -1.0, -1.0]);[-9.79711145 17.18536203 45.98453947];GPS(-43.520457, 172.582895, 14.424892, var=[0.004024770654378319, 0.004061067805857916, 0.00016701439523739855]);GPS(-43.520447, 172.582881, 45.964059, var=[-1, -1, -1]);5.3126128824455945;OFFBOARD
14:01:08:513801;[5, 5, 5, 5]5;[-7.05566578 14.80369243 -0.62120163];GPS(-43.520467, 172.582912, -0.621202, var=[0.0038741005206500544, 0.004014372843021788, 0.00017412283103524845]);GPS(-43.520493, 172.582958, 0.000000, var=[-1.0, -1.0, -1.0]);[-8.84424897 16.14418288 45.8414699 ];GPS(-43.520467, 172.582912, 14.378798, var=[0.0038741005206500544, 0.004014372843021788, 0.00017412283103524845]);GPS(-43.520456, 172.582894, 45.838047, var=[-1, -1, -1]);4.765238939280687;OFFBOARD
14:01:09:479427;[5, 5, 5, 5]5;[-5.88318862 13.73891186 -0.57704787];GPS(-43.520476, 172.582927, -0.577048, var=[0.003929892223585264, 0.0041456766571351215, 0.0001906704151914405]);GPS(-43.520502, 172.582965, 0.000000, var=[-1.0, -1.0, -1.0]);[-7.69604216 15.20990668 45.78300348];GPS(-43.520476, 172.582927, 14.422952, var=[0.003929892223585264, 0.0041456766571351215, 0.0001906704151914405]);GPS(-43.520464, 172.582907, 45.814037, var=[-1, -1, -1]);4.19166871031265;OFFBOARD
14:01:10:595547;[5, 5, 5, 5]5;[-4.80312767 12.67351255 -0.45140852];GPS(-43.520486, 172.582940, -0.451409, var=[0.0037410672476618644, 0.004052406004286369, 0.00017974995000954197]);GPS(-43.520508, 172.582975, 0.000000, var=[-1.0, -1.0, -1.0]);[-6.29356797 14.11937807 45.81346054];GPS(-43.520486, 172.582940, 14.548591, var=[0.0037410672476618644, 0.004052406004286369, 0.00017974995000954197]);GPS(-43.520475, 172.582925, 45.851024, var=[-1, -1, -1]);3.7585645054201686;OFFBOARD
14:01:11:634172;[5, 5, 5, 5]5;[-3.76870617 11.8211931  -0.3144599 ];GPS(-43.520494, 172.582953, -0.314460, var=[0.003544207071764438, 0.003955234250041734, 0.00017511724763004648]);GPS(-43.520517, 172.582983, 0.000000, var=[-1.0, -1.0, -1.0]);[-5.02158404 12.97773234 45.91302283];GPS(-43.520494, 172.582953, 14.685540, var=[0.003544207071764438, 0.003955234250041734, 0.00017511724763004648]);GPS(-43.520485, 172.582939, 45.945011, var=[-1, -1, -1]);3.536473228273318;OFFBOARD
14:01:12:578023;[5, 5, 5, 5]5;[-2.98712994 10.92860528 -0.19426042];GPS(-43.520502, 172.582963, -0.194260, var=[0.003446987128967339, 0.003939792686044392, 0.00017409111752966083]);GPS(-43.520523, 172.582988, 0.000000, var=[-1.0, -1.0, -1.0]);[-4.12257849 12.09929998 46.02468497];GPS(-43.520502, 172.582963, 14.805740, var=[0.003446987128967339, 0.003939792686044392, 0.00017409111752966083]);GPS(-43.520492, 172.582950, 46.054001, var=[-1, -1, -1]);3.1627928182411336;OFFBOARD
14:01:13:702645;[5, 5, 5, 5]5;[-2.1406946   9.92107275 -0.05484839];GPS(-43.520511, 172.582973, -0.054848, var=[0.003420116567653216, 0.00398356644029701, 0.00017421109776605387]);GPS(-43.520533, 172.582995, 0.000000, var=[-1.0, -1.0, -1.0]);[-3.12428012 11.10475016 46.17333387];GPS(-43.520511, 172.582973, 14.945152, var=[0.003420116567653216, 0.00398356644029701, 0.00017421109776605387]);GPS(-43.520501, 172.582962, 46.192989, var=[-1, -1, -1]);3.0516427467668605;OFFBOARD
14:01:14:522082;[5, 5, 5, 5]5;[-1.66077861e+00  9.11872816e+00  7.59522264e-04];GPS(-43.520518, 172.582979, 0.000760, var=[0.003516898036625869, 0.004101044355624059, 0.00018042161266761074]);GPS(-43.520538, 172.583003, 0.000000, var=[-1.0, -1.0, -1.0]);[-2.47728248 10.38693154 46.28025504];GPS(-43.520518, 172.582979, 15.000760, var=[0.003516898036625869, 0.004101044355624059, 0.00018042161266761074]);GPS(-43.520508, 172.582970, 46.301980, var=[-1, -1, -1]);2.9729583814701703;OFFBOARD
STOP: 09/28/2021 14:01:16:024167
