START: 09/16/2021 22:09:20:336521
TIME,            RX_ID,          STATE,          TIMESTAMP,          SEQ_NO,          RX_COORDS,          RANGE_READING,          TARGET_COORDS,          
22:09:29:034143, 4, 1, 1631786968.992723, 0, GPS(-43.520646, 172.583063, 21.422779, var=[1.0, 1.0, 1.0]), 37.59630511701081, GPS(-43.520600, 172.583000, 0.000000, var=[-1.0, -1.0, -1.0])
22:09:29:054843, 3, 1, 1631786969.0523455, 0, GPS(-43.520646, 172.582939, 21.188753, var=[1.0, 1.0, 1.0]), 37.34363639770762, GPS(-43.520600, 172.583000, 0.000000, var=[-1.0, -1.0, -1.0])
22:09:29:083435, 2, 1, 1631786969.0806603, 0, GPS(-43.520556, 172.583063, 21.259923, var=[1.0, 1.0, 1.0]), 37.395570826828745, GPS(-43.520600, 172.583000, 0.000000, var=[-1.0, -1.0, -1.0])
22:09:29:086607, 1, 1, 1631786969.084652, 0, GPS(-43.520556, 172.582939, 21.267897, var=[1.0, 1.0, 1.0]), 37.369679077532496, GPS(-43.520600, 172.583000, 0.000000, var=[-1.0, -1.0, -1.0])
22:09:29:999069, 4, 1, 1631786969.9965842, 1, GPS(-43.520646, 172.583063, 21.468780, var=[1.0, 1.0, 1.0]), 48.71768156671371, GPS(-43.520600, 172.583000, 0.000000, var=[-1.0, -1.0, -1.0])
22:09:30:057647, 3, 1, 1631786970.0551124, 1, GPS(-43.520646, 172.582939, 21.272753, var=[1.0, 1.0, 1.0]), 48.51136027624654, GPS(-43.520600, 172.583000, 0.000000, var=[-1.0, -1.0, -1.0])
22:09:30:087107, 2, 1, 1631786970.0852442, 1, GPS(-43.520556, 172.583063, 21.306923, var=[1.0, 1.0, 1.0]), 48.528465515388305, GPS(-43.520600, 172.583000, 0.000000, var=[-1.0, -1.0, -1.0])
22:09:30:089167, 1, 1, 1631786970.0878458, 1, GPS(-43.520556, 172.582939, 21.318897, var=[1.0, 1.0, 1.0]), 48.51009423623994, GPS(-43.520600, 172.583000, 0.000000, var=[-1.0, -1.0, -1.0])
22:09:31:002005, 4, 1, 1631786970.999653, 2, GPS(-43.520645, 172.583063, 21.515780, var=[1.0, 1.0, 1.0]), 49.01455818060837, GPS(-43.520600, 172.583000, 0.000000, var=[-1.0, -1.0, -1.0])
22:09:31:059320, 3, 1, 1631786971.0577993, 2, GPS(-43.520646, 172.582939, 21.324754, var=[1.0, 1.0, 1.0]), 48.809201765060834, GPS(-43.520600, 172.583000, 0.000000, var=[-1.0, -1.0, -1.0])
22:09:31:089141, 2, 1, 1631786971.0876844, 2, GPS(-43.520556, 172.583063, 21.353924, var=[1.0, 1.0, 1.0]), 48.83650853666232, GPS(-43.520600, 172.583000, 0.000000, var=[-1.0, -1.0, -1.0])
22:09:31:092922, 1, 1, 1631786971.0910761, 2, GPS(-43.520555, 172.582940, 21.353898, var=[1.0, 1.0, 1.0]), 48.799736643332295, GPS(-43.520600, 172.583000, 0.000000, var=[-1.0, -1.0, -1.0])
22:09:32:005673, 4, 1, 1631786972.002681, 3, GPS(-43.520645, 172.583063, 21.538781, var=[1.0, 1.0, 1.0]), 49.14820363483233, GPS(-43.520600, 172.583000, 0.000000, var=[-1.0, -1.0, -1.0])
22:09:32:062707, 3, 1, 1631786972.0611522, 3, GPS(-43.520645, 172.582939, 21.353754, var=[1.0, 1.0, 1.0]), 48.93454259704002, GPS(-43.520600, 172.583000, 0.000000, var=[-1.0, -1.0, -1.0])
22:09:32:094025, 2, 1, 1631786972.0917323, 3, GPS(-43.520555, 172.583063, 21.368924, var=[1.0, 1.0, 1.0]), 48.96630202004589, GPS(-43.520600, 172.583000, 0.000000, var=[-1.0, -1.0, -1.0])
22:09:32:095669, 1, 1, 1631786972.0936918, 3, GPS(-43.520555, 172.582940, 21.377898, var=[1.0, 1.0, 1.0]), 48.928620121707205, GPS(-43.520600, 172.583000, 0.000000, var=[-1.0, -1.0, -1.0])
22:09:33:008930, 4, 1, 1631786973.0058796, 4, GPS(-43.520645, 172.583063, 21.561781, var=[1.0, 1.0, 1.0]), 49.21187193796255, GPS(-43.520600, 172.583000, 0.000000, var=[-1.0, -1.0, -1.0])
22:09:33:064984, 3, 1, 1631786973.0630999, 4, GPS(-43.520645, 172.582939, 21.385754, var=[1.0, 1.0, 1.0]), 49.00326026424079, GPS(-43.520600, 172.583000, 0.000000, var=[-1.0, -1.0, -1.0])
22:09:33:096892, 2, 1, 1631786973.0947726, 4, GPS(-43.520555, 172.583063, 21.388924, var=[1.0, 1.0, 1.0]), 49.028305029433724, GPS(-43.520600, 172.583000, 0.000000, var=[-1.0, -1.0, -1.0])
22:09:33:097843, 1, 1, 1631786973.0966284, 4, GPS(-43.520555, 172.582940, 21.390898, var=[1.0, 1.0, 1.0]), 48.98282581329656, GPS(-43.520600, 172.583000, 0.000000, var=[-1.0, -1.0, -1.0])
22:09:34:010630, 4, 1, 1631786974.0083, 5, GPS(-43.520645, 172.583063, 21.569781, var=[1.0, 1.0, 1.0]), 49.2541381147095, GPS(-43.520600, 172.583000, 0.000000, var=[-1.0, -1.0, -1.0])
22:09:34:069079, 3, 1, 1631786974.0666904, 5, GPS(-43.520645, 172.582939, 21.398754, var=[1.0, 1.0, 1.0]), 49.048530934673934, GPS(-43.520600, 172.583000, 0.000000, var=[-1.0, -1.0, -1.0])
22:09:34:099991, 2, 1, 1631786974.0979986, 5, GPS(-43.520555, 172.583063, 21.399924, var=[1.0, 1.0, 1.0]), 49.07523704893883, GPS(-43.520600, 172.583000, 0.000000, var=[-1.0, -1.0, -1.0])
22:09:34:101961, 1, 1, 1631786974.0994735, 5, GPS(-43.520555, 172.582940, 21.397898, var=[1.0, 1.0, 1.0]), 49.02518834690217, GPS(-43.520600, 172.583000, 0.000000, var=[-1.0, -1.0, -1.0])
22:09:35:013349, 4, 1, 1631786975.0111465, 6, GPS(-43.520645, 172.583063, 21.573780, var=[1.0, 1.0, 1.0]), 49.28731594968724, GPS(-43.520600, 172.583000, 0.000000, var=[-1.0, -1.0, -1.0])
22:09:35:072374, 3, 1, 1631786975.0701613, 6, GPS(-43.520645, 172.582939, 21.404754, var=[1.0, 1.0, 1.0]), 49.087155114383606, GPS(-43.520600, 172.583000, 0.000000, var=[-1.0, -1.0, -1.0])
22:09:35:102534, 2, 1, 1631786975.10037, 6, GPS(-43.520556, 172.583063, 21.391923, var=[1.0, 1.0, 1.0]), 49.08423923897489, GPS(-43.520600, 172.583000, 0.000000, var=[-1.0, -1.0, -1.0])
22:09:35:104447, 1, 1, 1631786975.1029208, 6, GPS(-43.520555, 172.582940, 21.397898, var=[1.0, 1.0, 1.0]), 49.05211431444718, GPS(-43.520600, 172.583000, 0.000000, var=[-1.0, -1.0, -1.0])
22:09:36:016503, 4, 1, 1631786976.0144682, 7, GPS(-43.520645, 172.583063, 21.568780, var=[1.0, 1.0, 1.0]), 49.276277400461, GPS(-43.520600, 172.583000, 0.000000, var=[-1.0, -1.0, -1.0])
22:09:36:073950, 3, 1, 1631786976.07197, 7, GPS(-43.520646, 172.582939, 21.404754, var=[1.0, 1.0, 1.0]), 49.08385431029429, GPS(-43.520600, 172.583000, 0.000000, var=[-1.0, -1.0, -1.0])
22:09:36:106993, 2, 1, 1631786976.10408, 7, GPS(-43.520556, 172.583063, 21.391923, var=[1.0, 1.0, 1.0]), 49.07419978056839, GPS(-43.520600, 172.583000, 0.000000, var=[-1.0, -1.0, -1.0])
22:09:36:108363, 1, 1, 1631786976.1068215, 7, GPS(-43.520556, 172.582939, 21.397898, var=[1.0, 1.0, 1.0]), 49.04736788566937, GPS(-43.520600, 172.583000, 0.000000, var=[-1.0, -1.0, -1.0])
22:09:37:021565, 4, 1, 1631786977.019307, 8, GPS(-43.520646, 172.583063, 21.549780, var=[1.0, 1.0, 1.0]), 49.259348650381966, GPS(-43.520600, 172.583000, 0.000000, var=[-1.0, -1.0, -1.0])
22:09:37:077521, 3, 1, 1631786977.0756886, 8, GPS(-43.520646, 172.582939, 21.405754, var=[1.0, 1.0, 1.0]), 49.09481864789986, GPS(-43.520600, 172.583000, 0.000000, var=[-1.0, -1.0, -1.0])
22:09:37:110319, 2, 1, 1631786977.1065433, 8, GPS(-43.520556, 172.583063, 21.392923, var=[1.0, 1.0, 1.0]), 49.07434172287576, GPS(-43.520600, 172.583000, 0.000000, var=[-1.0, -1.0, -1.0])
22:09:37:112227, 1, 1, 1631786977.1100085, 8, GPS(-43.520556, 172.582939, 21.395897, var=[1.0, 1.0, 1.0]), 49.04457138858115, GPS(-43.520600, 172.583000, 0.000000, var=[-1.0, -1.0, -1.0])
22:09:38:024472, 4, 1, 1631786978.021885, 9, GPS(-43.520646, 172.583063, 21.569780, var=[1.0, 1.0, 1.0]), 49.28100824150561, GPS(-43.520600, 172.583000, 0.000000, var=[-1.0, -1.0, -1.0])
22:09:38:077912, 3, 1, 1631786978.0770173, 9, GPS(-43.520646, 172.582939, 21.408754, var=[1.0, 1.0, 1.0]), 49.1021700027587, GPS(-43.520600, 172.583000, 0.000000, var=[-1.0, -1.0, -1.0])
22:09:38:109981, 2, 1, 1631786978.1087334, 9, GPS(-43.520556, 172.583063, 21.411923, var=[1.0, 1.0, 1.0]), 49.09016166582451, GPS(-43.520600, 172.583000, 0.000000, var=[-1.0, -1.0, -1.0])
22:09:38:113990, 1, 1, 1631786978.1130736, 9, GPS(-43.520556, 172.582939, 21.397897, var=[1.0, 1.0, 1.0]), 49.04537013509288, GPS(-43.520600, 172.583000, 0.000000, var=[-1.0, -1.0, -1.0])
22:09:39:028443, 4, 1, 1631786979.0259, 10, GPS(-43.520646, 172.583063, 21.586780, var=[1.0, 1.0, 1.0]), 49.30448190341429, GPS(-43.520600, 172.583000, 0.000000, var=[-1.0, -1.0, -1.0])
22:09:39:081997, 3, 1, 1631786979.0797567, 10, GPS(-43.520646, 172.582939, 21.416753, var=[1.0, 1.0, 1.0]), 49.117100116016665, GPS(-43.520600, 172.583000, 0.000000, var=[-1.0, -1.0, -1.0])
22:09:39:113740, 2, 1, 1631786979.112239, 10, GPS(-43.520556, 172.583062, 21.417923, var=[1.0, 1.0, 1.0]), 49.093512262724964, GPS(-43.520600, 172.583000, 0.000000, var=[-1.0, -1.0, -1.0])
22:09:39:118002, 1, 1, 1631786979.116615, 10, GPS(-43.520556, 172.582939, 21.412897, var=[1.0, 1.0, 1.0]), 49.06622052954175, GPS(-43.520600, 172.583000, 0.000000, var=[-1.0, -1.0, -1.0])
22:09:40:031584, 4, 1, 1631786980.02921, 11, GPS(-43.520646, 172.583063, 21.562780, var=[1.0, 1.0, 1.0]), 49.2819789086672, GPS(-43.520600, 172.583000, 0.000000, var=[-1.0, -1.0, -1.0])
22:09:40:085771, 3, 1, 1631786980.0838256, 11, GPS(-43.520646, 172.582939, 21.406753, var=[1.0, 1.0, 1.0]), 49.11395685896305, GPS(-43.520600, 172.583000, 0.000000, var=[-1.0, -1.0, -1.0])
22:09:40:116047, 2, 1, 1631786980.1140437, 11, GPS(-43.520556, 172.583062, 21.414923, var=[1.0, 1.0, 1.0]), 49.08913376806318, GPS(-43.520600, 172.583000, 0.000000, var=[-1.0, -1.0, -1.0])
22:09:40:121115, 1, 1, 1631786980.1185753, 11, GPS(-43.520556, 172.582939, 21.419897, var=[1.0, 1.0, 1.0]), 49.07605554979246, GPS(-43.520600, 172.583000, 0.000000, var=[-1.0, -1.0, -1.0])
22:09:41:034202, 4, 1, 1631786981.0319927, 12, GPS(-43.520646, 172.583063, 21.574780, var=[1.0, 1.0, 1.0]), 49.281608751442846, GPS(-43.520600, 172.583000, 0.000000, var=[-1.0, -1.0, -1.0])
22:09:41:088972, 3, 1, 1631786981.0863209, 12, GPS(-43.520646, 172.582938, 21.410753, var=[1.0, 1.0, 1.0]), 49.11378248190333, GPS(-43.520600, 172.583000, 0.000000, var=[-1.0, -1.0, -1.0])
22:09:41:119220, 2, 1, 1631786981.1175683, 12, GPS(-43.520556, 172.583062, 21.410923, var=[1.0, 1.0, 1.0]), 49.08158662857532, GPS(-43.520600, 172.583000, 0.000000, var=[-1.0, -1.0, -1.0])
22:09:41:123856, 1, 1, 1631786981.1211216, 12, GPS(-43.520556, 172.582939, 21.415897, var=[1.0, 1.0, 1.0]), 49.07209190213162, GPS(-43.520600, 172.583000, 0.000000, var=[-1.0, -1.0, -1.0])
22:09:42:039125, 4, 1, 1631786982.0363946, 13, GPS(-43.520645, 172.583062, 21.575780, var=[1.0, 1.0, 1.0]), 49.28300076528447, GPS(-43.520600, 172.583000, 0.000000, var=[-1.0, -1.0, -1.0])
22:09:42:091203, 3, 1, 1631786982.0893464, 13, GPS(-43.520646, 172.582938, 21.410754, var=[1.0, 1.0, 1.0]), 49.11883351920673, GPS(-43.520600, 172.583000, 0.000000, var=[-1.0, -1.0, -1.0])
22:09:42:122096, 2, 1, 1631786982.1200643, 13, GPS(-43.520556, 172.583062, 21.403923, var=[1.0, 1.0, 1.0]), 49.08808135189408, GPS(-43.520600, 172.583000, 0.000000, var=[-1.0, -1.0, -1.0])
22:09:42:125970, 1, 1, 1631786982.124195, 13, GPS(-43.520556, 172.582939, 21.413898, var=[1.0, 1.0, 1.0]), 49.08510598782124, GPS(-43.520600, 172.583000, 0.000000, var=[-1.0, -1.0, -1.0])
22:09:43:043337, 4, 1, 1631786983.0399396, 14, GPS(-43.520645, 172.583062, 21.565780, var=[1.0, 1.0, 1.0]), 49.26940888208321, GPS(-43.520600, 172.583000, 0.000000, var=[-1.0, -1.0, -1.0])
22:09:43:093032, 3, 1, 1631786983.0914125, 14, GPS(-43.520646, 172.582938, 21.401754, var=[1.0, 1.0, 1.0]), 49.103697236540874, GPS(-43.520600, 172.583000, 0.000000, var=[-1.0, -1.0, -1.0])
22:09:43:125104, 2, 1, 1631786983.123432, 14, GPS(-43.520556, 172.583062, 21.402923, var=[1.0, 1.0, 1.0]), 49.08368643133285, GPS(-43.520600, 172.583000, 0.000000, var=[-1.0, -1.0, -1.0])
22:09:43:129728, 1, 1, 1631786983.1276214, 14, GPS(-43.520556, 172.582939, 21.404897, var=[1.0, 1.0, 1.0]), 49.07599859063127, GPS(-43.520600, 172.583000, 0.000000, var=[-1.0, -1.0, -1.0])
22:09:44:047036, 4, 1, 1631786984.0447116, 15, GPS(-43.520645, 172.583062, 21.570780, var=[1.0, 1.0, 1.0]), 49.25754232319328, GPS(-43.520600, 172.583000, 0.000000, var=[-1.0, -1.0, -1.0])
22:09:44:095831, 3, 1, 1631786984.0943701, 15, GPS(-43.520646, 172.582938, 21.392754, var=[1.0, 1.0, 1.0]), 49.08388775654254, GPS(-43.520600, 172.583000, 0.000000, var=[-1.0, -1.0, -1.0])
22:09:44:126380, 2, 1, 1631786984.1249528, 15, GPS(-43.520556, 172.583062, 21.411923, var=[1.0, 1.0, 1.0]), 49.07918939608285, GPS(-43.520600, 172.583000, 0.000000, var=[-1.0, -1.0, -1.0])
22:09:44:130941, 1, 1, 1631786984.1292324, 15, GPS(-43.520556, 172.582938, 21.407897, var=[1.0, 1.0, 1.0]), 49.067578703987465, GPS(-43.520600, 172.583000, 0.000000, var=[-1.0, -1.0, -1.0])
22:09:45:050332, 4, 1, 1631786985.0483532, 16, GPS(-43.520645, 172.583062, 21.568780, var=[1.0, 1.0, 1.0]), 49.25958944870469, GPS(-43.520600, 172.583000, 0.000000, var=[-1.0, -1.0, -1.0])
22:09:45:100164, 3, 1, 1631786985.097485, 16, GPS(-43.520646, 172.582938, 21.406754, var=[1.0, 1.0, 1.0]), 49.11392756418978, GPS(-43.520600, 172.583000, 0.000000, var=[-1.0, -1.0, -1.0])
22:09:45:129331, 2, 1, 1631786985.127719, 16, GPS(-43.520556, 172.583062, 21.412923, var=[1.0, 1.0, 1.0]), 49.0834532681331, GPS(-43.520600, 172.583000, 0.000000, var=[-1.0, -1.0, -1.0])
22:09:45:133150, 1, 1, 1631786985.1314602, 16, GPS(-43.520556, 172.582938, 21.399897, var=[1.0, 1.0, 1.0]), 49.07107379721014, GPS(-43.520600, 172.583000, 0.000000, var=[-1.0, -1.0, -1.0])
22:09:46:053267, 4, 1, 1631786986.0519073, 17, GPS(-43.520645, 172.583062, 21.572780, var=[1.0, 1.0, 1.0]), 49.274843527503805, GPS(-43.520600, 172.583000, 0.000000, var=[-1.0, -1.0, -1.0])
22:09:46:101688, 3, 1, 1631786986.0999286, 17, GPS(-43.520646, 172.582938, 21.405753, var=[1.0, 1.0, 1.0]), 49.12197350307562, GPS(-43.520600, 172.583000, 0.000000, var=[-1.0, -1.0, -1.0])
22:09:46:133513, 2, 1, 1631786986.1319516, 17, GPS(-43.520556, 172.583062, 21.413923, var=[1.0, 1.0, 1.0]), 49.08918471114928, GPS(-43.520600, 172.583000, 0.000000, var=[-1.0, -1.0, -1.0])
22:09:46:136568, 1, 1, 1631786986.1342025, 17, GPS(-43.520556, 172.582938, 21.406897, var=[1.0, 1.0, 1.0]), 49.0831536422941, GPS(-43.520600, 172.583000, 0.000000, var=[-1.0, -1.0, -1.0])
22:09:47:055313, 4, 1, 1631786987.0536528, 18, GPS(-43.520646, 172.583062, 21.546780, var=[1.0, 1.0, 1.0]), 49.24449127664886, GPS(-43.520600, 172.583000, 0.000000, var=[-1.0, -1.0, -1.0])
22:09:47:104443, 3, 1, 1631786987.1022007, 18, GPS(-43.520646, 172.582938, 21.401754, var=[1.0, 1.0, 1.0]), 49.103973235665805, GPS(-43.520600, 172.583000, 0.000000, var=[-1.0, -1.0, -1.0])
22:09:47:136257, 2, 1, 1631786987.1344078, 18, GPS(-43.520556, 172.583062, 21.402923, var=[1.0, 1.0, 1.0]), 49.06460435758571, GPS(-43.520600, 172.583000, 0.000000, var=[-1.0, -1.0, -1.0])
22:09:47:138240, 1, 1, 1631786987.1370277, 18, GPS(-43.520556, 172.582938, 21.397897, var=[1.0, 1.0, 1.0]), 49.06468230464104, GPS(-43.520600, 172.583000, 0.000000, var=[-1.0, -1.0, -1.0])
22:09:48:058687, 4, 1, 1631786988.056399, 19, GPS(-43.520646, 172.583062, 21.541780, var=[1.0, 1.0, 1.0]), 49.22631156272337, GPS(-43.520600, 172.583000, 0.000000, var=[-1.0, -1.0, -1.0])
22:09:48:108291, 3, 1, 1631786988.105639, 19, GPS(-43.520646, 172.582938, 21.386754, var=[1.0, 1.0, 1.0]), 49.077401603345585, GPS(-43.520600, 172.583000, 0.000000, var=[-1.0, -1.0, -1.0])
22:09:48:140460, 2, 1, 1631786988.1381133, 19, GPS(-43.520556, 172.583062, 21.393923, var=[1.0, 1.0, 1.0]), 49.040134255223265, GPS(-43.520600, 172.583000, 0.000000, var=[-1.0, -1.0, -1.0])
22:09:48:142331, 1, 1, 1631786988.140623, 19, GPS(-43.520556, 172.582938, 21.392897, var=[1.0, 1.0, 1.0]), 49.0422351515589, GPS(-43.520600, 172.583000, 0.000000, var=[-1.0, -1.0, -1.0])
22:09:49:062660, 4, 1, 1631786989.059922, 20, GPS(-43.520646, 172.583062, 21.549779, var=[1.0, 1.0, 1.0]), 49.24378710361192, GPS(-43.520600, 172.583000, 0.000000, var=[-1.0, -1.0, -1.0])
22:09:49:110521, 3, 1, 1631786989.1091578, 20, GPS(-43.520646, 172.582938, 21.382754, var=[1.0, 1.0, 1.0]), 49.075654748493555, GPS(-43.520600, 172.583000, 0.000000, var=[-1.0, -1.0, -1.0])
22:09:49:143394, 2, 1, 1631786989.1419098, 20, GPS(-43.520556, 172.583062, 21.385923, var=[1.0, 1.0, 1.0]), 49.041647602218504, GPS(-43.520600, 172.583000, 0.000000, var=[-1.0, -1.0, -1.0])
22:09:49:145807, 1, 1, 1631786989.1439078, 20, GPS(-43.520556, 172.582939, 21.381897, var=[1.0, 1.0, 1.0]), 49.02891343079588, GPS(-43.520600, 172.583000, 0.000000, var=[-1.0, -1.0, -1.0])
22:09:50:063383, 4, 1, 1631786990.0621204, 21, GPS(-43.520646, 172.583063, 21.546779, var=[1.0, 1.0, 1.0]), 49.235058821662165, GPS(-43.520600, 172.583000, 0.000000, var=[-1.0, -1.0, -1.0])
22:09:50:112971, 3, 1, 1631786990.1111636, 21, GPS(-43.520646, 172.582938, 21.383753, var=[1.0, 1.0, 1.0]), 49.06503930965464, GPS(-43.520600, 172.583000, 0.000000, var=[-1.0, -1.0, -1.0])
22:09:50:147052, 2, 1, 1631786990.1450438, 21, GPS(-43.520556, 172.583062, 21.384923, var=[1.0, 1.0, 1.0]), 49.029983432838904, GPS(-43.520600, 172.583000, 0.000000, var=[-1.0, -1.0, -1.0])
22:09:50:149280, 1, 1, 1631786990.1474297, 21, GPS(-43.520556, 172.582939, 21.380897, var=[1.0, 1.0, 1.0]), 49.01494381121938, GPS(-43.520600, 172.583000, 0.000000, var=[-1.0, -1.0, -1.0])
22:09:51:066331, 4, 1, 1631786991.0643032, 22, GPS(-43.520646, 172.583063, 21.547780, var=[1.0, 1.0, 1.0]), 49.23950665370937, GPS(-43.520600, 172.583000, 0.000000, var=[-1.0, -1.0, -1.0])
22:09:51:115689, 3, 1, 1631786991.114357, 22, GPS(-43.520646, 172.582938, 21.385753, var=[1.0, 1.0, 1.0]), 49.07292671093751, GPS(-43.520600, 172.583000, 0.000000, var=[-1.0, -1.0, -1.0])
22:09:51:150930, 2, 1, 1631786991.148748, 22, GPS(-43.520556, 172.583062, 21.376922, var=[1.0, 1.0, 1.0]), 49.024158760100434, GPS(-43.520600, 172.583000, 0.000000, var=[-1.0, -1.0, -1.0])
22:09:51:153902, 1, 1, 1631786991.151503, 22, GPS(-43.520556, 172.582939, 21.378897, var=[1.0, 1.0, 1.0]), 49.01660428169721, GPS(-43.520600, 172.583000, 0.000000, var=[-1.0, -1.0, -1.0])
22:09:52:068330, 4, 1, 1631786992.0667284, 23, GPS(-43.520646, 172.583063, 21.526779, var=[1.0, 1.0, 1.0]), 49.20893699118195, GPS(-43.520600, 172.583000, 0.000000, var=[-1.0, -1.0, -1.0])
22:09:52:119782, 3, 1, 1631786992.1181092, 23, GPS(-43.520646, 172.582938, 21.384753, var=[1.0, 1.0, 1.0]), 49.06668682076419, GPS(-43.520600, 172.583000, 0.000000, var=[-1.0, -1.0, -1.0])
22:09:52:151684, 2, 1, 1631786992.1504974, 23, GPS(-43.520556, 172.583062, 21.370922, var=[1.0, 1.0, 1.0]), 49.00781194355275, GPS(-43.520600, 172.583000, 0.000000, var=[-1.0, -1.0, -1.0])
22:09:52:155522, 1, 1, 1631786992.1535888, 23, GPS(-43.520556, 172.582939, 21.371897, var=[1.0, 1.0, 1.0]), 49.00109832276178, GPS(-43.520600, 172.583000, 0.000000, var=[-1.0, -1.0, -1.0])
22:09:53:072357, 4, 1, 1631786993.0695932, 24, GPS(-43.520646, 172.583063, 21.524779, var=[1.0, 1.0, 1.0]), 49.19703983253336, GPS(-43.520600, 172.583000, 0.000000, var=[-1.0, -1.0, -1.0])
22:09:53:122476, 3, 1, 1631786993.1206179, 24, GPS(-43.520646, 172.582938, 21.372753, var=[1.0, 1.0, 1.0]), 49.045304391864036, GPS(-43.520600, 172.583000, 0.000000, var=[-1.0, -1.0, -1.0])
22:09:53:155572, 2, 1, 1631786993.153686, 24, GPS(-43.520556, 172.583062, 21.369922, var=[1.0, 1.0, 1.0]), 48.99865635051454, GPS(-43.520600, 172.583000, 0.000000, var=[-1.0, -1.0, -1.0])
22:09:53:157713, 1, 1, 1631786993.156383, 24, GPS(-43.520556, 172.582939, 21.372897, var=[1.0, 1.0, 1.0]), 48.992049839992305, GPS(-43.520600, 172.583000, 0.000000, var=[-1.0, -1.0, -1.0])
22:09:54:073542, 4, 1, 1631786994.071703, 25, GPS(-43.520646, 172.583063, 21.507779, var=[1.0, 1.0, 1.0]), 49.19192180112748, GPS(-43.520600, 172.583000, 0.000000, var=[-1.0, -1.0, -1.0])
22:09:54:125361, 3, 1, 1631786994.1237018, 25, GPS(-43.520646, 172.582938, 21.369753, var=[1.0, 1.0, 1.0]), 49.04560424485773, GPS(-43.520600, 172.583000, 0.000000, var=[-1.0, -1.0, -1.0])
22:09:54:157712, 2, 1, 1631786994.1562147, 25, GPS(-43.520556, 172.583062, 21.359922, var=[1.0, 1.0, 1.0]), 48.99587771755951, GPS(-43.520600, 172.583000, 0.000000, var=[-1.0, -1.0, -1.0])
22:09:54:160813, 1, 1, 1631786994.159206, 25, GPS(-43.520556, 172.582939, 21.370897, var=[1.0, 1.0, 1.0]), 48.989111255978315, GPS(-43.520600, 172.583000, 0.000000, var=[-1.0, -1.0, -1.0])
22:09:55:077703, 4, 1, 1631786995.073829, 26, GPS(-43.520646, 172.583063, 21.520779, var=[1.0, 1.0, 1.0]), 49.192381827013335, GPS(-43.520600, 172.583000, 0.000000, var=[-1.0, -1.0, -1.0])
22:09:55:129060, 3, 1, 1631786995.127027, 26, GPS(-43.520646, 172.582939, 21.364753, var=[1.0, 1.0, 1.0]), 49.029750745244044, GPS(-43.520600, 172.583000, 0.000000, var=[-1.0, -1.0, -1.0])
22:09:55:160475, 2, 1, 1631786995.158274, 26, GPS(-43.520556, 172.583062, 21.349922, var=[1.0, 1.0, 1.0]), 48.97809968232343, GPS(-43.520600, 172.583000, 0.000000, var=[-1.0, -1.0, -1.0])
22:09:55:162107, 1, 1, 1631786995.1608658, 26, GPS(-43.520556, 172.582939, 21.367897, var=[1.0, 1.0, 1.0]), 48.97553214172458, GPS(-43.520600, 172.583000, 0.000000, var=[-1.0, -1.0, -1.0])
22:09:56:080424, 4, 1, 1631786996.0778475, 27, GPS(-43.520646, 172.583063, 21.512779, var=[1.0, 1.0, 1.0]), 49.17792409099354, GPS(-43.520600, 172.583000, 0.000000, var=[-1.0, -1.0, -1.0])
22:09:56:131567, 3, 1, 1631786996.1298537, 27, GPS(-43.520646, 172.582938, 21.367753, var=[1.0, 1.0, 1.0]), 49.034358453909284, GPS(-43.520600, 172.583000, 0.000000, var=[-1.0, -1.0, -1.0])
22:09:56:162916, 2, 1, 1631786996.1616523, 27, GPS(-43.520556, 172.583062, 21.352922, var=[1.0, 1.0, 1.0]), 48.971661463010456, GPS(-43.520600, 172.583000, 0.000000, var=[-1.0, -1.0, -1.0])
22:09:56:165405, 1, 1, 1631786996.163811, 27, GPS(-43.520556, 172.582939, 21.365897, var=[1.0, 1.0, 1.0]), 48.96614163154226, GPS(-43.520600, 172.583000, 0.000000, var=[-1.0, -1.0, -1.0])
22:09:57:083324, 4, 1, 1631786997.080198, 28, GPS(-43.520646, 172.583063, 21.528779, var=[1.0, 1.0, 1.0]), 49.18462669663737, GPS(-43.520600, 172.583000, 0.000000, var=[-1.0, -1.0, -1.0])
22:09:57:134043, 3, 1, 1631786997.1319377, 28, GPS(-43.520646, 172.582938, 21.356753, var=[1.0, 1.0, 1.0]), 49.01115814120975, GPS(-43.520600, 172.583000, 0.000000, var=[-1.0, -1.0, -1.0])
22:09:57:169582, 2, 1, 1631786997.1665761, 28, GPS(-43.520556, 172.583062, 21.377922, var=[1.0, 1.0, 1.0]), 48.976051113975785, GPS(-43.520600, 172.583000, 0.000000, var=[-1.0, -1.0, -1.0])
22:09:57:170485, 1, 1, 1631786997.1677275, 28, GPS(-43.520556, 172.582939, 21.381896, var=[1.0, 1.0, 1.0]), 48.9661856781632, GPS(-43.520600, 172.583000, 0.000000, var=[-1.0, -1.0, -1.0])
22:09:58:086170, 4, 1, 1631786998.0839496, 29, GPS(-43.520646, 172.583063, 21.535779, var=[1.0, 1.0, 1.0]), 49.205855183473005, GPS(-43.520600, 172.583000, 0.000000, var=[-1.0, -1.0, -1.0])
22:09:58:135874, 3, 1, 1631786998.1341262, 29, GPS(-43.520646, 172.582939, 21.376753, var=[1.0, 1.0, 1.0]), 49.04043547703006, GPS(-43.520600, 172.583000, 0.000000, var=[-1.0, -1.0, -1.0])
22:09:58:172221, 2, 1, 1631786998.1701396, 29, GPS(-43.520556, 172.583062, 21.387922, var=[1.0, 1.0, 1.0]), 48.995850713931105, GPS(-43.520600, 172.583000, 0.000000, var=[-1.0, -1.0, -1.0])
22:09:58:174294, 1, 1, 1631786998.1716242, 29, GPS(-43.520556, 172.582939, 21.381896, var=[1.0, 1.0, 1.0]), 48.978270984039554, GPS(-43.520600, 172.583000, 0.000000, var=[-1.0, -1.0, -1.0])
22:09:59:089031, 4, 1, 1631786999.0873103, 30, GPS(-43.520646, 172.583062, 21.552779, var=[1.0, 1.0, 1.0]), 49.248710710021086, GPS(-43.520600, 172.583000, 0.000000, var=[-1.0, -1.0, -1.0])
22:09:59:142162, 3, 1, 1631786999.139383, 30, GPS(-43.520646, 172.582938, 21.389753, var=[1.0, 1.0, 1.0]), 49.08592578786325, GPS(-43.520600, 172.583000, 0.000000, var=[-1.0, -1.0, -1.0])
22:09:59:176497, 2, 1, 1631786999.1745887, 30, GPS(-43.520556, 172.583062, 21.398922, var=[1.0, 1.0, 1.0]), 49.02920014811243, GPS(-43.520600, 172.583000, 0.000000, var=[-1.0, -1.0, -1.0])
22:09:59:176854, 1, 1, 1631786999.1749108, 30, GPS(-43.520556, 172.582938, 21.394896, var=[1.0, 1.0, 1.0]), 49.02241117365695, GPS(-43.520600, 172.583000, 0.000000, var=[-1.0, -1.0, -1.0])
22:10:00:092634, 4, 1, 1631787000.0895529, 31, GPS(-43.520646, 172.583062, 21.564778, var=[1.0, 1.0, 1.0]), 49.274353554299736, GPS(-43.520600, 172.583000, 0.000000, var=[-1.0, -1.0, -1.0])
22:10:00:143322, 3, 1, 1631787000.1414106, 31, GPS(-43.520646, 172.582938, 21.395752, var=[1.0, 1.0, 1.0]), 49.118363914826276, GPS(-43.520600, 172.583000, 0.000000, var=[-1.0, -1.0, -1.0])
22:10:00:179943, 2, 1, 1631787000.1775053, 31, GPS(-43.520556, 172.583062, 21.390922, var=[1.0, 1.0, 1.0]), 49.037488852331336, GPS(-43.520600, 172.583000, 0.000000, var=[-1.0, -1.0, -1.0])
22:10:00:180707, 1, 1, 1631787000.178846, 31, GPS(-43.520556, 172.582938, 21.388896, var=[1.0, 1.0, 1.0]), 49.03974695589754, GPS(-43.520600, 172.583000, 0.000000, var=[-1.0, -1.0, -1.0])
22:10:01:095024, 4, 1, 1631787001.0930405, 32, GPS(-43.520646, 172.583062, 21.576779, var=[1.0, 1.0, 1.0]), 49.28828969018318, GPS(-43.520600, 172.583000, 0.000000, var=[-1.0, -1.0, -1.0])
22:10:01:146238, 3, 1, 1631787001.1446683, 32, GPS(-43.520646, 172.582938, 21.394753, var=[1.0, 1.0, 1.0]), 49.12421227688645, GPS(-43.520600, 172.583000, 0.000000, var=[-1.0, -1.0, -1.0])
22:10:01:183942, 2, 1, 1631787001.1811175, 32, GPS(-43.520556, 172.583062, 21.405922, var=[1.0, 1.0, 1.0]), 49.06245200260228, GPS(-43.520600, 172.583000, 0.000000, var=[-1.0, -1.0, -1.0])
22:10:01:184089, 1, 1, 1631787001.1816556, 32, GPS(-43.520556, 172.582938, 21.404897, var=[1.0, 1.0, 1.0]), 49.06985290386869, GPS(-43.520600, 172.583000, 0.000000, var=[-1.0, -1.0, -1.0])
22:10:02:099158, 4, 1, 1631787002.0972533, 33, GPS(-43.520646, 172.583062, 21.602779, var=[1.0, 1.0, 1.0]), 49.30703782844496, GPS(-43.520600, 172.583000, 0.000000, var=[-1.0, -1.0, -1.0])
22:10:02:149438, 3, 1, 1631787002.1475768, 33, GPS(-43.520646, 172.582938, 21.421753, var=[1.0, 1.0, 1.0]), 49.15489118761748, GPS(-43.520600, 172.583000, 0.000000, var=[-1.0, -1.0, -1.0])
22:10:02:185634, 2, 1, 1631787002.1839955, 33, GPS(-43.520556, 172.583061, 21.429922, var=[1.0, 1.0, 1.0]), 49.089212381952734, GPS(-43.520600, 172.583000, 0.000000, var=[-1.0, -1.0, -1.0])
22:10:02:186579, 1, 1, 1631787002.1851387, 33, GPS(-43.520556, 172.582938, 21.425897, var=[1.0, 1.0, 1.0]), 49.100883276611434, GPS(-43.520600, 172.583000, 0.000000, var=[-1.0, -1.0, -1.0])
22:10:03:102474, 4, 1, 1631787003.1002228, 34, GPS(-43.520646, 172.583062, 21.630780, var=[1.0, 1.0, 1.0]), 49.35933888128529, GPS(-43.520600, 172.583000, 0.000000, var=[-1.0, -1.0, -1.0])
22:10:03:152436, 3, 1, 1631787003.1507485, 34, GPS(-43.520646, 172.582938, 21.447753, var=[1.0, 1.0, 1.0]), 49.20447820271272, GPS(-43.520600, 172.583000, 0.000000, var=[-1.0, -1.0, -1.0])
22:10:03:190849, 2, 1, 1631787003.1884599, 34, GPS(-43.520556, 172.583061, 21.458923, var=[1.0, 1.0, 1.0]), 49.15044507160923, GPS(-43.520600, 172.583000, 0.000000, var=[-1.0, -1.0, -1.0])
22:10:03:191195, 1, 1, 1631787003.189165, 34, GPS(-43.520556, 172.582938, 21.470897, var=[1.0, 1.0, 1.0]), 49.176678797826085, GPS(-43.520600, 172.583000, 0.000000, var=[-1.0, -1.0, -1.0])
22:10:04:105826, 4, 1, 1631787004.1030653, 35, GPS(-43.520645, 172.583062, 21.641780, var=[1.0, 1.0, 1.0]), 49.37312811831336, GPS(-43.520600, 172.583000, 0.000000, var=[-1.0, -1.0, -1.0])
22:10:04:154793, 3, 1, 1631787004.1530685, 35, GPS(-43.520646, 172.582938, 21.475753, var=[1.0, 1.0, 1.0]), 49.23535530821996, GPS(-43.520600, 172.583000, 0.000000, var=[-1.0, -1.0, -1.0])
22:10:04:194585, 1, 1, 1631787004.1915755, 35, GPS(-43.520556, 172.582938, 21.479897, var=[1.0, 1.0, 1.0]), 49.197697181172686, GPS(-43.520600, 172.583000, 0.000000, var=[-1.0, -1.0, -1.0])
22:10:04:194785, 2, 1, 1631787004.1917837, 35, GPS(-43.520556, 172.583061, 21.471923, var=[1.0, 1.0, 1.0]), 49.17416919578668, GPS(-43.520600, 172.583000, 0.000000, var=[-1.0, -1.0, -1.0])
22:10:05:110149, 4, 1, 1631787005.1074445, 36, GPS(-43.520645, 172.583062, 21.657780, var=[1.0, 1.0, 1.0]), 49.405602733213684, GPS(-43.520600, 172.583000, 0.000000, var=[-1.0, -1.0, -1.0])
22:10:05:157979, 3, 1, 1631787005.1562731, 36, GPS(-43.520646, 172.582938, 21.483754, var=[1.0, 1.0, 1.0]), 49.258420431977356, GPS(-43.520600, 172.583000, 0.000000, var=[-1.0, -1.0, -1.0])
22:10:05:196388, 2, 1, 1631787005.1944726, 36, GPS(-43.520556, 172.583061, 21.489923, var=[1.0, 1.0, 1.0]), 49.21278090915506, GPS(-43.520600, 172.583000, 0.000000, var=[-1.0, -1.0, -1.0])
22:10:05:196918, 1, 1, 1631787005.1945374, 36, GPS(-43.520556, 172.582938, 21.481897, var=[1.0, 1.0, 1.0]), 49.21999222324706, GPS(-43.520600, 172.583000, 0.000000, var=[-1.0, -1.0, -1.0])
22:10:06:113056, 4, 1, 1631787006.1113222, 37, GPS(-43.520645, 172.583062, 21.674780, var=[1.0, 1.0, 1.0]), 49.44113490335835, GPS(-43.520600, 172.583000, 0.000000, var=[-1.0, -1.0, -1.0])
22:10:06:160452, 3, 1, 1631787006.1592698, 37, GPS(-43.520646, 172.582938, 21.494753, var=[1.0, 1.0, 1.0]), 49.279392435043924, GPS(-43.520600, 172.583000, 0.000000, var=[-1.0, -1.0, -1.0])
22:10:06:198422, 1, 1, 1631787006.1962771, 37, GPS(-43.520556, 172.582938, 21.512897, var=[1.0, 1.0, 1.0]), 49.25751985074576, GPS(-43.520600, 172.583000, 0.000000, var=[-1.0, -1.0, -1.0])
22:10:06:200772, 2, 1, 1631787006.198421, 37, GPS(-43.520556, 172.583062, 21.509923, var=[1.0, 1.0, 1.0]), 49.25049349528267, GPS(-43.520600, 172.583000, 0.000000, var=[-1.0, -1.0, -1.0])
22:10:07:118652, 4, 1, 1631787007.1155803, 38, GPS(-43.520645, 172.583062, 21.673780, var=[1.0, 1.0, 1.0]), 49.45486598918502, GPS(-43.520600, 172.583000, 0.000000, var=[-1.0, -1.0, -1.0])
22:10:07:163166, 3, 1, 1631787007.1611454, 38, GPS(-43.520646, 172.582938, 21.510753, var=[1.0, 1.0, 1.0]), 49.30392435489303, GPS(-43.520600, 172.583000, 0.000000, var=[-1.0, -1.0, -1.0])
22:10:07:201556, 1, 1, 1631787007.1994572, 38, GPS(-43.520556, 172.582939, 21.517897, var=[1.0, 1.0, 1.0]), 49.26744644130542, GPS(-43.520600, 172.583000, 0.000000, var=[-1.0, -1.0, -1.0])
22:10:07:203924, 2, 1, 1631787007.2015364, 38, GPS(-43.520556, 172.583062, 21.527923, var=[1.0, 1.0, 1.0]), 49.27987671557786, GPS(-43.520600, 172.583000, 0.000000, var=[-1.0, -1.0, -1.0])
22:10:08:120728, 4, 1, 1631787008.1181023, 39, GPS(-43.520646, 172.583062, 21.677780, var=[1.0, 1.0, 1.0]), 49.484451147139865, GPS(-43.520600, 172.583000, 0.000000, var=[-1.0, -1.0, -1.0])
22:10:08:166958, 3, 1, 1631787008.1649175, 39, GPS(-43.520646, 172.582938, 21.517753, var=[1.0, 1.0, 1.0]), 49.332141780976926, GPS(-43.520600, 172.583000, 0.000000, var=[-1.0, -1.0, -1.0])
22:10:08:206575, 1, 1, 1631787008.2034311, 39, GPS(-43.520556, 172.582939, 21.520897, var=[1.0, 1.0, 1.0]), 49.285206713687046, GPS(-43.520600, 172.583000, 0.000000, var=[-1.0, -1.0, -1.0])
22:10:08:209339, 2, 1, 1631787008.206041, 39, GPS(-43.520556, 172.583062, 21.516923, var=[1.0, 1.0, 1.0]), 49.289007177377684, GPS(-43.520600, 172.583000, 0.000000, var=[-1.0, -1.0, -1.0])
22:10:09:125029, 4, 1, 1631787009.1220138, 40, GPS(-43.520646, 172.583063, 21.676779, var=[1.0, 1.0, 1.0]), 49.49853457083323, GPS(-43.520600, 172.583000, 0.000000, var=[-1.0, -1.0, -1.0])
22:10:09:171582, 3, 1, 1631787009.1687677, 40, GPS(-43.520646, 172.582938, 21.522753, var=[1.0, 1.0, 1.0]), 49.3405882301649, GPS(-43.520600, 172.583000, 0.000000, var=[-1.0, -1.0, -1.0])
22:10:09:209690, 1, 1, 1631787009.2076895, 40, GPS(-43.520556, 172.582939, 21.515897, var=[1.0, 1.0, 1.0]), 49.27749059837568, GPS(-43.520600, 172.583000, 0.000000, var=[-1.0, -1.0, -1.0])
22:10:09:211587, 2, 1, 1631787009.2094185, 40, GPS(-43.520556, 172.583062, 21.514922, var=[1.0, 1.0, 1.0]), 49.291245661514765, GPS(-43.520600, 172.583000, 0.000000, var=[-1.0, -1.0, -1.0])
22:10:10:128139, 4, 1, 1631787010.1256375, 41, GPS(-43.520646, 172.583063, 21.672779, var=[1.0, 1.0, 1.0]), 49.49719015524373, GPS(-43.520600, 172.583000, 0.000000, var=[-1.0, -1.0, -1.0])
22:10:10:172557, 3, 1, 1631787010.1711504, 41, GPS(-43.520646, 172.582939, 21.518753, var=[1.0, 1.0, 1.0]), 49.32430481834375, GPS(-43.520600, 172.583000, 0.000000, var=[-1.0, -1.0, -1.0])
22:10:10:212950, 1, 1, 1631787010.2105575, 41, GPS(-43.520556, 172.582939, 21.504897, var=[1.0, 1.0, 1.0]), 49.2515158762162, GPS(-43.520600, 172.583000, 0.000000, var=[-1.0, -1.0, -1.0])
22:10:10:214182, 2, 1, 1631787010.2125967, 41, GPS(-43.520556, 172.583063, 21.509923, var=[1.0, 1.0, 1.0]), 49.28468441217459, GPS(-43.520600, 172.583000, 0.000000, var=[-1.0, -1.0, -1.0])
22:10:11:131926, 4, 1, 1631787011.1299667, 42, GPS(-43.520646, 172.583063, 21.662779, var=[1.0, 1.0, 1.0]), 49.48649921029462, GPS(-43.520600, 172.583000, 0.000000, var=[-1.0, -1.0, -1.0])
22:10:11:176261, 3, 1, 1631787011.1738453, 42, GPS(-43.520646, 172.582939, 21.508753, var=[1.0, 1.0, 1.0]), 49.310085296804495, GPS(-43.520600, 172.583000, 0.000000, var=[-1.0, -1.0, -1.0])
22:10:11:213717, 1, 1, 1631787011.2125177, 42, GPS(-43.520556, 172.582939, 21.490897, var=[1.0, 1.0, 1.0]), 49.23523657196691, GPS(-43.520600, 172.583000, 0.000000, var=[-1.0, -1.0, -1.0])
22:10:11:219453, 2, 1, 1631787011.216408, 42, GPS(-43.520556, 172.583063, 21.504922, var=[1.0, 1.0, 1.0]), 49.27813042865621, GPS(-43.520600, 172.583000, 0.000000, var=[-1.0, -1.0, -1.0])
22:10:12:133697, 4, 1, 1631787012.1319046, 43, GPS(-43.520646, 172.583063, 21.656779, var=[1.0, 1.0, 1.0]), 49.47232198448194, GPS(-43.520600, 172.583000, 0.000000, var=[-1.0, -1.0, -1.0])
22:10:12:178986, 3, 1, 1631787012.1776555, 43, GPS(-43.520646, 172.582939, 21.493753, var=[1.0, 1.0, 1.0]), 49.294114096704305, GPS(-43.520600, 172.583000, 0.000000, var=[-1.0, -1.0, -1.0])
22:10:12:215802, 1, 1, 1631787012.214331, 43, GPS(-43.520556, 172.582939, 21.482897, var=[1.0, 1.0, 1.0]), 49.22578218801807, GPS(-43.520600, 172.583000, 0.000000, var=[-1.0, -1.0, -1.0])
22:10:12:221768, 2, 1, 1631787012.2201812, 43, GPS(-43.520556, 172.583063, 21.499923, var=[1.0, 1.0, 1.0]), 49.26797662828969, GPS(-43.520600, 172.583000, 0.000000, var=[-1.0, -1.0, -1.0])
22:10:13:137523, 4, 1, 1631787013.1357684, 44, GPS(-43.520646, 172.583063, 21.635780, var=[1.0, 1.0, 1.0]), 49.443249208593954, GPS(-43.520600, 172.583000, 0.000000, var=[-1.0, -1.0, -1.0])
22:10:13:183222, 3, 1, 1631787013.1813967, 44, GPS(-43.520646, 172.582939, 21.480753, var=[1.0, 1.0, 1.0]), 49.27867094598817, GPS(-43.520600, 172.583000, 0.000000, var=[-1.0, -1.0, -1.0])
22:10:13:219093, 1, 1, 1631787013.21765, 44, GPS(-43.520556, 172.582939, 21.466897, var=[1.0, 1.0, 1.0]), 49.207444209065486, GPS(-43.520600, 172.583000, 0.000000, var=[-1.0, -1.0, -1.0])
22:10:13:225375, 2, 1, 1631787013.223338, 44, GPS(-43.520556, 172.583063, 21.472923, var=[1.0, 1.0, 1.0]), 49.23984781850193, GPS(-43.520600, 172.583000, 0.000000, var=[-1.0, -1.0, -1.0])
STOP: 09/16/2021 22:10:14:305571
