START: 09/16/2021 22:02:53:845762
TIME,            RX_ID,          STATE,          TIMESTAMP,          SEQ_NO,          RX_COORDS,          RANGE_READING,          TARGET_COORDS,          
22:03:12:498965, 2, 1, 1631786592.475171, 0, GPS(-43.520555, 172.583062, 21.337924, var=[1.0, 1.0, 1.0]), 37.48574049445217, GPS(-43.520600, 172.583000, 0.000000, var=[-1.0, -1.0, -1.0])
22:03:12:537226, 4, 1, 1631786592.5346975, 0, GPS(-43.520645, 172.583063, 21.356781, var=[1.0, 1.0, 1.0]), 37.51446511098149, GPS(-43.520600, 172.583000, 0.000000, var=[-1.0, -1.0, -1.0])
22:03:12:541666, 1, 1, 1631786592.5383122, 0, GPS(-43.520554, 172.582938, 21.325899, var=[1.0, 1.0, 1.0]), 37.481418319729514, GPS(-43.520600, 172.583000, 0.000000, var=[-1.0, -1.0, -1.0])
22:03:12:542581, 3, 1, 1631786592.5391352, 0, GPS(-43.520645, 172.582938, 21.333755, var=[1.0, 1.0, 1.0]), 37.46585304878674, GPS(-43.520600, 172.583000, 0.000000, var=[-1.0, -1.0, -1.0])
22:03:13:468496, 2, 1, 1631786593.465972, 1, GPS(-43.520555, 172.583062, 21.356925, var=[1.0, 1.0, 1.0]), 48.84529182850245, GPS(-43.520600, 172.583000, 0.000000, var=[-1.0, -1.0, -1.0])
22:03:13:469605, 3, 1, 1631786593.4659886, 1, GPS(-43.520644, 172.582938, 21.350756, var=[1.0, 1.0, 1.0]), 48.8064762479637, GPS(-43.520600, 172.583000, 0.000000, var=[-1.0, -1.0, -1.0])
22:03:13:470619, 1, 1, 1631786593.4660094, 1, GPS(-43.520554, 172.582938, 21.347899, var=[1.0, 1.0, 1.0]), 48.839541679680735, GPS(-43.520600, 172.583000, 0.000000, var=[-1.0, -1.0, -1.0])
22:03:13:471714, 4, 1, 1631786593.4659994, 1, GPS(-43.520645, 172.583063, 21.378781, var=[1.0, 1.0, 1.0]), 48.86516543931204, GPS(-43.520600, 172.583000, 0.000000, var=[-1.0, -1.0, -1.0])
22:03:14:470697, 2, 1, 1631786594.466343, 2, GPS(-43.520555, 172.583062, 21.369925, var=[1.0, 1.0, 1.0]), 48.87756258190592, GPS(-43.520600, 172.583000, 0.000000, var=[-1.0, -1.0, -1.0])
22:03:14:471974, 3, 1, 1631786594.4679196, 2, GPS(-43.520644, 172.582938, 21.372756, var=[1.0, 1.0, 1.0]), 48.84374906430368, GPS(-43.520600, 172.583000, 0.000000, var=[-1.0, -1.0, -1.0])
22:03:14:472845, 1, 1, 1631786594.467398, 2, GPS(-43.520554, 172.582938, 21.353899, var=[1.0, 1.0, 1.0]), 48.86517045080653, GPS(-43.520600, 172.583000, 0.000000, var=[-1.0, -1.0, -1.0])
22:03:14:474562, 4, 1, 1631786594.467652, 2, GPS(-43.520645, 172.583063, 21.383781, var=[1.0, 1.0, 1.0]), 48.888033993825644, GPS(-43.520600, 172.583000, 0.000000, var=[-1.0, -1.0, -1.0])
22:03:14:477846, 3, 1, 1631786594.4733725, 3, GPS(-43.520644, 172.582938, 21.372756, var=[1.0, 1.0, 1.0]), 48.84374906430368, GPS(-43.520600, 172.583000, 0.000000, var=[-1.0, -1.0, -1.0])
22:03:14:479083, 1, 1, 1631786594.473138, 3, GPS(-43.520554, 172.582938, 21.353899, var=[1.0, 1.0, 1.0]), 48.86517045080653, GPS(-43.520600, 172.583000, 0.000000, var=[-1.0, -1.0, -1.0])
22:03:14:480002, 4, 1, 1631786594.4731576, 3, GPS(-43.520645, 172.583063, 21.383781, var=[1.0, 1.0, 1.0]), 48.888033993825644, GPS(-43.520600, 172.583000, 0.000000, var=[-1.0, -1.0, -1.0])
22:03:14:480684, 2, 1, 1631786594.4732625, 3, GPS(-43.520555, 172.583062, 21.369925, var=[1.0, 1.0, 1.0]), 48.87756258190592, GPS(-43.520600, 172.583000, 0.000000, var=[-1.0, -1.0, -1.0])
22:03:15:475721, 1, 1, 1631786595.4733596, 4, GPS(-43.520554, 172.582938, 21.363899, var=[1.0, 1.0, 1.0]), 48.883561770981956, GPS(-43.520600, 172.583000, 0.000000, var=[-1.0, -1.0, -1.0])
22:03:15:476758, 2, 1, 1631786595.474305, 4, GPS(-43.520555, 172.583062, 21.396925, var=[1.0, 1.0, 1.0]), 48.91636880165136, GPS(-43.520600, 172.583000, 0.000000, var=[-1.0, -1.0, -1.0])
22:03:15:478399, 3, 1, 1631786595.4740696, 4, GPS(-43.520644, 172.582938, 21.385756, var=[1.0, 1.0, 1.0]), 48.87465433055374, GPS(-43.520600, 172.583000, 0.000000, var=[-1.0, -1.0, -1.0])
22:03:15:479360, 4, 1, 1631786595.4750838, 4, GPS(-43.520645, 172.583063, 21.399781, var=[1.0, 1.0, 1.0]), 48.92066783520353, GPS(-43.520600, 172.583000, 0.000000, var=[-1.0, -1.0, -1.0])
22:03:15:482174, 1, 1, 1631786595.475945, 5, GPS(-43.520554, 172.582938, 21.363899, var=[1.0, 1.0, 1.0]), 48.883561770981956, GPS(-43.520600, 172.583000, 0.000000, var=[-1.0, -1.0, -1.0])
22:03:15:484714, 2, 1, 1631786595.47592, 5, GPS(-43.520555, 172.583062, 21.396925, var=[1.0, 1.0, 1.0]), 48.91636880165136, GPS(-43.520600, 172.583000, 0.000000, var=[-1.0, -1.0, -1.0])
22:03:15:487563, 3, 1, 1631786595.475929, 5, GPS(-43.520644, 172.582938, 21.385756, var=[1.0, 1.0, 1.0]), 48.87465433055374, GPS(-43.520600, 172.583000, 0.000000, var=[-1.0, -1.0, -1.0])
22:03:15:489215, 4, 1, 1631786595.4761376, 5, GPS(-43.520645, 172.583063, 21.399781, var=[1.0, 1.0, 1.0]), 48.92066783520353, GPS(-43.520600, 172.583000, 0.000000, var=[-1.0, -1.0, -1.0])
22:03:16:479606, 3, 1, 1631786596.4767916, 6, GPS(-43.520645, 172.582938, 21.403755, var=[1.0, 1.0, 1.0]), 48.91481218598154, GPS(-43.520600, 172.583000, 0.000000, var=[-1.0, -1.0, -1.0])
22:03:16:480317, 1, 1, 1631786596.4778652, 6, GPS(-43.520555, 172.582938, 21.398899, var=[1.0, 1.0, 1.0]), 48.93131741748042, GPS(-43.520600, 172.583000, 0.000000, var=[-1.0, -1.0, -1.0])
22:03:16:482525, 2, 1, 1631786596.4777296, 6, GPS(-43.520555, 172.583062, 21.425925, var=[1.0, 1.0, 1.0]), 48.95665947725321, GPS(-43.520600, 172.583000, 0.000000, var=[-1.0, -1.0, -1.0])
22:03:16:483581, 4, 1, 1631786596.4780068, 6, GPS(-43.520645, 172.583063, 21.420781, var=[1.0, 1.0, 1.0]), 48.95763648933284, GPS(-43.520600, 172.583000, 0.000000, var=[-1.0, -1.0, -1.0])
22:03:16:487146, 1, 1, 1631786596.4803443, 7, GPS(-43.520555, 172.582938, 21.398899, var=[1.0, 1.0, 1.0]), 48.93131741748042, GPS(-43.520600, 172.583000, 0.000000, var=[-1.0, -1.0, -1.0])
22:03:16:488141, 2, 1, 1631786596.4803312, 7, GPS(-43.520555, 172.583062, 21.425925, var=[1.0, 1.0, 1.0]), 48.95665947725321, GPS(-43.520600, 172.583000, 0.000000, var=[-1.0, -1.0, -1.0])
22:03:16:489504, 4, 1, 1631786596.4803445, 7, GPS(-43.520645, 172.583063, 21.420781, var=[1.0, 1.0, 1.0]), 48.95763648933284, GPS(-43.520600, 172.583000, 0.000000, var=[-1.0, -1.0, -1.0])
22:03:16:491205, 3, 1, 1631786596.4804945, 7, GPS(-43.520645, 172.582938, 21.403755, var=[1.0, 1.0, 1.0]), 48.91481218598154, GPS(-43.520600, 172.583000, 0.000000, var=[-1.0, -1.0, -1.0])
22:03:17:482893, 3, 1, 1631786597.480637, 8, GPS(-43.520645, 172.582938, 21.433755, var=[1.0, 1.0, 1.0]), 48.97059935985578, GPS(-43.520600, 172.583000, 0.000000, var=[-1.0, -1.0, -1.0])
22:03:17:484016, 2, 1, 1631786597.4811976, 8, GPS(-43.520555, 172.583062, 21.448925, var=[1.0, 1.0, 1.0]), 49.001548343830066, GPS(-43.520600, 172.583000, 0.000000, var=[-1.0, -1.0, -1.0])
22:03:17:484900, 1, 1, 1631786597.481788, 8, GPS(-43.520555, 172.582938, 21.428899, var=[1.0, 1.0, 1.0]), 48.98213951791098, GPS(-43.520600, 172.583000, 0.000000, var=[-1.0, -1.0, -1.0])
22:03:17:486614, 4, 1, 1631786597.481972, 8, GPS(-43.520645, 172.583063, 21.440780, var=[1.0, 1.0, 1.0]), 49.00033159833558, GPS(-43.520600, 172.583000, 0.000000, var=[-1.0, -1.0, -1.0])
22:03:17:490184, 1, 1, 1631786597.4846344, 9, GPS(-43.520555, 172.582938, 21.428899, var=[1.0, 1.0, 1.0]), 48.98213951791098, GPS(-43.520600, 172.583000, 0.000000, var=[-1.0, -1.0, -1.0])
22:03:17:491102, 4, 1, 1631786597.4846268, 9, GPS(-43.520645, 172.583063, 21.440780, var=[1.0, 1.0, 1.0]), 49.00033159833558, GPS(-43.520600, 172.583000, 0.000000, var=[-1.0, -1.0, -1.0])
22:03:17:492545, 2, 1, 1631786597.4846144, 9, GPS(-43.520555, 172.583062, 21.448925, var=[1.0, 1.0, 1.0]), 49.001548343830066, GPS(-43.520600, 172.583000, 0.000000, var=[-1.0, -1.0, -1.0])
22:03:17:493614, 3, 1, 1631786597.4847682, 9, GPS(-43.520645, 172.582938, 21.433755, var=[1.0, 1.0, 1.0]), 48.97059935985578, GPS(-43.520600, 172.583000, 0.000000, var=[-1.0, -1.0, -1.0])
22:03:18:489799, 1, 1, 1631786598.4846725, 10, GPS(-43.520555, 172.582938, 21.443899, var=[1.0, 1.0, 1.0]), 49.026947447676555, GPS(-43.520600, 172.583000, 0.000000, var=[-1.0, -1.0, -1.0])
22:03:18:490734, 2, 1, 1631786598.4867198, 10, GPS(-43.520555, 172.583062, 21.447925, var=[1.0, 1.0, 1.0]), 49.024024557951805, GPS(-43.520600, 172.583000, 0.000000, var=[-1.0, -1.0, -1.0])
22:03:18:491570, 4, 1, 1631786598.4850304, 10, GPS(-43.520645, 172.583063, 21.451780, var=[1.0, 1.0, 1.0]), 49.0384386650504, GPS(-43.520600, 172.583000, 0.000000, var=[-1.0, -1.0, -1.0])
22:03:18:493108, 3, 1, 1631786598.4865277, 10, GPS(-43.520645, 172.582938, 21.437755, var=[1.0, 1.0, 1.0]), 49.004982693789714, GPS(-43.520600, 172.583000, 0.000000, var=[-1.0, -1.0, -1.0])
22:03:18:528704, 3, 1, 1631786598.5258048, 11, GPS(-43.520645, 172.582938, 21.437755, var=[1.0, 1.0, 1.0]), 49.011031792180304, GPS(-43.520600, 172.583000, 0.000000, var=[-1.0, -1.0, -1.0])
22:03:18:531560, 2, 1, 1631786598.529455, 11, GPS(-43.520555, 172.583062, 21.448925, var=[1.0, 1.0, 1.0]), 49.031023141812014, GPS(-43.520600, 172.583000, 0.000000, var=[-1.0, -1.0, -1.0])
22:03:18:539280, 4, 1, 1631786598.5370011, 11, GPS(-43.520645, 172.583063, 21.453780, var=[1.0, 1.0, 1.0]), 49.04638586901552, GPS(-43.520600, 172.583000, 0.000000, var=[-1.0, -1.0, -1.0])
22:03:18:540798, 1, 1, 1631786598.537862, 11, GPS(-43.520555, 172.582938, 21.445899, var=[1.0, 1.0, 1.0]), 49.03738214918734, GPS(-43.520600, 172.583000, 0.000000, var=[-1.0, -1.0, -1.0])
22:03:19:529183, 3, 1, 1631786599.5264232, 12, GPS(-43.520645, 172.582938, 21.456755, var=[1.0, 1.0, 1.0]), 49.0266408467063, GPS(-43.520600, 172.583000, 0.000000, var=[-1.0, -1.0, -1.0])
22:03:19:532193, 2, 1, 1631786599.530088, 12, GPS(-43.520555, 172.583062, 21.467925, var=[1.0, 1.0, 1.0]), 49.05153892798362, GPS(-43.520600, 172.583000, 0.000000, var=[-1.0, -1.0, -1.0])
22:03:19:540467, 4, 1, 1631786599.5380776, 12, GPS(-43.520645, 172.583063, 21.476781, var=[1.0, 1.0, 1.0]), 49.06082951433139, GPS(-43.520600, 172.583000, 0.000000, var=[-1.0, -1.0, -1.0])
22:03:19:541986, 1, 1, 1631786599.539454, 12, GPS(-43.520555, 172.582938, 21.452899, var=[1.0, 1.0, 1.0]), 49.04402586266144, GPS(-43.520600, 172.583000, 0.000000, var=[-1.0, -1.0, -1.0])
22:03:19:546614, 1, 1, 1631786599.542383, 13, GPS(-43.520555, 172.582938, 21.452899, var=[1.0, 1.0, 1.0]), 49.04402586266144, GPS(-43.520600, 172.583000, 0.000000, var=[-1.0, -1.0, -1.0])
22:03:19:548186, 3, 1, 1631786599.5423768, 13, GPS(-43.520645, 172.582938, 21.456755, var=[1.0, 1.0, 1.0]), 49.0266408467063, GPS(-43.520600, 172.583000, 0.000000, var=[-1.0, -1.0, -1.0])
22:03:19:549945, 2, 1, 1631786599.5423539, 13, GPS(-43.520555, 172.583062, 21.467925, var=[1.0, 1.0, 1.0]), 49.05153892798362, GPS(-43.520600, 172.583000, 0.000000, var=[-1.0, -1.0, -1.0])
22:03:19:551605, 4, 1, 1631786599.5423756, 13, GPS(-43.520645, 172.583063, 21.476781, var=[1.0, 1.0, 1.0]), 49.06082951433139, GPS(-43.520600, 172.583000, 0.000000, var=[-1.0, -1.0, -1.0])
22:03:20:548398, 2, 1, 1631786600.5427105, 14, GPS(-43.520555, 172.583062, 21.472925, var=[1.0, 1.0, 1.0]), 49.08018093596528, GPS(-43.520600, 172.583000, 0.000000, var=[-1.0, -1.0, -1.0])
22:03:20:550649, 4, 1, 1631786600.5430732, 14, GPS(-43.520645, 172.583063, 21.473781, var=[1.0, 1.0, 1.0]), 49.078705036629785, GPS(-43.520600, 172.583000, 0.000000, var=[-1.0, -1.0, -1.0])
22:03:20:552329, 3, 1, 1631786600.5430686, 14, GPS(-43.520644, 172.582938, 21.472756, var=[1.0, 1.0, 1.0]), 49.0601664227306, GPS(-43.520600, 172.583000, 0.000000, var=[-1.0, -1.0, -1.0])
22:03:20:553989, 1, 1, 1631786600.5430803, 14, GPS(-43.520554, 172.582938, 21.449899, var=[1.0, 1.0, 1.0]), 49.074719233754756, GPS(-43.520600, 172.583000, 0.000000, var=[-1.0, -1.0, -1.0])
22:03:20:559862, 2, 1, 1631786600.546216, 15, GPS(-43.520555, 172.583062, 21.472925, var=[1.0, 1.0, 1.0]), 49.08018093596528, GPS(-43.520600, 172.583000, 0.000000, var=[-1.0, -1.0, -1.0])
22:03:21:547839, 4, 1, 1631786601.544092, 15, GPS(-43.520645, 172.583062, 21.471781, var=[1.0, 1.0, 1.0]), 49.075667798712075, GPS(-43.520600, 172.583000, 0.000000, var=[-1.0, -1.0, -1.0])
22:03:21:549976, 3, 1, 1631786601.544937, 15, GPS(-43.520644, 172.582938, 21.467756, var=[1.0, 1.0, 1.0]), 49.05236577123222, GPS(-43.520600, 172.583000, 0.000000, var=[-1.0, -1.0, -1.0])
22:03:21:551235, 1, 1, 1631786601.5445259, 15, GPS(-43.520554, 172.582938, 21.436899, var=[1.0, 1.0, 1.0]), 49.06597432009043, GPS(-43.520600, 172.583000, 0.000000, var=[-1.0, -1.0, -1.0])
22:03:21:555203, 2, 1, 1631786601.5467608, 16, GPS(-43.520555, 172.583062, 21.475925, var=[1.0, 1.0, 1.0]), 49.081252522388404, GPS(-43.520600, 172.583000, 0.000000, var=[-1.0, -1.0, -1.0])
22:03:21:588155, 1, 1, 1631786601.5855703, 16, GPS(-43.520554, 172.582938, 21.436899, var=[1.0, 1.0, 1.0]), 49.068026369506015, GPS(-43.520600, 172.583000, 0.000000, var=[-1.0, -1.0, -1.0])
22:03:21:589836, 4, 1, 1631786601.5870855, 16, GPS(-43.520645, 172.583062, 21.472781, var=[1.0, 1.0, 1.0]), 49.07866952270771, GPS(-43.520600, 172.583000, 0.000000, var=[-1.0, -1.0, -1.0])
22:03:21:594089, 2, 1, 1631786601.5912526, 17, GPS(-43.520555, 172.583062, 21.475925, var=[1.0, 1.0, 1.0]), 49.08330457180398, GPS(-43.520600, 172.583000, 0.000000, var=[-1.0, -1.0, -1.0])
22:03:21:595124, 3, 1, 1631786601.5917926, 16, GPS(-43.520644, 172.582938, 21.467756, var=[1.0, 1.0, 1.0]), 49.0544178206478, GPS(-43.520600, 172.583000, 0.000000, var=[-1.0, -1.0, -1.0])
22:03:22:588486, 1, 1, 1631786602.5861897, 17, GPS(-43.520554, 172.582938, 21.433899, var=[1.0, 1.0, 1.0]), 49.06238402991468, GPS(-43.520600, 172.583000, 0.000000, var=[-1.0, -1.0, -1.0])
22:03:22:591527, 4, 1, 1631786602.5890734, 17, GPS(-43.520645, 172.583062, 21.465780, var=[1.0, 1.0, 1.0]), 49.07415392482599, GPS(-43.520600, 172.583000, 0.000000, var=[-1.0, -1.0, -1.0])
22:03:22:594126, 3, 1, 1631786602.5919163, 17, GPS(-43.520644, 172.582938, 21.472756, var=[1.0, 1.0, 1.0]), 49.06417711494957, GPS(-43.520600, 172.583000, 0.000000, var=[-1.0, -1.0, -1.0])
22:03:22:598993, 2, 1, 1631786602.5925374, 18, GPS(-43.520555, 172.583062, 21.468925, var=[1.0, 1.0, 1.0]), 49.07317692567719, GPS(-43.520600, 172.583000, 0.000000, var=[-1.0, -1.0, -1.0])
22:03:22:627979, 4, 1, 1631786602.6257613, 18, GPS(-43.520645, 172.583062, 21.465780, var=[1.0, 1.0, 1.0]), 49.071193940872014, GPS(-43.520600, 172.583000, 0.000000, var=[-1.0, -1.0, -1.0])
22:03:22:631961, 3, 1, 1631786602.6282344, 18, GPS(-43.520644, 172.582938, 21.472756, var=[1.0, 1.0, 1.0]), 49.0612171309956, GPS(-43.520600, 172.583000, 0.000000, var=[-1.0, -1.0, -1.0])
22:03:22:632728, 2, 1, 1631786602.6286886, 19, GPS(-43.520555, 172.583062, 21.467925, var=[1.0, 1.0, 1.0]), 49.07104313474284, GPS(-43.520600, 172.583000, 0.000000, var=[-1.0, -1.0, -1.0])
22:03:22:635416, 1, 1, 1631786602.6329713, 18, GPS(-43.520554, 172.582938, 21.433899, var=[1.0, 1.0, 1.0]), 49.05942404596071, GPS(-43.520600, 172.583000, 0.000000, var=[-1.0, -1.0, -1.0])
22:03:23:628837, 4, 1, 1631786603.626594, 19, GPS(-43.520645, 172.583062, 21.437780, var=[1.0, 1.0, 1.0]), 49.04540146188579, GPS(-43.520600, 172.583000, 0.000000, var=[-1.0, -1.0, -1.0])
22:03:23:631179, 2, 1, 1631786603.6290555, 20, GPS(-43.520555, 172.583062, 21.444924, var=[1.0, 1.0, 1.0]), 49.04750614639024, GPS(-43.520600, 172.583000, 0.000000, var=[-1.0, -1.0, -1.0])
22:03:23:631902, 3, 1, 1631786603.6289709, 19, GPS(-43.520644, 172.582938, 21.462756, var=[1.0, 1.0, 1.0]), 49.051339541367696, GPS(-43.520600, 172.583000, 0.000000, var=[-1.0, -1.0, -1.0])
22:03:23:635702, 1, 1, 1631786603.6340394, 19, GPS(-43.520554, 172.582938, 21.423899, var=[1.0, 1.0, 1.0]), 49.04464397921341, GPS(-43.520600, 172.583000, 0.000000, var=[-1.0, -1.0, -1.0])
22:03:23:668004, 2, 1, 1631786603.6655016, 21, GPS(-43.520555, 172.583062, 21.443924, var=[1.0, 1.0, 1.0]), 49.030523589628174, GPS(-43.520600, 172.583000, 0.000000, var=[-1.0, -1.0, -1.0])
22:03:23:669268, 3, 1, 1631786603.6674504, 20, GPS(-43.520644, 172.582938, 21.462755, var=[1.0, 1.0, 1.0]), 49.03773386592394, GPS(-43.520600, 172.583000, 0.000000, var=[-1.0, -1.0, -1.0])
22:03:23:670405, 1, 1, 1631786603.6679704, 20, GPS(-43.520555, 172.582938, 21.422899, var=[1.0, 1.0, 1.0]), 49.0251677921496, GPS(-43.520600, 172.583000, 0.000000, var=[-1.0, -1.0, -1.0])
22:03:23:674712, 4, 1, 1631786603.6718075, 20, GPS(-43.520645, 172.583062, 21.435780, var=[1.0, 1.0, 1.0]), 49.02746982223668, GPS(-43.520600, 172.583000, 0.000000, var=[-1.0, -1.0, -1.0])
22:03:24:669760, 2, 1, 1631786604.6670694, 22, GPS(-43.520555, 172.583062, 21.415924, var=[1.0, 1.0, 1.0]), 48.997649420388676, GPS(-43.520600, 172.583000, 0.000000, var=[-1.0, -1.0, -1.0])
22:03:24:671726, 3, 1, 1631786604.6686342, 21, GPS(-43.520644, 172.582938, 21.426755, var=[1.0, 1.0, 1.0]), 49.001503402288556, GPS(-43.520600, 172.583000, 0.000000, var=[-1.0, -1.0, -1.0])
22:03:24:672668, 1, 1, 1631786604.6686945, 21, GPS(-43.520555, 172.582938, 21.395899, var=[1.0, 1.0, 1.0]), 48.99572562074886, GPS(-43.520600, 172.583000, 0.000000, var=[-1.0, -1.0, -1.0])
22:03:24:675858, 4, 1, 1631786604.673104, 21, GPS(-43.520645, 172.583062, 21.416780, var=[1.0, 1.0, 1.0]), 49.00919959619049, GPS(-43.520600, 172.583000, 0.000000, var=[-1.0, -1.0, -1.0])
22:03:24:683436, 4, 1, 1631786604.6763227, 22, GPS(-43.520645, 172.583062, 21.416780, var=[1.0, 1.0, 1.0]), 49.00919959619049, GPS(-43.520600, 172.583000, 0.000000, var=[-1.0, -1.0, -1.0])
22:03:24:685242, 2, 1, 1631786604.6762934, 23, GPS(-43.520555, 172.583062, 21.415924, var=[1.0, 1.0, 1.0]), 48.997649420388676, GPS(-43.520600, 172.583000, 0.000000, var=[-1.0, -1.0, -1.0])
22:03:24:686829, 1, 1, 1631786604.676352, 22, GPS(-43.520555, 172.582938, 21.395899, var=[1.0, 1.0, 1.0]), 48.99572562074886, GPS(-43.520600, 172.583000, 0.000000, var=[-1.0, -1.0, -1.0])
22:03:24:688446, 3, 1, 1631786604.6763196, 22, GPS(-43.520644, 172.582938, 21.425755, var=[1.0, 1.0, 1.0]), 49.000553488633614, GPS(-43.520600, 172.583000, 0.000000, var=[-1.0, -1.0, -1.0])
22:03:25:680037, 1, 1, 1631786605.676794, 23, GPS(-43.520555, 172.582938, 21.380899, var=[1.0, 1.0, 1.0]), 48.95801210233502, GPS(-43.520600, 172.583000, 0.000000, var=[-1.0, -1.0, -1.0])
22:03:25:680994, 1, 1, 1631786605.678025, 24, GPS(-43.520555, 172.582938, 21.380899, var=[1.0, 1.0, 1.0]), 48.95801210233502, GPS(-43.520600, 172.583000, 0.000000, var=[-1.0, -1.0, -1.0])
22:03:25:681829, 2, 1, 1631786605.677033, 24, GPS(-43.520555, 172.583062, 21.393924, var=[1.0, 1.0, 1.0]), 48.955771008677075, GPS(-43.520600, 172.583000, 0.000000, var=[-1.0, -1.0, -1.0])
22:03:25:682898, 4, 1, 1631786605.677454, 23, GPS(-43.520645, 172.583063, 21.393780, var=[1.0, 1.0, 1.0]), 48.968183021040254, GPS(-43.520600, 172.583000, 0.000000, var=[-1.0, -1.0, -1.0])
22:03:25:683882, 3, 1, 1631786605.6774461, 23, GPS(-43.520645, 172.582938, 21.408755, var=[1.0, 1.0, 1.0]), 48.96405711095957, GPS(-43.520600, 172.583000, 0.000000, var=[-1.0, -1.0, -1.0])
22:03:25:686888, 2, 1, 1631786605.6789975, 25, GPS(-43.520555, 172.583062, 21.393924, var=[1.0, 1.0, 1.0]), 48.955771008677075, GPS(-43.520600, 172.583000, 0.000000, var=[-1.0, -1.0, -1.0])
22:03:26:680117, 3, 1, 1631786606.678015, 24, GPS(-43.520645, 172.582938, 21.385755, var=[1.0, 1.0, 1.0]), 48.92247472602162, GPS(-43.520600, 172.583000, 0.000000, var=[-1.0, -1.0, -1.0])
22:03:26:680897, 4, 1, 1631786606.6783197, 24, GPS(-43.520645, 172.583063, 21.366780, var=[1.0, 1.0, 1.0]), 48.92105755401164, GPS(-43.520600, 172.583000, 0.000000, var=[-1.0, -1.0, -1.0])
22:03:26:683423, 2, 1, 1631786606.6805975, 26, GPS(-43.520555, 172.583062, 21.359924, var=[1.0, 1.0, 1.0]), 48.897722514388505, GPS(-43.520600, 172.583000, 0.000000, var=[-1.0, -1.0, -1.0])
22:03:26:684216, 1, 1, 1631786606.6795897, 25, GPS(-43.520555, 172.582938, 21.357899, var=[1.0, 1.0, 1.0]), 48.9140042317786, GPS(-43.520600, 172.583000, 0.000000, var=[-1.0, -1.0, -1.0])
22:03:26:711806, 1, 1, 1631786606.7093115, 26, GPS(-43.520555, 172.582938, 21.356899, var=[1.0, 1.0, 1.0]), 48.893055745083906, GPS(-43.520600, 172.583000, 0.000000, var=[-1.0, -1.0, -1.0])
22:03:26:714589, 2, 1, 1631786606.7120132, 27, GPS(-43.520555, 172.583062, 21.358924, var=[1.0, 1.0, 1.0]), 48.87677325109128, GPS(-43.520600, 172.583000, 0.000000, var=[-1.0, -1.0, -1.0])
22:03:26:717202, 3, 1, 1631786606.7122383, 25, GPS(-43.520645, 172.582938, 21.384755, var=[1.0, 1.0, 1.0]), 48.90152535924614, GPS(-43.520600, 172.583000, 0.000000, var=[-1.0, -1.0, -1.0])
22:03:26:718292, 4, 1, 1631786606.7122285, 25, GPS(-43.520645, 172.583063, 21.366780, var=[1.0, 1.0, 1.0]), 48.90105771684322, GPS(-43.520600, 172.583000, 0.000000, var=[-1.0, -1.0, -1.0])
22:03:27:711900, 1, 1, 1631786607.7094326, 27, GPS(-43.520555, 172.582938, 21.338899, var=[1.0, 1.0, 1.0]), 48.87229000943833, GPS(-43.520600, 172.583000, 0.000000, var=[-1.0, -1.0, -1.0])
22:03:27:716251, 4, 1, 1631786607.7136624, 26, GPS(-43.520645, 172.583062, 21.352780, var=[1.0, 1.0, 1.0]), 48.88185817580703, GPS(-43.520600, 172.583000, 0.000000, var=[-1.0, -1.0, -1.0])
22:03:27:717203, 2, 1, 1631786607.713895, 28, GPS(-43.520555, 172.583062, 21.345924, var=[1.0, 1.0, 1.0]), 48.85964845869167, GPS(-43.520600, 172.583000, 0.000000, var=[-1.0, -1.0, -1.0])
22:03:27:717997, 3, 1, 1631786607.7137613, 26, GPS(-43.520645, 172.582938, 21.364755, var=[1.0, 1.0, 1.0]), 48.886250855633136, GPS(-43.520600, 172.583000, 0.000000, var=[-1.0, -1.0, -1.0])
22:03:27:750556, 1, 1, 1631786607.7480853, 28, GPS(-43.520555, 172.582938, 21.338899, var=[1.0, 1.0, 1.0]), 48.85237521283321, GPS(-43.520600, 172.583000, 0.000000, var=[-1.0, -1.0, -1.0])
22:03:27:752952, 4, 1, 1631786607.750363, 27, GPS(-43.520645, 172.583062, 21.353780, var=[1.0, 1.0, 1.0]), 48.86289219125526, GPS(-43.520600, 172.583000, 0.000000, var=[-1.0, -1.0, -1.0])
22:03:27:757962, 3, 1, 1631786607.7553623, 27, GPS(-43.520645, 172.582938, 21.362755, var=[1.0, 1.0, 1.0]), 48.8644377544938, GPS(-43.520600, 172.583000, 0.000000, var=[-1.0, -1.0, -1.0])
22:03:27:795979, 2, 1, 1631786607.7936094, 29, GPS(-43.520555, 172.583062, 21.344924, var=[1.0, 1.0, 1.0]), 48.839784210690404, GPS(-43.520600, 172.583000, 0.000000, var=[-1.0, -1.0, -1.0])
22:03:28:753986, 4, 1, 1631786608.7504222, 28, GPS(-43.520645, 172.583062, 21.331780, var=[1.0, 1.0, 1.0]), 48.84481917884732, GPS(-43.520600, 172.583000, 0.000000, var=[-1.0, -1.0, -1.0])
22:03:28:755222, 1, 1, 1631786608.749244, 29, GPS(-43.520555, 172.582938, 21.316899, var=[1.0, 1.0, 1.0]), 48.830703479325585, GPS(-43.520600, 172.583000, 0.000000, var=[-1.0, -1.0, -1.0])
22:03:28:758983, 3, 1, 1631786608.7559319, 28, GPS(-43.520645, 172.582937, 21.344755, var=[1.0, 1.0, 1.0]), 48.85016184022916, GPS(-43.520600, 172.583000, 0.000000, var=[-1.0, -1.0, -1.0])
22:03:28:765846, 3, 1, 1631786608.7594285, 29, GPS(-43.520645, 172.582937, 21.344755, var=[1.0, 1.0, 1.0]), 48.85016184022916, GPS(-43.520600, 172.583000, 0.000000, var=[-1.0, -1.0, -1.0])
22:03:28:768425, 2, 1, 1631786608.7594197, 30, GPS(-43.520555, 172.583062, 21.332924, var=[1.0, 1.0, 1.0]), 48.82839127282384, GPS(-43.520600, 172.583000, 0.000000, var=[-1.0, -1.0, -1.0])
22:03:28:769791, 4, 1, 1631786608.7598777, 29, GPS(-43.520645, 172.583062, 21.331780, var=[1.0, 1.0, 1.0]), 48.84481917884732, GPS(-43.520600, 172.583000, 0.000000, var=[-1.0, -1.0, -1.0])
22:03:28:774336, 1, 1, 1631786608.7597852, 30, GPS(-43.520555, 172.582938, 21.316899, var=[1.0, 1.0, 1.0]), 48.830703479325585, GPS(-43.520600, 172.583000, 0.000000, var=[-1.0, -1.0, -1.0])
22:03:29:763352, 3, 1, 1631786609.7601435, 30, GPS(-43.520645, 172.582938, 21.329755, var=[1.0, 1.0, 1.0]), 48.81027876910808, GPS(-43.520600, 172.583000, 0.000000, var=[-1.0, -1.0, -1.0])
22:03:29:764818, 3, 1, 1631786609.7616026, 31, GPS(-43.520645, 172.582938, 21.329755, var=[1.0, 1.0, 1.0]), 48.81027876910808, GPS(-43.520600, 172.583000, 0.000000, var=[-1.0, -1.0, -1.0])
22:03:29:765917, 4, 1, 1631786609.7603831, 30, GPS(-43.520645, 172.583063, 21.315780, var=[1.0, 1.0, 1.0]), 48.81121879942117, GPS(-43.520600, 172.583000, 0.000000, var=[-1.0, -1.0, -1.0])
22:03:29:768470, 2, 1, 1631786609.7607815, 31, GPS(-43.520555, 172.583062, 21.323924, var=[1.0, 1.0, 1.0]), 48.799598264061245, GPS(-43.520600, 172.583000, 0.000000, var=[-1.0, -1.0, -1.0])
22:03:29:769795, 1, 1, 1631786609.7608092, 31, GPS(-43.520555, 172.582938, 21.302899, var=[1.0, 1.0, 1.0]), 48.79358882357855, GPS(-43.520600, 172.583000, 0.000000, var=[-1.0, -1.0, -1.0])
22:03:29:772912, 4, 1, 1631786609.7621694, 31, GPS(-43.520645, 172.583063, 21.315780, var=[1.0, 1.0, 1.0]), 48.81121879942117, GPS(-43.520600, 172.583000, 0.000000, var=[-1.0, -1.0, -1.0])
22:03:30:765136, 3, 1, 1631786610.7623339, 32, GPS(-43.520645, 172.582938, 21.326755, var=[1.0, 1.0, 1.0]), 48.79145691348967, GPS(-43.520600, 172.583000, 0.000000, var=[-1.0, -1.0, -1.0])
22:03:30:765953, 4, 1, 1631786610.7626164, 32, GPS(-43.520645, 172.583063, 21.313780, var=[1.0, 1.0, 1.0]), 48.79266743669777, GPS(-43.520600, 172.583000, 0.000000, var=[-1.0, -1.0, -1.0])
22:03:30:766756, 1, 1, 1631786610.7627234, 32, GPS(-43.520555, 172.582938, 21.287899, var=[1.0, 1.0, 1.0]), 48.76158547778323, GPS(-43.520600, 172.583000, 0.000000, var=[-1.0, -1.0, -1.0])
22:03:30:769046, 2, 1, 1631786610.762686, 32, GPS(-43.520555, 172.583062, 21.314924, var=[1.0, 1.0, 1.0]), 48.7725995043153, GPS(-43.520600, 172.583000, 0.000000, var=[-1.0, -1.0, -1.0])
22:03:30:773420, 4, 1, 1631786610.766885, 33, GPS(-43.520645, 172.583063, 21.314780, var=[1.0, 1.0, 1.0]), 48.793615875722, GPS(-43.520600, 172.583000, 0.000000, var=[-1.0, -1.0, -1.0])
22:03:30:774814, 1, 1, 1631786610.7668848, 33, GPS(-43.520555, 172.582938, 21.287899, var=[1.0, 1.0, 1.0]), 48.76158547778323, GPS(-43.520600, 172.583000, 0.000000, var=[-1.0, -1.0, -1.0])
22:03:30:775933, 2, 1, 1631786610.7668602, 33, GPS(-43.520555, 172.583062, 21.314924, var=[1.0, 1.0, 1.0]), 48.7725995043153, GPS(-43.520600, 172.583000, 0.000000, var=[-1.0, -1.0, -1.0])
22:03:30:777430, 3, 1, 1631786610.7668712, 33, GPS(-43.520645, 172.582938, 21.326755, var=[1.0, 1.0, 1.0]), 48.79145691348967, GPS(-43.520600, 172.583000, 0.000000, var=[-1.0, -1.0, -1.0])
22:03:31:771134, 3, 1, 1631786611.767065, 34, GPS(-43.520645, 172.582938, 21.313755, var=[1.0, 1.0, 1.0]), 48.75585142088251, GPS(-43.520600, 172.583000, 0.000000, var=[-1.0, -1.0, -1.0])
22:03:31:773777, 2, 1, 1631786611.7680893, 34, GPS(-43.520555, 172.583062, 21.304924, var=[1.0, 1.0, 1.0]), 48.74768725450866, GPS(-43.520600, 172.583000, 0.000000, var=[-1.0, -1.0, -1.0])
22:03:31:774999, 1, 1, 1631786611.7677271, 34, GPS(-43.520555, 172.582938, 21.275899, var=[1.0, 1.0, 1.0]), 48.73370320396502, GPS(-43.520600, 172.583000, 0.000000, var=[-1.0, -1.0, -1.0])
22:03:31:776087, 4, 1, 1631786611.7686832, 34, GPS(-43.520645, 172.583063, 21.311780, var=[1.0, 1.0, 1.0]), 48.77721715798985, GPS(-43.520600, 172.583000, 0.000000, var=[-1.0, -1.0, -1.0])
22:03:31:779722, 3, 1, 1631786611.7706478, 35, GPS(-43.520645, 172.582938, 21.313755, var=[1.0, 1.0, 1.0]), 48.75585142088251, GPS(-43.520600, 172.583000, 0.000000, var=[-1.0, -1.0, -1.0])
22:03:31:781100, 2, 1, 1631786611.7705338, 35, GPS(-43.520555, 172.583062, 21.304924, var=[1.0, 1.0, 1.0]), 48.74768725450866, GPS(-43.520600, 172.583000, 0.000000, var=[-1.0, -1.0, -1.0])
22:03:31:782967, 1, 1, 1631786611.770592, 35, GPS(-43.520555, 172.582938, 21.275899, var=[1.0, 1.0, 1.0]), 48.73370320396502, GPS(-43.520600, 172.583000, 0.000000, var=[-1.0, -1.0, -1.0])
22:03:31:784453, 4, 1, 1631786611.7713516, 35, GPS(-43.520645, 172.583063, 21.311780, var=[1.0, 1.0, 1.0]), 48.77721715798985, GPS(-43.520600, 172.583000, 0.000000, var=[-1.0, -1.0, -1.0])
22:03:32:774628, 1, 1, 1631786612.7707782, 36, GPS(-43.520555, 172.582938, 21.281899, var=[1.0, 1.0, 1.0]), 48.72681352666378, GPS(-43.520600, 172.583000, 0.000000, var=[-1.0, -1.0, -1.0])
22:03:32:775917, 3, 1, 1631786612.7715404, 36, GPS(-43.520645, 172.582938, 21.304755, var=[1.0, 1.0, 1.0]), 48.723706164105074, GPS(-43.520600, 172.583000, 0.000000, var=[-1.0, -1.0, -1.0])
22:03:32:777556, 2, 1, 1631786612.7709293, 36, GPS(-43.520555, 172.583062, 21.292925, var=[1.0, 1.0, 1.0]), 48.72977605844979, GPS(-43.520600, 172.583000, 0.000000, var=[-1.0, -1.0, -1.0])
22:03:32:780308, 4, 1, 1631786612.773041, 36, GPS(-43.520645, 172.583063, 21.313781, var=[1.0, 1.0, 1.0]), 48.75972709121691, GPS(-43.520600, 172.583000, 0.000000, var=[-1.0, -1.0, -1.0])
22:03:32:785305, 3, 1, 1631786612.7778103, 37, GPS(-43.520645, 172.582938, 21.304755, var=[1.0, 1.0, 1.0]), 48.723706164105074, GPS(-43.520600, 172.583000, 0.000000, var=[-1.0, -1.0, -1.0])
22:03:32:786839, 2, 1, 1631786612.7779956, 37, GPS(-43.520555, 172.583062, 21.293925, var=[1.0, 1.0, 1.0]), 48.73072478556445, GPS(-43.520600, 172.583000, 0.000000, var=[-1.0, -1.0, -1.0])
22:03:32:787924, 4, 1, 1631786612.7777817, 37, GPS(-43.520645, 172.583063, 21.313781, var=[1.0, 1.0, 1.0]), 48.75972709121691, GPS(-43.520600, 172.583000, 0.000000, var=[-1.0, -1.0, -1.0])
22:03:32:789103, 1, 1, 1631786612.7780273, 37, GPS(-43.520555, 172.582938, 21.281899, var=[1.0, 1.0, 1.0]), 48.72681352666378, GPS(-43.520600, 172.583000, 0.000000, var=[-1.0, -1.0, -1.0])
22:03:33:782074, 4, 1, 1631786613.7787013, 38, GPS(-43.520645, 172.583063, 21.306781, var=[1.0, 1.0, 1.0]), 48.75376718908926, GPS(-43.520600, 172.583000, 0.000000, var=[-1.0, -1.0, -1.0])
22:03:33:784274, 1, 1, 1631786613.7795663, 38, GPS(-43.520555, 172.582938, 21.280899, var=[1.0, 1.0, 1.0]), 48.7290414198488, GPS(-43.520600, 172.583000, 0.000000, var=[-1.0, -1.0, -1.0])
22:03:33:786342, 2, 1, 1631786613.7787628, 38, GPS(-43.520555, 172.583062, 21.287925, var=[1.0, 1.0, 1.0]), 48.73361050997639, GPS(-43.520600, 172.583000, 0.000000, var=[-1.0, -1.0, -1.0])
22:03:33:787563, 3, 1, 1631786613.7790742, 38, GPS(-43.520645, 172.582938, 21.298755, var=[1.0, 1.0, 1.0]), 48.72478435419262, GPS(-43.520600, 172.583000, 0.000000, var=[-1.0, -1.0, -1.0])
22:03:33:794919, 4, 1, 1631786613.781848, 39, GPS(-43.520645, 172.583063, 21.306781, var=[1.0, 1.0, 1.0]), 48.75376718908926, GPS(-43.520600, 172.583000, 0.000000, var=[-1.0, -1.0, -1.0])
22:03:33:796901, 1, 1, 1631786613.7821097, 39, GPS(-43.520555, 172.582938, 21.280899, var=[1.0, 1.0, 1.0]), 48.7290414198488, GPS(-43.520600, 172.583000, 0.000000, var=[-1.0, -1.0, -1.0])
22:03:33:799656, 2, 1, 1631786613.7818155, 39, GPS(-43.520555, 172.583062, 21.287925, var=[1.0, 1.0, 1.0]), 48.73361050997639, GPS(-43.520600, 172.583000, 0.000000, var=[-1.0, -1.0, -1.0])
22:03:33:801183, 3, 1, 1631786613.781826, 39, GPS(-43.520645, 172.582938, 21.298755, var=[1.0, 1.0, 1.0]), 48.72478435419262, GPS(-43.520600, 172.583000, 0.000000, var=[-1.0, -1.0, -1.0])
22:03:34:784746, 1, 1, 1631786614.7822044, 40, GPS(-43.520554, 172.582938, 21.292899, var=[1.0, 1.0, 1.0]), 48.75321855888204, GPS(-43.520600, 172.583000, 0.000000, var=[-1.0, -1.0, -1.0])
22:03:34:785648, 3, 1, 1631786614.7828941, 40, GPS(-43.520645, 172.582938, 21.293755, var=[1.0, 1.0, 1.0]), 48.726013870806625, GPS(-43.520600, 172.583000, 0.000000, var=[-1.0, -1.0, -1.0])
22:03:34:786732, 4, 1, 1631786614.7824316, 40, GPS(-43.520645, 172.583063, 21.306781, var=[1.0, 1.0, 1.0]), 48.759743682001655, GPS(-43.520600, 172.583000, 0.000000, var=[-1.0, -1.0, -1.0])
22:03:34:787468, 2, 1, 1631786614.7824574, 40, GPS(-43.520555, 172.583062, 21.283925, var=[1.0, 1.0, 1.0]), 48.73579283753847, GPS(-43.520600, 172.583000, 0.000000, var=[-1.0, -1.0, -1.0])
22:03:34:819201, 4, 1, 1631786614.8163924, 41, GPS(-43.520645, 172.583063, 21.307781, var=[1.0, 1.0, 1.0]), 48.76171568130375, GPS(-43.520600, 172.583000, 0.000000, var=[-1.0, -1.0, -1.0])
22:03:34:820272, 2, 1, 1631786614.8173668, 41, GPS(-43.520555, 172.583062, 21.285925, var=[1.0, 1.0, 1.0]), 48.73871336980652, GPS(-43.520600, 172.583000, 0.000000, var=[-1.0, -1.0, -1.0])
22:03:34:821744, 1, 1, 1631786614.8195755, 41, GPS(-43.520554, 172.582938, 21.293899, var=[1.0, 1.0, 1.0]), 48.75519021567132, GPS(-43.520600, 172.583000, 0.000000, var=[-1.0, -1.0, -1.0])
22:03:34:826292, 3, 1, 1631786614.8234727, 41, GPS(-43.520645, 172.582938, 21.294755, var=[1.0, 1.0, 1.0]), 48.72798671579943, GPS(-43.520600, 172.583000, 0.000000, var=[-1.0, -1.0, -1.0])
22:03:35:820981, 4, 1, 1631786615.8168318, 42, GPS(-43.520645, 172.583063, 21.306781, var=[1.0, 1.0, 1.0]), 48.76076714053093, GPS(-43.520600, 172.583000, 0.000000, var=[-1.0, -1.0, -1.0])
22:03:35:822984, 2, 1, 1631786615.8177192, 42, GPS(-43.520555, 172.583062, 21.299924, var=[1.0, 1.0, 1.0]), 48.74590432981027, GPS(-43.520600, 172.583000, 0.000000, var=[-1.0, -1.0, -1.0])
22:03:35:824443, 1, 1, 1631786615.8207424, 42, GPS(-43.520554, 172.582938, 21.281899, var=[1.0, 1.0, 1.0]), 48.74561217369139, GPS(-43.520600, 172.583000, 0.000000, var=[-1.0, -1.0, -1.0])
22:03:35:826008, 3, 1, 1631786615.8237429, 42, GPS(-43.520645, 172.582938, 21.300755, var=[1.0, 1.0, 1.0]), 48.73368312693235, GPS(-43.520600, 172.583000, 0.000000, var=[-1.0, -1.0, -1.0])
22:03:35:857466, 4, 1, 1631786615.8553362, 43, GPS(-43.520645, 172.583063, 21.306781, var=[1.0, 1.0, 1.0]), 48.76781871406787, GPS(-43.520600, 172.583000, 0.000000, var=[-1.0, -1.0, -1.0])
22:03:35:859020, 2, 1, 1631786615.8557568, 43, GPS(-43.520555, 172.583062, 21.299924, var=[1.0, 1.0, 1.0]), 48.75295590334722, GPS(-43.520600, 172.583000, 0.000000, var=[-1.0, -1.0, -1.0])
22:03:35:863624, 1, 1, 1631786615.860567, 43, GPS(-43.520554, 172.582938, 21.281899, var=[1.0, 1.0, 1.0]), 48.75266374722834, GPS(-43.520600, 172.583000, 0.000000, var=[-1.0, -1.0, -1.0])
22:03:35:864626, 3, 1, 1631786615.8612926, 43, GPS(-43.520645, 172.582938, 21.300755, var=[1.0, 1.0, 1.0]), 48.74073470046929, GPS(-43.520600, 172.583000, 0.000000, var=[-1.0, -1.0, -1.0])
22:03:36:859021, 2, 1, 1631786616.85628, 44, GPS(-43.520555, 172.583062, 21.307924, var=[1.0, 1.0, 1.0]), 48.76154692558909, GPS(-43.520600, 172.583000, 0.000000, var=[-1.0, -1.0, -1.0])
22:03:36:860842, 4, 1, 1631786616.8570356, 44, GPS(-43.520645, 172.583063, 21.307781, var=[1.0, 1.0, 1.0]), 48.77158325198397, GPS(-43.520600, 172.583000, 0.000000, var=[-1.0, -1.0, -1.0])
22:03:36:865512, 1, 1, 1631786616.8622856, 44, GPS(-43.520554, 172.582938, 21.294899, var=[1.0, 1.0, 1.0]), 48.76598903555784, GPS(-43.520600, 172.583000, 0.000000, var=[-1.0, -1.0, -1.0])
22:03:36:866867, 3, 1, 1631786616.862955, 44, GPS(-43.520645, 172.582938, 21.317755, var=[1.0, 1.0, 1.0]), 48.75607568205126, GPS(-43.520600, 172.583000, 0.000000, var=[-1.0, -1.0, -1.0])
22:03:36:873784, 3, 1, 1631786616.8660543, 45, GPS(-43.520645, 172.582938, 21.317755, var=[1.0, 1.0, 1.0]), 48.75607568205126, GPS(-43.520600, 172.583000, 0.000000, var=[-1.0, -1.0, -1.0])
22:03:36:875223, 4, 1, 1631786616.8660724, 45, GPS(-43.520645, 172.583063, 21.307781, var=[1.0, 1.0, 1.0]), 48.77158325198397, GPS(-43.520600, 172.583000, 0.000000, var=[-1.0, -1.0, -1.0])
22:03:36:876596, 2, 1, 1631786616.8660371, 45, GPS(-43.520555, 172.583062, 21.307924, var=[1.0, 1.0, 1.0]), 48.76154692558909, GPS(-43.520600, 172.583000, 0.000000, var=[-1.0, -1.0, -1.0])
22:03:36:877983, 1, 1, 1631786616.866089, 45, GPS(-43.520554, 172.582938, 21.294899, var=[1.0, 1.0, 1.0]), 48.76598903555784, GPS(-43.520600, 172.583000, 0.000000, var=[-1.0, -1.0, -1.0])
22:03:37:870963, 3, 1, 1631786617.866144, 46, GPS(-43.520644, 172.582938, 21.305756, var=[1.0, 1.0, 1.0]), 48.743960104388606, GPS(-43.520600, 172.583000, 0.000000, var=[-1.0, -1.0, -1.0])
22:03:37:875137, 4, 1, 1631786617.8661702, 46, GPS(-43.520645, 172.583063, 21.301781, var=[1.0, 1.0, 1.0]), 48.763345405666726, GPS(-43.520600, 172.583000, 0.000000, var=[-1.0, -1.0, -1.0])
22:03:37:877215, 2, 1, 1631786617.8674936, 46, GPS(-43.520555, 172.583062, 21.297925, var=[1.0, 1.0, 1.0]), 48.75267554719858, GPS(-43.520600, 172.583000, 0.000000, var=[-1.0, -1.0, -1.0])
22:03:37:878915, 1, 1, 1631786617.8686457, 46, GPS(-43.520554, 172.582938, 21.289899, var=[1.0, 1.0, 1.0]), 48.75578579290827, GPS(-43.520600, 172.583000, 0.000000, var=[-1.0, -1.0, -1.0])
22:03:37:884424, 3, 1, 1631786617.8707747, 47, GPS(-43.520644, 172.582938, 21.305756, var=[1.0, 1.0, 1.0]), 48.743960104388606, GPS(-43.520600, 172.583000, 0.000000, var=[-1.0, -1.0, -1.0])
22:03:37:886102, 4, 1, 1631786617.8705242, 47, GPS(-43.520645, 172.583063, 21.301781, var=[1.0, 1.0, 1.0]), 48.763345405666726, GPS(-43.520600, 172.583000, 0.000000, var=[-1.0, -1.0, -1.0])
22:03:37:887442, 2, 1, 1631786617.8705306, 47, GPS(-43.520555, 172.583062, 21.297925, var=[1.0, 1.0, 1.0]), 48.75267554719858, GPS(-43.520600, 172.583000, 0.000000, var=[-1.0, -1.0, -1.0])
22:03:37:889231, 1, 1, 1631786617.8707292, 47, GPS(-43.520554, 172.582938, 21.289899, var=[1.0, 1.0, 1.0]), 48.75578579290827, GPS(-43.520600, 172.583000, 0.000000, var=[-1.0, -1.0, -1.0])
22:03:38:875386, 2, 1, 1631786618.871077, 48, GPS(-43.520555, 172.583062, 21.306925, var=[1.0, 1.0, 1.0]), 48.7744865987416, GPS(-43.520600, 172.583000, 0.000000, var=[-1.0, -1.0, -1.0])
22:03:38:876545, 1, 1, 1631786618.87172, 48, GPS(-43.520555, 172.582938, 21.274899, var=[1.0, 1.0, 1.0]), 48.74372530116822, GPS(-43.520600, 172.583000, 0.000000, var=[-1.0, -1.0, -1.0])
22:03:38:877713, 4, 1, 1631786618.8716714, 48, GPS(-43.520645, 172.583063, 21.298781, var=[1.0, 1.0, 1.0]), 48.773777728062605, GPS(-43.520600, 172.583000, 0.000000, var=[-1.0, -1.0, -1.0])
22:03:38:878585, 3, 1, 1631786618.8721, 48, GPS(-43.520644, 172.582938, 21.318756, var=[1.0, 1.0, 1.0]), 48.76104562852064, GPS(-43.520600, 172.583000, 0.000000, var=[-1.0, -1.0, -1.0])
22:03:38:917515, 4, 1, 1631786618.914031, 49, GPS(-43.520645, 172.583063, 21.300781, var=[1.0, 1.0, 1.0]), 48.763119115171186, GPS(-43.520600, 172.583000, 0.000000, var=[-1.0, -1.0, -1.0])
22:03:38:918615, 2, 1, 1631786618.915166, 49, GPS(-43.520555, 172.583062, 21.304925, var=[1.0, 1.0, 1.0]), 48.757554270001904, GPS(-43.520600, 172.583000, 0.000000, var=[-1.0, -1.0, -1.0])
22:03:38:922303, 1, 1, 1631786618.9191074, 49, GPS(-43.520555, 172.582938, 21.270899, var=[1.0, 1.0, 1.0]), 48.72310588171799, GPS(-43.520600, 172.583000, 0.000000, var=[-1.0, -1.0, -1.0])
22:03:38:923347, 3, 1, 1631786618.9206476, 49, GPS(-43.520644, 172.582938, 21.316756, var=[1.0, 1.0, 1.0]), 48.744111109263706, GPS(-43.520600, 172.583000, 0.000000, var=[-1.0, -1.0, -1.0])
22:03:39:918234, 4, 1, 1631786619.9145844, 50, GPS(-43.520645, 172.583063, 21.292780, var=[1.0, 1.0, 1.0]), 48.75884120785453, GPS(-43.520600, 172.583000, 0.000000, var=[-1.0, -1.0, -1.0])
22:03:39:920196, 2, 1, 1631786619.9157221, 50, GPS(-43.520555, 172.583062, 21.294925, var=[1.0, 1.0, 1.0]), 48.752475699531416, GPS(-43.520600, 172.583000, 0.000000, var=[-1.0, -1.0, -1.0])
22:03:39:923616, 1, 1, 1631786619.9201767, 50, GPS(-43.520555, 172.582938, 21.268899, var=[1.0, 1.0, 1.0]), 48.71842101387978, GPS(-43.520600, 172.583000, 0.000000, var=[-1.0, -1.0, -1.0])
22:03:39:924759, 3, 1, 1631786619.9214873, 50, GPS(-43.520644, 172.582938, 21.306756, var=[1.0, 1.0, 1.0]), 48.73067192230947, GPS(-43.520600, 172.583000, 0.000000, var=[-1.0, -1.0, -1.0])
22:03:39:932047, 3, 1, 1631786619.9243438, 51, GPS(-43.520644, 172.582938, 21.306756, var=[1.0, 1.0, 1.0]), 48.73067192230947, GPS(-43.520600, 172.583000, 0.000000, var=[-1.0, -1.0, -1.0])
22:03:39:933634, 2, 1, 1631786619.9243288, 51, GPS(-43.520555, 172.583062, 21.294925, var=[1.0, 1.0, 1.0]), 48.752475699531416, GPS(-43.520600, 172.583000, 0.000000, var=[-1.0, -1.0, -1.0])
22:03:39:935768, 4, 1, 1631786619.924384, 51, GPS(-43.520645, 172.583063, 21.292780, var=[1.0, 1.0, 1.0]), 48.75884120785453, GPS(-43.520600, 172.583000, 0.000000, var=[-1.0, -1.0, -1.0])
22:03:39:938126, 1, 1, 1631786619.9243898, 51, GPS(-43.520555, 172.582938, 21.268899, var=[1.0, 1.0, 1.0]), 48.71842101387978, GPS(-43.520600, 172.583000, 0.000000, var=[-1.0, -1.0, -1.0])
22:03:40:927477, 3, 1, 1631786620.9252107, 52, GPS(-43.520645, 172.582939, 21.297755, var=[1.0, 1.0, 1.0]), 48.71661085783418, GPS(-43.520600, 172.583000, 0.000000, var=[-1.0, -1.0, -1.0])
22:03:40:928161, 1, 1, 1631786620.926292, 52, GPS(-43.520555, 172.582938, 21.273899, var=[1.0, 1.0, 1.0]), 48.710603671511116, GPS(-43.520600, 172.583000, 0.000000, var=[-1.0, -1.0, -1.0])
22:03:40:928824, 4, 1, 1631786620.9251308, 52, GPS(-43.520646, 172.583063, 21.290780, var=[1.0, 1.0, 1.0]), 48.761200721957806, GPS(-43.520600, 172.583000, 0.000000, var=[-1.0, -1.0, -1.0])
22:03:40:930816, 2, 1, 1631786620.9255576, 52, GPS(-43.520555, 172.583063, 21.294924, var=[1.0, 1.0, 1.0]), 48.74605916793905, GPS(-43.520600, 172.583000, 0.000000, var=[-1.0, -1.0, -1.0])
22:03:40:933892, 1, 1, 1631786620.9287105, 53, GPS(-43.520555, 172.582938, 21.273899, var=[1.0, 1.0, 1.0]), 48.710603671511116, GPS(-43.520600, 172.583000, 0.000000, var=[-1.0, -1.0, -1.0])
22:03:40:934887, 4, 1, 1631786620.9287167, 53, GPS(-43.520646, 172.583063, 21.290780, var=[1.0, 1.0, 1.0]), 48.761200721957806, GPS(-43.520600, 172.583000, 0.000000, var=[-1.0, -1.0, -1.0])
22:03:40:935861, 2, 1, 1631786620.9286757, 53, GPS(-43.520555, 172.583063, 21.294924, var=[1.0, 1.0, 1.0]), 48.74605916793905, GPS(-43.520600, 172.583000, 0.000000, var=[-1.0, -1.0, -1.0])
22:03:40:937018, 3, 1, 1631786620.9286997, 53, GPS(-43.520645, 172.582939, 21.295755, var=[1.0, 1.0, 1.0]), 48.714711208054275, GPS(-43.520600, 172.583000, 0.000000, var=[-1.0, -1.0, -1.0])
22:03:41:933622, 2, 1, 1631786621.928936, 54, GPS(-43.520555, 172.583063, 21.282924, var=[1.0, 1.0, 1.0]), 48.72291096260902, GPS(-43.520600, 172.583000, 0.000000, var=[-1.0, -1.0, -1.0])
22:03:41:936344, 3, 1, 1631786621.9306633, 54, GPS(-43.520645, 172.582938, 21.282755, var=[1.0, 1.0, 1.0]), 48.701617910008494, GPS(-43.520600, 172.583000, 0.000000, var=[-1.0, -1.0, -1.0])
22:03:41:937929, 4, 1, 1631786621.9291532, 54, GPS(-43.520646, 172.583063, 21.278780, var=[1.0, 1.0, 1.0]), 48.74734235375569, GPS(-43.520600, 172.583000, 0.000000, var=[-1.0, -1.0, -1.0])
22:03:41:940116, 1, 1, 1631786621.930673, 54, GPS(-43.520555, 172.582938, 21.263898, var=[1.0, 1.0, 1.0]), 48.69114080518636, GPS(-43.520600, 172.583000, 0.000000, var=[-1.0, -1.0, -1.0])
22:03:41:945647, 2, 1, 1631786621.9320083, 55, GPS(-43.520555, 172.583063, 21.282924, var=[1.0, 1.0, 1.0]), 48.72291096260902, GPS(-43.520600, 172.583000, 0.000000, var=[-1.0, -1.0, -1.0])
22:03:41:947448, 3, 1, 1631786621.9331212, 55, GPS(-43.520645, 172.582938, 21.282755, var=[1.0, 1.0, 1.0]), 48.701617910008494, GPS(-43.520600, 172.583000, 0.000000, var=[-1.0, -1.0, -1.0])
22:03:41:948923, 4, 1, 1631786621.9320276, 55, GPS(-43.520646, 172.583063, 21.278780, var=[1.0, 1.0, 1.0]), 48.74734235375569, GPS(-43.520600, 172.583000, 0.000000, var=[-1.0, -1.0, -1.0])
22:03:41:950426, 1, 1, 1631786621.9326549, 55, GPS(-43.520555, 172.582938, 21.263898, var=[1.0, 1.0, 1.0]), 48.69114080518636, GPS(-43.520600, 172.583000, 0.000000, var=[-1.0, -1.0, -1.0])
STOP: 09/16/2021 22:03:43:208696
