START: 09/17/2021 10:37:58:617187
TIME,            RX_ID,          STATE,          TIMESTAMP,          SEQ_NO,          RX_COORDS,          RANGE_READING,          TARGET_COORDS,          
10:38:03:274174, 3, 1, 1631831883.233693, 0, GPS(-43.520689, 172.582876, 18.056672, var=[1.0, 1.0, 1.0]), 37.88855051577613, GPS(-43.520600, 172.583000, 0.000000, var=[-1.0, -1.0, -1.0])
10:38:03:274314, 1, 1, 1631831883.2548869, 0, GPS(-43.520510, 172.582876, 15.253958, var=[1.0, 1.0, 1.0]), 35.80825407934415, GPS(-43.520600, 172.583000, 0.000000, var=[-1.0, -1.0, -1.0])
10:38:03:274392, 4, 1, 1631831883.242202, 0, GPS(-43.520690, 172.583123, 18.072722, var=[1.0, 1.0, 1.0]), 37.933228430801705, GPS(-43.520600, 172.583000, 0.000000, var=[-1.0, -1.0, -1.0])
10:38:03:290110, 2, 1, 1631831883.2899766, 0, GPS(-43.520509, 172.583124, 18.071010, var=[1.0, 1.0, 1.0]), 37.969458192408695, GPS(-43.520600, 172.583000, 0.000000, var=[-1.0, -1.0, -1.0])
10:38:04:042614, 3, 1, 1631831884.0424547, 1, GPS(-43.520689, 172.582876, 20.033672, var=[1.0, 1.0, 1.0]), 41.60404516523388, GPS(-43.520600, 172.583000, 0.000000, var=[-1.0, -1.0, -1.0])
10:38:04:042730, 1, 1, 1631831884.0425117, 1, GPS(-43.520510, 172.582876, 17.503958, var=[1.0, 1.0, 1.0]), 39.643768549510284, GPS(-43.520600, 172.583000, 0.000000, var=[-1.0, -1.0, -1.0])
10:38:04:042816, 4, 1, 1631831884.0424795, 1, GPS(-43.520690, 172.583123, 20.012722, var=[1.0, 1.0, 1.0]), 41.60369926733792, GPS(-43.520600, 172.583000, 0.000000, var=[-1.0, -1.0, -1.0])
10:38:04:042902, 2, 1, 1631831884.0427587, 1, GPS(-43.520509, 172.583123, 19.944010, var=[1.0, 1.0, 1.0]), 41.59655957758857, GPS(-43.520600, 172.583000, 0.000000, var=[-1.0, -1.0, -1.0])
10:38:05:043585, 2, 1, 1631831885.04344, 2, GPS(-43.520509, 172.583123, 20.938010, var=[1.0, 1.0, 1.0]), 44.52236888574015, GPS(-43.520600, 172.583000, 0.000000, var=[-1.0, -1.0, -1.0])
10:38:05:043907, 1, 1, 1631831885.0437944, 2, GPS(-43.520510, 172.582876, 20.018958, var=[1.0, 1.0, 1.0]), 43.77660210317209, GPS(-43.520600, 172.583000, 0.000000, var=[-1.0, -1.0, -1.0])
10:38:05:044122, 4, 1, 1631831885.0440361, 2, GPS(-43.520690, 172.583123, 20.956722, var=[1.0, 1.0, 1.0]), 44.479174403819854, GPS(-43.520600, 172.583000, 0.000000, var=[-1.0, -1.0, -1.0])
10:38:05:044456, 3, 1, 1631831885.0443637, 2, GPS(-43.520689, 172.582876, 20.966672, var=[1.0, 1.0, 1.0]), 44.486397191456234, GPS(-43.520600, 172.583000, 0.000000, var=[-1.0, -1.0, -1.0])
10:38:05:046069, 3, 1, 1631831885.0448537, 3, GPS(-43.520689, 172.582876, 20.966672, var=[1.0, 1.0, 1.0]), 44.486397191456234, GPS(-43.520600, 172.583000, 0.000000, var=[-1.0, -1.0, -1.0])
10:38:05:046136, 4, 1, 1631831885.0448625, 3, GPS(-43.520690, 172.583123, 20.956722, var=[1.0, 1.0, 1.0]), 44.479174403819854, GPS(-43.520600, 172.583000, 0.000000, var=[-1.0, -1.0, -1.0])
10:38:05:046189, 1, 1, 1631831885.044896, 3, GPS(-43.520510, 172.582876, 20.018958, var=[1.0, 1.0, 1.0]), 43.77660210317209, GPS(-43.520600, 172.583000, 0.000000, var=[-1.0, -1.0, -1.0])
10:38:05:046236, 2, 1, 1631831885.04489, 3, GPS(-43.520509, 172.583123, 20.938010, var=[1.0, 1.0, 1.0]), 44.52236888574015, GPS(-43.520600, 172.583000, 0.000000, var=[-1.0, -1.0, -1.0])
10:38:06:046176, 3, 1, 1631831886.0460758, 4, GPS(-43.520688, 172.582876, 21.261672, var=[1.0, 1.0, 1.0]), 47.68848063819554, GPS(-43.520600, 172.583000, 0.000000, var=[-1.0, -1.0, -1.0])
10:38:06:046250, 1, 1, 1631831886.0461235, 4, GPS(-43.520509, 172.582876, 20.953958, var=[1.0, 1.0, 1.0]), 47.516016436273745, GPS(-43.520600, 172.583000, 0.000000, var=[-1.0, -1.0, -1.0])
10:38:06:046285, 4, 1, 1631831886.0460858, 4, GPS(-43.520690, 172.583123, 21.259722, var=[1.0, 1.0, 1.0]), 47.68581933063094, GPS(-43.520600, 172.583000, 0.000000, var=[-1.0, -1.0, -1.0])
10:38:06:046320, 2, 1, 1631831886.0461028, 4, GPS(-43.520509, 172.583123, 21.256011, var=[1.0, 1.0, 1.0]), 47.75714486401644, GPS(-43.520600, 172.583000, 0.000000, var=[-1.0, -1.0, -1.0])
10:38:07:047369, 1, 1, 1631831887.047193, 5, GPS(-43.520509, 172.582876, 21.252959, var=[1.0, 1.0, 1.0]), 50.51376586208825, GPS(-43.520600, 172.583000, 0.000000, var=[-1.0, -1.0, -1.0])
10:38:07:047476, 2, 1, 1631831887.0473385, 5, GPS(-43.520509, 172.583123, 21.363011, var=[1.0, 1.0, 1.0]), 50.5808257085955, GPS(-43.520600, 172.583000, 0.000000, var=[-1.0, -1.0, -1.0])
10:38:07:047666, 2, 1, 1631831887.0475578, 6, GPS(-43.520509, 172.583123, 21.363011, var=[1.0, 1.0, 1.0]), 50.5808257085955, GPS(-43.520600, 172.583000, 0.000000, var=[-1.0, -1.0, -1.0])
10:38:07:047745, 3, 1, 1631831887.047548, 5, GPS(-43.520688, 172.582875, 21.360672, var=[1.0, 1.0, 1.0]), 50.50902598672991, GPS(-43.520600, 172.583000, 0.000000, var=[-1.0, -1.0, -1.0])
10:38:07:047791, 4, 1, 1631831887.047562, 5, GPS(-43.520690, 172.583123, 21.366722, var=[1.0, 1.0, 1.0]), 50.515360159438174, GPS(-43.520600, 172.583000, 0.000000, var=[-1.0, -1.0, -1.0])
10:38:07:049055, 1, 1, 1631831887.047585, 6, GPS(-43.520509, 172.582876, 21.252959, var=[1.0, 1.0, 1.0]), 50.51376586208825, GPS(-43.520600, 172.583000, 0.000000, var=[-1.0, -1.0, -1.0])
10:38:08:048965, 3, 1, 1631831888.0487967, 6, GPS(-43.520688, 172.582875, 21.419673, var=[1.0, 1.0, 1.0]), 51.65599850640968, GPS(-43.520600, 172.583000, 0.000000, var=[-1.0, -1.0, -1.0])
10:38:08:049259, 3, 1, 1631831888.0491538, 7, GPS(-43.520688, 172.582875, 21.419673, var=[1.0, 1.0, 1.0]), 51.65599850640968, GPS(-43.520600, 172.583000, 0.000000, var=[-1.0, -1.0, -1.0])
10:38:08:049355, 1, 1, 1631831888.0492246, 7, GPS(-43.520509, 172.582876, 21.378958, var=[1.0, 1.0, 1.0]), 51.727891576956544, GPS(-43.520600, 172.583000, 0.000000, var=[-1.0, -1.0, -1.0])
10:38:08:049416, 2, 1, 1631831888.049208, 7, GPS(-43.520509, 172.583123, 21.415011, var=[1.0, 1.0, 1.0]), 51.73030631468835, GPS(-43.520600, 172.583000, 0.000000, var=[-1.0, -1.0, -1.0])
10:38:08:049464, 4, 1, 1631831888.0492184, 6, GPS(-43.520690, 172.583123, 21.425722, var=[1.0, 1.0, 1.0]), 51.67514067624862, GPS(-43.520600, 172.583000, 0.000000, var=[-1.0, -1.0, -1.0])
10:38:09:049298, 3, 1, 1631831889.049176, 8, GPS(-43.520688, 172.582875, 21.446672, var=[1.0, 1.0, 1.0]), 52.04237372206977, GPS(-43.520600, 172.583000, 0.000000, var=[-1.0, -1.0, -1.0])
10:38:09:049794, 2, 1, 1631831889.049714, 8, GPS(-43.520509, 172.583123, 21.439010, var=[1.0, 1.0, 1.0]), 52.09257508976364, GPS(-43.520600, 172.583000, 0.000000, var=[-1.0, -1.0, -1.0])
10:38:09:050496, 1, 1, 1631831889.0504098, 8, GPS(-43.520509, 172.582875, 21.427958, var=[1.0, 1.0, 1.0]), 52.132304139389234, GPS(-43.520600, 172.583000, 0.000000, var=[-1.0, -1.0, -1.0])
10:38:09:051330, 3, 1, 1631831889.0512078, 9, GPS(-43.520688, 172.582875, 21.446672, var=[1.0, 1.0, 1.0]), 52.04237372206977, GPS(-43.520600, 172.583000, 0.000000, var=[-1.0, -1.0, -1.0])
10:38:09:051434, 2, 1, 1631831889.0512428, 9, GPS(-43.520509, 172.583123, 21.439010, var=[1.0, 1.0, 1.0]), 52.09257508976364, GPS(-43.520600, 172.583000, 0.000000, var=[-1.0, -1.0, -1.0])
10:38:09:051501, 4, 1, 1631831889.0512252, 7, GPS(-43.520690, 172.583123, 21.444722, var=[1.0, 1.0, 1.0]), 52.04012777602424, GPS(-43.520600, 172.583000, 0.000000, var=[-1.0, -1.0, -1.0])
10:38:09:053793, 1, 1, 1631831889.0512466, 9, GPS(-43.520509, 172.582875, 21.427958, var=[1.0, 1.0, 1.0]), 52.132304139389234, GPS(-43.520600, 172.583000, 0.000000, var=[-1.0, -1.0, -1.0])
10:38:10:051994, 1, 1, 1631831890.0517235, 10, GPS(-43.520509, 172.582875, 21.450958, var=[1.0, 1.0, 1.0]), 52.26093254192013, GPS(-43.520600, 172.583000, 0.000000, var=[-1.0, -1.0, -1.0])
10:38:10:052183, 4, 1, 1631831890.0519795, 8, GPS(-43.520690, 172.583123, 21.454722, var=[1.0, 1.0, 1.0]), 52.16547602703855, GPS(-43.520600, 172.583000, 0.000000, var=[-1.0, -1.0, -1.0])
10:38:10:053564, 3, 1, 1631831890.052822, 10, GPS(-43.520688, 172.582875, 21.473672, var=[1.0, 1.0, 1.0]), 52.188260272412755, GPS(-43.520600, 172.583000, 0.000000, var=[-1.0, -1.0, -1.0])
10:38:10:053616, 2, 1, 1631831890.052499, 10, GPS(-43.520509, 172.583123, 21.458010, var=[1.0, 1.0, 1.0]), 52.22229989925739, GPS(-43.520600, 172.583000, 0.000000, var=[-1.0, -1.0, -1.0])
10:38:10:088688, 3, 1, 1631831890.088421, 11, GPS(-43.520688, 172.582875, 21.472672, var=[1.0, 1.0, 1.0]), 52.23326269223021, GPS(-43.520600, 172.583000, 0.000000, var=[-1.0, -1.0, -1.0])
10:38:10:088808, 4, 1, 1631831890.08858, 9, GPS(-43.520690, 172.583123, 21.456722, var=[1.0, 1.0, 1.0]), 52.2161484738355, GPS(-43.520600, 172.583000, 0.000000, var=[-1.0, -1.0, -1.0])
10:38:10:113481, 1, 1, 1631831890.1133633, 11, GPS(-43.520509, 172.582875, 21.453958, var=[1.0, 1.0, 1.0]), 52.31343153791066, GPS(-43.520600, 172.583000, 0.000000, var=[-1.0, -1.0, -1.0])
10:38:10:130986, 2, 1, 1631831890.1308286, 11, GPS(-43.520509, 172.583123, 21.458010, var=[1.0, 1.0, 1.0]), 52.269188328520386, GPS(-43.520600, 172.583000, 0.000000, var=[-1.0, -1.0, -1.0])
10:38:11:089106, 4, 1, 1631831891.0889, 10, GPS(-43.520690, 172.583123, 21.480722, var=[1.0, 1.0, 1.0]), 52.21925424112357, GPS(-43.520600, 172.583000, 0.000000, var=[-1.0, -1.0, -1.0])
10:38:11:090538, 4, 1, 1631831891.0901775, 11, GPS(-43.520690, 172.583123, 21.480722, var=[1.0, 1.0, 1.0]), 52.21925424112357, GPS(-43.520600, 172.583000, 0.000000, var=[-1.0, -1.0, -1.0])
10:38:11:091736, 3, 1, 1631831891.090166, 12, GPS(-43.520688, 172.582875, 21.476672, var=[1.0, 1.0, 1.0]), 52.24393195966651, GPS(-43.520600, 172.583000, 0.000000, var=[-1.0, -1.0, -1.0])
10:38:11:091784, 2, 1, 1631831891.0902023, 12, GPS(-43.520509, 172.583123, 21.477010, var=[1.0, 1.0, 1.0]), 52.280105552913675, GPS(-43.520600, 172.583000, 0.000000, var=[-1.0, -1.0, -1.0])
10:38:11:091826, 1, 1, 1631831891.0902226, 12, GPS(-43.520509, 172.582875, 21.466958, var=[1.0, 1.0, 1.0]), 52.328617034473616, GPS(-43.520600, 172.583000, 0.000000, var=[-1.0, -1.0, -1.0])
10:38:12:090431, 3, 1, 1631831892.090304, 13, GPS(-43.520688, 172.582875, 21.475672, var=[1.0, 1.0, 1.0]), 52.26427438635105, GPS(-43.520600, 172.583000, 0.000000, var=[-1.0, -1.0, -1.0])
10:38:12:090673, 3, 1, 1631831892.0905857, 14, GPS(-43.520688, 172.582875, 21.475672, var=[1.0, 1.0, 1.0]), 52.26427438635105, GPS(-43.520600, 172.583000, 0.000000, var=[-1.0, -1.0, -1.0])
10:38:12:090742, 2, 1, 1631831892.0906246, 13, GPS(-43.520509, 172.583123, 21.486010, var=[1.0, 1.0, 1.0]), 52.305634648271976, GPS(-43.520600, 172.583000, 0.000000, var=[-1.0, -1.0, -1.0])
10:38:12:090781, 4, 1, 1631831892.0906148, 12, GPS(-43.520690, 172.583123, 21.479722, var=[1.0, 1.0, 1.0]), 52.23522304988872, GPS(-43.520600, 172.583000, 0.000000, var=[-1.0, -1.0, -1.0])
10:38:12:091814, 1, 1, 1631831892.0906405, 13, GPS(-43.520509, 172.582875, 21.478958, var=[1.0, 1.0, 1.0]), 52.353481723793706, GPS(-43.520600, 172.583000, 0.000000, var=[-1.0, -1.0, -1.0])
10:38:13:091669, 1, 1, 1631831893.0915496, 14, GPS(-43.520509, 172.582875, 21.484958, var=[1.0, 1.0, 1.0]), 52.36433819099666, GPS(-43.520600, 172.583000, 0.000000, var=[-1.0, -1.0, -1.0])
10:38:13:091780, 3, 1, 1631831893.0916934, 15, GPS(-43.520688, 172.582875, 21.469672, var=[1.0, 1.0, 1.0]), 52.25450685474051, GPS(-43.520600, 172.583000, 0.000000, var=[-1.0, -1.0, -1.0])
10:38:13:091935, 3, 1, 1631831893.091867, 16, GPS(-43.520688, 172.582875, 21.469672, var=[1.0, 1.0, 1.0]), 52.25450685474051, GPS(-43.520600, 172.583000, 0.000000, var=[-1.0, -1.0, -1.0])
10:38:13:091989, 2, 1, 1631831893.09189, 14, GPS(-43.520509, 172.583123, 21.488010, var=[1.0, 1.0, 1.0]), 52.323781036758646, GPS(-43.520600, 172.583000, 0.000000, var=[-1.0, -1.0, -1.0])
10:38:13:092030, 1, 1, 1631831893.0918899, 15, GPS(-43.520509, 172.582875, 21.484958, var=[1.0, 1.0, 1.0]), 52.36433819099666, GPS(-43.520600, 172.583000, 0.000000, var=[-1.0, -1.0, -1.0])
10:38:13:092060, 4, 1, 1631831893.0918858, 13, GPS(-43.520689, 172.583123, 21.478722, var=[1.0, 1.0, 1.0]), 52.242185668553574, GPS(-43.520600, 172.583000, 0.000000, var=[-1.0, -1.0, -1.0])
10:38:14:092716, 3, 1, 1631831894.0925899, 17, GPS(-43.520688, 172.582875, 21.478672, var=[1.0, 1.0, 1.0]), 52.25391778086255, GPS(-43.520600, 172.583000, 0.000000, var=[-1.0, -1.0, -1.0])
10:38:14:093537, 3, 1, 1631831894.0934353, 18, GPS(-43.520688, 172.582875, 21.478672, var=[1.0, 1.0, 1.0]), 52.25391778086255, GPS(-43.520600, 172.583000, 0.000000, var=[-1.0, -1.0, -1.0])
10:38:14:093605, 1, 1, 1631831894.0934756, 16, GPS(-43.520509, 172.582875, 21.479959, var=[1.0, 1.0, 1.0]), 52.357504693141905, GPS(-43.520600, 172.583000, 0.000000, var=[-1.0, -1.0, -1.0])
10:38:14:093642, 4, 1, 1631831894.0934553, 14, GPS(-43.520690, 172.583123, 21.484722, var=[1.0, 1.0, 1.0]), 52.247606134056454, GPS(-43.520600, 172.583000, 0.000000, var=[-1.0, -1.0, -1.0])
10:38:14:094735, 2, 1, 1631831894.0934677, 15, GPS(-43.520509, 172.583123, 21.493010, var=[1.0, 1.0, 1.0]), 52.327138661411624, GPS(-43.520600, 172.583000, 0.000000, var=[-1.0, -1.0, -1.0])
10:38:15:094032, 1, 1, 1631831895.093848, 17, GPS(-43.520509, 172.582876, 21.479959, var=[1.0, 1.0, 1.0]), 52.35623500597889, GPS(-43.520600, 172.583000, 0.000000, var=[-1.0, -1.0, -1.0])
10:38:15:094529, 4, 1, 1631831895.0944011, 15, GPS(-43.520690, 172.583123, 21.480722, var=[1.0, 1.0, 1.0]), 52.25981267961181, GPS(-43.520600, 172.583000, 0.000000, var=[-1.0, -1.0, -1.0])
10:38:15:096385, 4, 1, 1631831895.094864, 16, GPS(-43.520690, 172.583123, 21.480722, var=[1.0, 1.0, 1.0]), 52.25981267961181, GPS(-43.520600, 172.583000, 0.000000, var=[-1.0, -1.0, -1.0])
10:38:15:096491, 3, 1, 1631831895.0948503, 19, GPS(-43.520688, 172.582875, 21.485672, var=[1.0, 1.0, 1.0]), 52.26162423658471, GPS(-43.520600, 172.583000, 0.000000, var=[-1.0, -1.0, -1.0])
10:38:15:096576, 1, 1, 1631831895.0948906, 18, GPS(-43.520509, 172.582876, 21.479959, var=[1.0, 1.0, 1.0]), 52.35623500597889, GPS(-43.520600, 172.583000, 0.000000, var=[-1.0, -1.0, -1.0])
10:38:15:096654, 2, 1, 1631831895.0948808, 16, GPS(-43.520509, 172.583123, 21.486010, var=[1.0, 1.0, 1.0]), 52.326306543819555, GPS(-43.520600, 172.583000, 0.000000, var=[-1.0, -1.0, -1.0])
10:38:16:095421, 4, 1, 1631831896.0952168, 17, GPS(-43.520690, 172.583123, 21.469722, var=[1.0, 1.0, 1.0]), 52.236610350061426, GPS(-43.520600, 172.583000, 0.000000, var=[-1.0, -1.0, -1.0])
10:38:16:096698, 4, 1, 1631831896.0964813, 18, GPS(-43.520690, 172.583123, 21.469722, var=[1.0, 1.0, 1.0]), 52.236610350061426, GPS(-43.520600, 172.583000, 0.000000, var=[-1.0, -1.0, -1.0])
10:38:16:096792, 3, 1, 1631831896.0964887, 20, GPS(-43.520688, 172.582875, 21.485672, var=[1.0, 1.0, 1.0]), 52.24446546126875, GPS(-43.520600, 172.583000, 0.000000, var=[-1.0, -1.0, -1.0])
10:38:16:096855, 2, 1, 1631831896.0965052, 17, GPS(-43.520509, 172.583123, 21.476011, var=[1.0, 1.0, 1.0]), 52.31894032533954, GPS(-43.520600, 172.583000, 0.000000, var=[-1.0, -1.0, -1.0])
10:38:16:099278, 1, 1, 1631831896.0965297, 19, GPS(-43.520509, 172.582876, 21.479959, var=[1.0, 1.0, 1.0]), 52.331602656998044, GPS(-43.520600, 172.583000, 0.000000, var=[-1.0, -1.0, -1.0])
10:38:17:096991, 3, 1, 1631831897.0967515, 21, GPS(-43.520688, 172.582875, 21.474672, var=[1.0, 1.0, 1.0]), 52.239304252077545, GPS(-43.520600, 172.583000, 0.000000, var=[-1.0, -1.0, -1.0])
10:38:17:097286, 2, 1, 1631831897.0971246, 18, GPS(-43.520509, 172.583123, 21.478011, var=[1.0, 1.0, 1.0]), 52.32776390707426, GPS(-43.520600, 172.583000, 0.000000, var=[-1.0, -1.0, -1.0])
10:38:17:099570, 3, 1, 1631831897.0993936, 22, GPS(-43.520688, 172.582875, 21.474672, var=[1.0, 1.0, 1.0]), 52.239304252077545, GPS(-43.520600, 172.583000, 0.000000, var=[-1.0, -1.0, -1.0])
10:38:17:099645, 4, 1, 1631831897.0975134, 19, GPS(-43.520689, 172.583123, 21.482723, var=[1.0, 1.0, 1.0]), 52.23860479383995, GPS(-43.520600, 172.583000, 0.000000, var=[-1.0, -1.0, -1.0])
10:38:17:099694, 1, 1, 1631831897.0975308, 20, GPS(-43.520509, 172.582876, 21.470959, var=[1.0, 1.0, 1.0]), 52.343142467730374, GPS(-43.520600, 172.583000, 0.000000, var=[-1.0, -1.0, -1.0])
10:38:17:099736, 2, 1, 1631831897.099445, 19, GPS(-43.520509, 172.583123, 21.478011, var=[1.0, 1.0, 1.0]), 52.32776390707426, GPS(-43.520600, 172.583000, 0.000000, var=[-1.0, -1.0, -1.0])
10:38:17:101174, 1, 1, 1631831897.0995271, 21, GPS(-43.520509, 172.582876, 21.470959, var=[1.0, 1.0, 1.0]), 52.343142467730374, GPS(-43.520600, 172.583000, 0.000000, var=[-1.0, -1.0, -1.0])
10:38:17:101231, 4, 1, 1631831897.099423, 20, GPS(-43.520689, 172.583123, 21.481723, var=[1.0, 1.0, 1.0]), 52.23776771273921, GPS(-43.520600, 172.583000, 0.000000, var=[-1.0, -1.0, -1.0])
10:38:18:099740, 3, 1, 1631831898.0996163, 23, GPS(-43.520688, 172.582875, 21.460672, var=[1.0, 1.0, 1.0]), 52.222611570901734, GPS(-43.520600, 172.583000, 0.000000, var=[-1.0, -1.0, -1.0])
10:38:18:099821, 2, 1, 1631831898.099665, 20, GPS(-43.520508, 172.583123, 21.470011, var=[1.0, 1.0, 1.0]), 52.315562759391476, GPS(-43.520600, 172.583000, 0.000000, var=[-1.0, -1.0, -1.0])
10:38:18:101131, 4, 1, 1631831898.0996304, 21, GPS(-43.520689, 172.583123, 21.474723, var=[1.0, 1.0, 1.0]), 52.226929151216794, GPS(-43.520600, 172.583000, 0.000000, var=[-1.0, -1.0, -1.0])
10:38:18:101169, 1, 1, 1631831898.0996604, 22, GPS(-43.520509, 172.582876, 21.466959, var=[1.0, 1.0, 1.0]), 52.34671167855412, GPS(-43.520600, 172.583000, 0.000000, var=[-1.0, -1.0, -1.0])
10:38:19:100354, 2, 1, 1631831899.1002069, 21, GPS(-43.520508, 172.583123, 21.458011, var=[1.0, 1.0, 1.0]), 52.30059155126138, GPS(-43.520600, 172.583000, 0.000000, var=[-1.0, -1.0, -1.0])
10:38:19:101902, 2, 1, 1631831899.1012533, 22, GPS(-43.520508, 172.583123, 21.458011, var=[1.0, 1.0, 1.0]), 52.30059155126138, GPS(-43.520600, 172.583000, 0.000000, var=[-1.0, -1.0, -1.0])
10:38:19:101967, 1, 1, 1631831899.1006436, 23, GPS(-43.520509, 172.582875, 21.457959, var=[1.0, 1.0, 1.0]), 52.33616534250886, GPS(-43.520600, 172.583000, 0.000000, var=[-1.0, -1.0, -1.0])
10:38:19:102008, 4, 1, 1631831899.1006875, 22, GPS(-43.520689, 172.583123, 21.457723, var=[1.0, 1.0, 1.0]), 52.21085910924143, GPS(-43.520600, 172.583000, 0.000000, var=[-1.0, -1.0, -1.0])
10:38:19:103509, 3, 1, 1631831899.101238, 24, GPS(-43.520688, 172.582875, 21.462673, var=[1.0, 1.0, 1.0]), 52.20765690707606, GPS(-43.520600, 172.583000, 0.000000, var=[-1.0, -1.0, -1.0])
10:38:19:103636, 4, 1, 1631831899.1012485, 23, GPS(-43.520689, 172.583123, 21.457723, var=[1.0, 1.0, 1.0]), 52.21085910924143, GPS(-43.520600, 172.583000, 0.000000, var=[-1.0, -1.0, -1.0])
10:38:19:103679, 1, 1, 1631831899.1012666, 24, GPS(-43.520509, 172.582875, 21.457959, var=[1.0, 1.0, 1.0]), 52.33616534250886, GPS(-43.520600, 172.583000, 0.000000, var=[-1.0, -1.0, -1.0])
10:38:20:101739, 1, 1, 1631831900.101519, 25, GPS(-43.520509, 172.582876, 21.437959, var=[1.0, 1.0, 1.0]), 52.31783874140187, GPS(-43.520600, 172.583000, 0.000000, var=[-1.0, -1.0, -1.0])
10:38:20:101835, 2, 1, 1631831900.1015494, 23, GPS(-43.520508, 172.583123, 21.450011, var=[1.0, 1.0, 1.0]), 52.303539014955504, GPS(-43.520600, 172.583000, 0.000000, var=[-1.0, -1.0, -1.0])
10:38:20:104656, 1, 1, 1631831900.1020396, 26, GPS(-43.520509, 172.582876, 21.437959, var=[1.0, 1.0, 1.0]), 52.31783874140187, GPS(-43.520600, 172.583000, 0.000000, var=[-1.0, -1.0, -1.0])
10:38:20:104794, 2, 1, 1631831900.1022868, 24, GPS(-43.520508, 172.583123, 21.450011, var=[1.0, 1.0, 1.0]), 52.303539014955504, GPS(-43.520600, 172.583000, 0.000000, var=[-1.0, -1.0, -1.0])
10:38:20:105114, 3, 1, 1631831900.1020133, 25, GPS(-43.520688, 172.582876, 21.458673, var=[1.0, 1.0, 1.0]), 52.19165989426307, GPS(-43.520600, 172.583000, 0.000000, var=[-1.0, -1.0, -1.0])
10:38:20:105225, 4, 1, 1631831900.1020193, 24, GPS(-43.520689, 172.583123, 21.444723, var=[1.0, 1.0, 1.0]), 52.2009312564452, GPS(-43.520600, 172.583000, 0.000000, var=[-1.0, -1.0, -1.0])
10:38:21:102913, 4, 1, 1631831901.102738, 25, GPS(-43.520689, 172.583124, 21.442723, var=[1.0, 1.0, 1.0]), 52.187223960274736, GPS(-43.520600, 172.583000, 0.000000, var=[-1.0, -1.0, -1.0])
10:38:21:103010, 2, 1, 1631831901.10279, 25, GPS(-43.520508, 172.583124, 21.441011, var=[1.0, 1.0, 1.0]), 52.29450867768574, GPS(-43.520600, 172.583000, 0.000000, var=[-1.0, -1.0, -1.0])
10:38:21:105020, 2, 1, 1631831901.10453, 26, GPS(-43.520508, 172.583124, 21.441011, var=[1.0, 1.0, 1.0]), 52.29450867768574, GPS(-43.520600, 172.583000, 0.000000, var=[-1.0, -1.0, -1.0])
10:38:21:105114, 3, 1, 1631831901.1031845, 26, GPS(-43.520688, 172.582876, 21.448673, var=[1.0, 1.0, 1.0]), 52.155578620705754, GPS(-43.520600, 172.583000, 0.000000, var=[-1.0, -1.0, -1.0])
10:38:21:105193, 1, 1, 1631831901.103405, 27, GPS(-43.520508, 172.582876, 21.443960, var=[1.0, 1.0, 1.0]), 52.308201711681065, GPS(-43.520600, 172.583000, 0.000000, var=[-1.0, -1.0, -1.0])
10:38:21:105264, 4, 1, 1631831901.104527, 26, GPS(-43.520689, 172.583124, 21.442723, var=[1.0, 1.0, 1.0]), 52.187223960274736, GPS(-43.520600, 172.583000, 0.000000, var=[-1.0, -1.0, -1.0])
10:38:21:107061, 1, 1, 1631831901.104686, 28, GPS(-43.520508, 172.582876, 21.443960, var=[1.0, 1.0, 1.0]), 52.308201711681065, GPS(-43.520600, 172.583000, 0.000000, var=[-1.0, -1.0, -1.0])
10:38:21:107147, 3, 1, 1631831901.1044743, 27, GPS(-43.520688, 172.582876, 21.448673, var=[1.0, 1.0, 1.0]), 52.155578620705754, GPS(-43.520600, 172.583000, 0.000000, var=[-1.0, -1.0, -1.0])
10:38:22:104707, 3, 1, 1631831902.1045046, 28, GPS(-43.520688, 172.582876, 21.422673, var=[1.0, 1.0, 1.0]), 52.115470411425214, GPS(-43.520600, 172.583000, 0.000000, var=[-1.0, -1.0, -1.0])
10:38:22:105192, 4, 1, 1631831902.1050088, 27, GPS(-43.520689, 172.583124, 21.424723, var=[1.0, 1.0, 1.0]), 52.17386386834332, GPS(-43.520600, 172.583000, 0.000000, var=[-1.0, -1.0, -1.0])
10:38:22:105315, 1, 1, 1631831902.1051018, 29, GPS(-43.520509, 172.582876, 21.429959, var=[1.0, 1.0, 1.0]), 52.26009543055816, GPS(-43.520600, 172.583000, 0.000000, var=[-1.0, -1.0, -1.0])
10:38:22:106656, 2, 1, 1631831902.10649, 27, GPS(-43.520508, 172.583124, 21.431011, var=[1.0, 1.0, 1.0]), 52.28040460165991, GPS(-43.520600, 172.583000, 0.000000, var=[-1.0, -1.0, -1.0])
10:38:22:212756, 3, 1, 1631831902.2126095, 29, GPS(-43.520688, 172.582876, 21.423673, var=[1.0, 1.0, 1.0]), 52.114126911113914, GPS(-43.520600, 172.583000, 0.000000, var=[-1.0, -1.0, -1.0])
10:38:22:212811, 4, 1, 1631831902.2126148, 28, GPS(-43.520689, 172.583124, 21.424723, var=[1.0, 1.0, 1.0]), 52.17483342090536, GPS(-43.520600, 172.583000, 0.000000, var=[-1.0, -1.0, -1.0])
10:38:22:212845, 1, 1, 1631831902.2126367, 30, GPS(-43.520509, 172.582876, 21.427959, var=[1.0, 1.0, 1.0]), 52.259398740563654, GPS(-43.520600, 172.583000, 0.000000, var=[-1.0, -1.0, -1.0])
10:38:22:212915, 2, 1, 1631831902.212636, 28, GPS(-43.520508, 172.583124, 21.431011, var=[1.0, 1.0, 1.0]), 52.28137415422195, GPS(-43.520600, 172.583000, 0.000000, var=[-1.0, -1.0, -1.0])
10:38:23:213199, 2, 1, 1631831903.2130637, 29, GPS(-43.520509, 172.583124, 21.422011, var=[1.0, 1.0, 1.0]), 52.2713494518093, GPS(-43.520600, 172.583000, 0.000000, var=[-1.0, -1.0, -1.0])
10:38:23:213371, 4, 1, 1631831903.213075, 29, GPS(-43.520689, 172.583124, 21.417723, var=[1.0, 1.0, 1.0]), 52.17328864301558, GPS(-43.520600, 172.583000, 0.000000, var=[-1.0, -1.0, -1.0])
10:38:23:214635, 3, 1, 1631831903.2132099, 30, GPS(-43.520688, 172.582876, 21.413673, var=[1.0, 1.0, 1.0]), 52.10370296923723, GPS(-43.520600, 172.583000, 0.000000, var=[-1.0, -1.0, -1.0])
10:38:23:214698, 1, 2, 1631831903.2134943, 31, GPS(-43.520509, 172.582876, 21.415959, var=[1.0, 1.0, 1.0]), 52.24375632848904, GPS(-43.520600, 172.583000, 0.000000, var=[-1.0, -1.0, -1.0])
10:38:23:214744, 2, 1, 1631831903.2143798, 30, GPS(-43.520509, 172.583124, 21.422011, var=[1.0, 1.0, 1.0]), 52.2713494518093, GPS(-43.520600, 172.583000, 0.000000, var=[-1.0, -1.0, -1.0])
10:38:23:214776, 4, 1, 1631831903.2143674, 30, GPS(-43.520689, 172.583124, 21.417723, var=[1.0, 1.0, 1.0]), 52.17328864301558, GPS(-43.520600, 172.583000, 0.000000, var=[-1.0, -1.0, -1.0])
10:38:23:215948, 3, 1, 1631831903.2143583, 31, GPS(-43.520688, 172.582876, 21.413673, var=[1.0, 1.0, 1.0]), 52.10370296923723, GPS(-43.520600, 172.583000, 0.000000, var=[-1.0, -1.0, -1.0])
10:38:23:215984, 1, 2, 1631831903.21439, 32, GPS(-43.520509, 172.582876, 21.415959, var=[1.0, 1.0, 1.0]), 52.24375632848904, GPS(-43.520600, 172.583000, 0.000000, var=[-1.0, -1.0, -1.0])
10:38:24:214597, 4, 1, 1631831904.214466, 31, GPS(-43.520690, 172.583124, 21.409722, var=[1.0, 1.0, 1.0]), 52.163381858135054, GPS(-43.520600, 172.583000, 0.000000, var=[-1.0, -1.0, -1.0])
10:38:24:215058, 3, 1, 1631831904.2149534, 32, GPS(-43.520688, 172.582876, 21.409673, var=[1.0, 1.0, 1.0]), 52.10010041085529, GPS(-43.520600, 172.583000, 0.000000, var=[-1.0, -1.0, -1.0])
10:38:24:215105, 1, 2, 1631831904.2149634, 33, GPS(-43.520509, 172.582876, 21.404959, var=[1.0, 1.0, 1.0]), 52.215939226528704, GPS(-43.520600, 172.583000, 0.000000, var=[-1.0, -1.0, -1.0])
10:38:24:215288, 2, 2, 1631831904.2151792, 31, GPS(-43.520509, 172.583124, 21.412011, var=[1.0, 1.0, 1.0]), 52.23808704884917, GPS(-43.520600, 172.583000, 0.000000, var=[-1.0, -1.0, -1.0])
10:38:24:216561, 2, 2, 1631831904.2162037, 32, GPS(-43.520509, 172.583124, 21.412011, var=[1.0, 1.0, 1.0]), 52.23808704884917, GPS(-43.520600, 172.583000, 0.000000, var=[-1.0, -1.0, -1.0])
10:38:24:216620, 3, 1, 1631831904.2160199, 33, GPS(-43.520688, 172.582876, 21.409673, var=[1.0, 1.0, 1.0]), 52.10010041085529, GPS(-43.520600, 172.583000, 0.000000, var=[-1.0, -1.0, -1.0])
10:38:24:216668, 4, 1, 1631831904.2160292, 32, GPS(-43.520690, 172.583124, 21.409722, var=[1.0, 1.0, 1.0]), 52.163381858135054, GPS(-43.520600, 172.583000, 0.000000, var=[-1.0, -1.0, -1.0])
10:38:24:218349, 1, 2, 1631831904.2160592, 34, GPS(-43.520509, 172.582876, 21.404959, var=[1.0, 1.0, 1.0]), 52.215939226528704, GPS(-43.520600, 172.583000, 0.000000, var=[-1.0, -1.0, -1.0])
10:38:25:216752, 4, 1, 1631831905.2166429, 33, GPS(-43.520690, 172.583124, 21.408722, var=[1.0, 1.0, 1.0]), 52.15238108096948, GPS(-43.520600, 172.583000, 0.000000, var=[-1.0, -1.0, -1.0])
10:38:25:216832, 1, 2, 1631831905.2166853, 35, GPS(-43.520509, 172.582876, 21.409959, var=[1.0, 1.0, 1.0]), 52.2149760320044, GPS(-43.520600, 172.583000, 0.000000, var=[-1.0, -1.0, -1.0])
10:38:25:216888, 3, 1, 1631831905.2166374, 34, GPS(-43.520688, 172.582876, 21.420672, var=[1.0, 1.0, 1.0]), 52.11081587903982, GPS(-43.520600, 172.583000, 0.000000, var=[-1.0, -1.0, -1.0])
10:38:25:216932, 2, 2, 1631831905.2166817, 33, GPS(-43.520509, 172.583124, 21.405010, var=[1.0, 1.0, 1.0]), 52.21020061897758, GPS(-43.520600, 172.583000, 0.000000, var=[-1.0, -1.0, -1.0])
10:38:26:217974, 3, 2, 1631831906.2178438, 35, GPS(-43.520688, 172.582876, 21.412672, var=[1.0, 1.0, 1.0]), 52.103270640831205, GPS(-43.520600, 172.583000, 0.000000, var=[-1.0, -1.0, -1.0])
10:38:26:218203, 2, 2, 1631831906.2181017, 34, GPS(-43.520509, 172.583124, 21.418011, var=[1.0, 1.0, 1.0]), 52.22141870428308, GPS(-43.520600, 172.583000, 0.000000, var=[-1.0, -1.0, -1.0])
10:38:26:218505, 4, 2, 1631831906.218412, 34, GPS(-43.520690, 172.583124, 21.409722, var=[1.0, 1.0, 1.0]), 52.14608626851381, GPS(-43.520600, 172.583000, 0.000000, var=[-1.0, -1.0, -1.0])
10:38:26:219697, 4, 2, 1631831906.2190518, 35, GPS(-43.520690, 172.583124, 21.409722, var=[1.0, 1.0, 1.0]), 52.14608626851381, GPS(-43.520600, 172.583000, 0.000000, var=[-1.0, -1.0, -1.0])
10:38:26:220648, 1, 2, 1631831906.218482, 36, GPS(-43.520509, 172.582876, 21.410959, var=[1.0, 1.0, 1.0]), 52.21181539397194, GPS(-43.520600, 172.583000, 0.000000, var=[-1.0, -1.0, -1.0])
10:38:26:220719, 3, 2, 1631831906.2190528, 36, GPS(-43.520688, 172.582876, 21.412672, var=[1.0, 1.0, 1.0]), 52.103270640831205, GPS(-43.520600, 172.583000, 0.000000, var=[-1.0, -1.0, -1.0])
10:38:26:220774, 2, 2, 1631831906.2190661, 35, GPS(-43.520509, 172.583124, 21.418011, var=[1.0, 1.0, 1.0]), 52.22141870428308, GPS(-43.520600, 172.583000, 0.000000, var=[-1.0, -1.0, -1.0])
10:38:26:222235, 1, 2, 1631831906.2190828, 37, GPS(-43.520509, 172.582876, 21.410959, var=[1.0, 1.0, 1.0]), 52.21181539397194, GPS(-43.520600, 172.583000, 0.000000, var=[-1.0, -1.0, -1.0])
10:38:27:219399, 3, 2, 1631831907.219277, 37, GPS(-43.520688, 172.582876, 21.400672, var=[1.0, 1.0, 1.0]), 52.103055894222564, GPS(-43.520600, 172.583000, 0.000000, var=[-1.0, -1.0, -1.0])
10:38:27:219638, 4, 2, 1631831907.2195435, 36, GPS(-43.520690, 172.583124, 21.406722, var=[1.0, 1.0, 1.0]), 52.155368632056984, GPS(-43.520600, 172.583000, 0.000000, var=[-1.0, -1.0, -1.0])
10:38:27:219827, 3, 2, 1631831907.2197497, 38, GPS(-43.520688, 172.582876, 21.400672, var=[1.0, 1.0, 1.0]), 52.103055894222564, GPS(-43.520600, 172.583000, 0.000000, var=[-1.0, -1.0, -1.0])
10:38:27:219890, 4, 2, 1631831907.219799, 37, GPS(-43.520690, 172.583124, 21.406722, var=[1.0, 1.0, 1.0]), 52.155368632056984, GPS(-43.520600, 172.583000, 0.000000, var=[-1.0, -1.0, -1.0])
10:38:27:219936, 2, 2, 1631831907.2197778, 36, GPS(-43.520509, 172.583124, 21.410011, var=[1.0, 1.0, 1.0]), 52.2277253854086, GPS(-43.520600, 172.583000, 0.000000, var=[-1.0, -1.0, -1.0])
10:38:27:221680, 1, 2, 1631831907.2198012, 38, GPS(-43.520509, 172.582876, 21.408959, var=[1.0, 1.0, 1.0]), 52.21685025648699, GPS(-43.520600, 172.583000, 0.000000, var=[-1.0, -1.0, -1.0])
10:38:28:219995, 1, 2, 1631831908.2198076, 39, GPS(-43.520509, 172.582876, 21.414959, var=[1.0, 1.0, 1.0]), 52.21447492053065, GPS(-43.520600, 172.583000, 0.000000, var=[-1.0, -1.0, -1.0])
10:38:28:220088, 4, 2, 1631831908.2198288, 38, GPS(-43.520690, 172.583124, 21.414722, var=[1.0, 1.0, 1.0]), 52.177801921802995, GPS(-43.520600, 172.583000, 0.000000, var=[-1.0, -1.0, -1.0])
10:38:28:221602, 4, 2, 1631831908.221441, 39, GPS(-43.520690, 172.583124, 21.414722, var=[1.0, 1.0, 1.0]), 52.177801921802995, GPS(-43.520600, 172.583000, 0.000000, var=[-1.0, -1.0, -1.0])
10:38:28:221701, 3, 2, 1631831908.2214425, 39, GPS(-43.520688, 172.582876, 21.403672, var=[1.0, 1.0, 1.0]), 52.11072330606018, GPS(-43.520600, 172.583000, 0.000000, var=[-1.0, -1.0, -1.0])
10:38:28:221769, 1, 2, 1631831908.221467, 40, GPS(-43.520509, 172.582876, 21.414959, var=[1.0, 1.0, 1.0]), 52.21447492053065, GPS(-43.520600, 172.583000, 0.000000, var=[-1.0, -1.0, -1.0])
10:38:28:221823, 2, 2, 1631831908.2214832, 37, GPS(-43.520509, 172.583124, 21.413010, var=[1.0, 1.0, 1.0]), 52.23098649878277, GPS(-43.520600, 172.583000, 0.000000, var=[-1.0, -1.0, -1.0])
10:38:29:221653, 4, 2, 1631831909.22151, 40, GPS(-43.520690, 172.583124, 21.430722, var=[1.0, 1.0, 1.0]), 52.20021255808347, GPS(-43.520600, 172.583000, 0.000000, var=[-1.0, -1.0, -1.0])
10:38:29:221753, 2, 2, 1631831909.2216544, 38, GPS(-43.520509, 172.583124, 21.422010, var=[1.0, 1.0, 1.0]), 52.24949395600083, GPS(-43.520600, 172.583000, 0.000000, var=[-1.0, -1.0, -1.0])
10:38:29:223141, 1, 2, 1631831909.2226164, 41, GPS(-43.520509, 172.582876, 21.431959, var=[1.0, 1.0, 1.0]), 52.253410955583455, GPS(-43.520600, 172.583000, 0.000000, var=[-1.0, -1.0, -1.0])
10:38:29:223182, 3, 2, 1631831909.2225413, 40, GPS(-43.520688, 172.582876, 21.415672, var=[1.0, 1.0, 1.0]), 52.13491935738999, GPS(-43.520600, 172.583000, 0.000000, var=[-1.0, -1.0, -1.0])
10:38:29:256303, 4, 2, 1631831909.2561805, 41, GPS(-43.520690, 172.583124, 21.431722, var=[1.0, 1.0, 1.0]), 52.212029322588094, GPS(-43.520600, 172.583000, 0.000000, var=[-1.0, -1.0, -1.0])
10:38:29:256691, 3, 2, 1631831909.2565894, 41, GPS(-43.520688, 172.582876, 21.415672, var=[1.0, 1.0, 1.0]), 52.14590091413252, GPS(-43.520600, 172.583000, 0.000000, var=[-1.0, -1.0, -1.0])
10:38:29:259424, 2, 2, 1631831909.2593184, 39, GPS(-43.520509, 172.583124, 21.423010, var=[1.0, 1.0, 1.0]), 52.26130878068238, GPS(-43.520600, 172.583000, 0.000000, var=[-1.0, -1.0, -1.0])
10:38:29:260766, 1, 2, 1631831909.259798, 42, GPS(-43.520509, 172.582876, 21.432959, var=[1.0, 1.0, 1.0]), 52.265226040222316, GPS(-43.520600, 172.583000, 0.000000, var=[-1.0, -1.0, -1.0])
10:38:30:256827, 4, 2, 1631831910.2566917, 42, GPS(-43.520690, 172.583123, 21.432722, var=[1.0, 1.0, 1.0]), 52.19914324901271, GPS(-43.520600, 172.583000, 0.000000, var=[-1.0, -1.0, -1.0])
10:38:30:258441, 3, 2, 1631831910.2583365, 42, GPS(-43.520688, 172.582876, 21.425672, var=[1.0, 1.0, 1.0]), 52.16056563538099, GPS(-43.520600, 172.583000, 0.000000, var=[-1.0, -1.0, -1.0])
10:38:30:260940, 3, 2, 1631831910.260826, 43, GPS(-43.520688, 172.582876, 21.425672, var=[1.0, 1.0, 1.0]), 52.16056563538099, GPS(-43.520600, 172.583000, 0.000000, var=[-1.0, -1.0, -1.0])
10:38:30:261004, 1, 2, 1631831910.2608614, 43, GPS(-43.520509, 172.582876, 21.435958, var=[1.0, 1.0, 1.0]), 52.26839575439059, GPS(-43.520600, 172.583000, 0.000000, var=[-1.0, -1.0, -1.0])
10:38:30:261043, 2, 2, 1631831910.260847, 40, GPS(-43.520509, 172.583124, 21.436011, var=[1.0, 1.0, 1.0]), 52.2702658626109, GPS(-43.520600, 172.583000, 0.000000, var=[-1.0, -1.0, -1.0])
10:38:30:262288, 4, 2, 1631831910.2608607, 43, GPS(-43.520690, 172.583123, 21.432722, var=[1.0, 1.0, 1.0]), 52.19914324901271, GPS(-43.520600, 172.583000, 0.000000, var=[-1.0, -1.0, -1.0])
10:38:31:261260, 4, 2, 1631831911.2610328, 44, GPS(-43.520690, 172.583123, 21.432722, var=[1.0, 1.0, 1.0]), 52.18933447405989, GPS(-43.520600, 172.583000, 0.000000, var=[-1.0, -1.0, -1.0])
10:38:31:262406, 3, 2, 1631831911.2622383, 44, GPS(-43.520688, 172.582876, 21.423672, var=[1.0, 1.0, 1.0]), 52.15104288868666, GPS(-43.520600, 172.583000, 0.000000, var=[-1.0, -1.0, -1.0])
10:38:31:262571, 4, 2, 1631831911.262413, 45, GPS(-43.520690, 172.583123, 21.432722, var=[1.0, 1.0, 1.0]), 52.18933447405989, GPS(-43.520600, 172.583000, 0.000000, var=[-1.0, -1.0, -1.0])
10:38:31:262668, 3, 2, 1631831911.262459, 45, GPS(-43.520688, 172.582876, 21.423672, var=[1.0, 1.0, 1.0]), 52.15104288868666, GPS(-43.520600, 172.583000, 0.000000, var=[-1.0, -1.0, -1.0])
10:38:31:262745, 2, 2, 1631831911.262459, 41, GPS(-43.520509, 172.583124, 21.428010, var=[1.0, 1.0, 1.0]), 52.24821815309748, GPS(-43.520600, 172.583000, 0.000000, var=[-1.0, -1.0, -1.0])
10:38:31:264800, 1, 2, 1631831911.2624688, 44, GPS(-43.520509, 172.582876, 21.436958, var=[1.0, 1.0, 1.0]), 52.253869324656975, GPS(-43.520600, 172.583000, 0.000000, var=[-1.0, -1.0, -1.0])
10:38:32:262656, 3, 2, 1631831912.2625299, 46, GPS(-43.520689, 172.582876, 21.423672, var=[1.0, 1.0, 1.0]), 52.16388385470364, GPS(-43.520600, 172.583000, 0.000000, var=[-1.0, -1.0, -1.0])
10:38:32:262732, 4, 2, 1631831912.2626336, 46, GPS(-43.520690, 172.583123, 21.431722, var=[1.0, 1.0, 1.0]), 52.179038680262856, GPS(-43.520600, 172.583000, 0.000000, var=[-1.0, -1.0, -1.0])
10:38:32:264142, 2, 2, 1631831912.2640312, 42, GPS(-43.520509, 172.583123, 21.436010, var=[1.0, 1.0, 1.0]), 52.242255724602785, GPS(-43.520600, 172.583000, 0.000000, var=[-1.0, -1.0, -1.0])
10:38:32:265286, 2, 2, 1631831912.2649732, 43, GPS(-43.520509, 172.583123, 21.436010, var=[1.0, 1.0, 1.0]), 52.242255724602785, GPS(-43.520600, 172.583000, 0.000000, var=[-1.0, -1.0, -1.0])
10:38:32:266267, 1, 2, 1631831912.264503, 45, GPS(-43.520509, 172.582876, 21.433958, var=[1.0, 1.0, 1.0]), 52.24935767386881, GPS(-43.520600, 172.583000, 0.000000, var=[-1.0, -1.0, -1.0])
10:38:32:266309, 3, 2, 1631831912.2649553, 47, GPS(-43.520689, 172.582876, 21.423672, var=[1.0, 1.0, 1.0]), 52.16388385470364, GPS(-43.520600, 172.583000, 0.000000, var=[-1.0, -1.0, -1.0])
10:38:32:266345, 4, 2, 1631831912.2649646, 47, GPS(-43.520690, 172.583123, 21.431722, var=[1.0, 1.0, 1.0]), 52.179038680262856, GPS(-43.520600, 172.583000, 0.000000, var=[-1.0, -1.0, -1.0])
10:38:32:266378, 1, 2, 1631831912.2649817, 46, GPS(-43.520509, 172.582876, 21.433958, var=[1.0, 1.0, 1.0]), 52.24935767386881, GPS(-43.520600, 172.583000, 0.000000, var=[-1.0, -1.0, -1.0])
10:38:33:265265, 1, 2, 1631831913.2650878, 47, GPS(-43.520509, 172.582876, 21.443958, var=[1.0, 1.0, 1.0]), 52.26668656707889, GPS(-43.520600, 172.583000, 0.000000, var=[-1.0, -1.0, -1.0])
10:38:33:265390, 4, 2, 1631831913.265168, 48, GPS(-43.520690, 172.583123, 21.433722, var=[1.0, 1.0, 1.0]), 52.19835088080144, GPS(-43.520600, 172.583000, 0.000000, var=[-1.0, -1.0, -1.0])
10:38:33:265532, 3, 2, 1631831913.2653635, 48, GPS(-43.520688, 172.582876, 21.431672, var=[1.0, 1.0, 1.0]), 52.175292512388324, GPS(-43.520600, 172.583000, 0.000000, var=[-1.0, -1.0, -1.0])
10:38:33:265615, 4, 2, 1631831913.2654052, 49, GPS(-43.520690, 172.583123, 21.433722, var=[1.0, 1.0, 1.0]), 52.19835088080144, GPS(-43.520600, 172.583000, 0.000000, var=[-1.0, -1.0, -1.0])
10:38:33:265673, 1, 2, 1631831913.265409, 48, GPS(-43.520509, 172.582876, 21.443958, var=[1.0, 1.0, 1.0]), 52.26668656707889, GPS(-43.520600, 172.583000, 0.000000, var=[-1.0, -1.0, -1.0])
10:38:33:265720, 2, 2, 1631831913.2654135, 44, GPS(-43.520509, 172.583123, 21.447010, var=[1.0, 1.0, 1.0]), 52.260421818575324, GPS(-43.520600, 172.583000, 0.000000, var=[-1.0, -1.0, -1.0])
10:38:34:265751, 3, 2, 1631831914.2655237, 49, GPS(-43.520688, 172.582876, 21.436672, var=[1.0, 1.0, 1.0]), 52.190629125232405, GPS(-43.520600, 172.583000, 0.000000, var=[-1.0, -1.0, -1.0])
10:38:34:266205, 4, 2, 1631831914.266019, 50, GPS(-43.520690, 172.583123, 21.433722, var=[1.0, 1.0, 1.0]), 52.21380580172582, GPS(-43.520600, 172.583000, 0.000000, var=[-1.0, -1.0, -1.0])
10:38:34:266735, 2, 2, 1631831914.266582, 45, GPS(-43.520509, 172.583123, 21.444010, var=[1.0, 1.0, 1.0]), 52.26154866667861, GPS(-43.520600, 172.583000, 0.000000, var=[-1.0, -1.0, -1.0])
10:38:34:269376, 2, 2, 1631831914.2683783, 46, GPS(-43.520509, 172.583123, 21.444010, var=[1.0, 1.0, 1.0]), 52.26154866667861, GPS(-43.520600, 172.583000, 0.000000, var=[-1.0, -1.0, -1.0])
10:38:34:270893, 1, 2, 1631831914.2674367, 49, GPS(-43.520510, 172.582876, 21.443958, var=[1.0, 1.0, 1.0]), 52.26912112651439, GPS(-43.520600, 172.583000, 0.000000, var=[-1.0, -1.0, -1.0])
10:38:34:270950, 3, 2, 1631831914.2677774, 50, GPS(-43.520688, 172.582876, 21.436672, var=[1.0, 1.0, 1.0]), 52.190629125232405, GPS(-43.520600, 172.583000, 0.000000, var=[-1.0, -1.0, -1.0])
10:38:34:271000, 4, 2, 1631831914.267758, 51, GPS(-43.520690, 172.583123, 21.433722, var=[1.0, 1.0, 1.0]), 52.21380580172582, GPS(-43.520600, 172.583000, 0.000000, var=[-1.0, -1.0, -1.0])
10:38:34:271046, 1, 2, 1631831914.267767, 50, GPS(-43.520510, 172.582876, 21.443958, var=[1.0, 1.0, 1.0]), 52.26912112651439, GPS(-43.520600, 172.583000, 0.000000, var=[-1.0, -1.0, -1.0])
10:38:35:268540, 1, 2, 1631831915.2682478, 51, GPS(-43.520510, 172.582876, 21.448958, var=[1.0, 1.0, 1.0]), 52.269153421563246, GPS(-43.520600, 172.583000, 0.000000, var=[-1.0, -1.0, -1.0])
10:38:35:268670, 2, 2, 1631831915.2685657, 47, GPS(-43.520509, 172.583123, 21.449010, var=[1.0, 1.0, 1.0]), 52.26160147303129, GPS(-43.520600, 172.583000, 0.000000, var=[-1.0, -1.0, -1.0])
10:38:35:270114, 2, 2, 1631831915.2694507, 48, GPS(-43.520509, 172.583123, 21.449010, var=[1.0, 1.0, 1.0]), 52.26160147303129, GPS(-43.520600, 172.583000, 0.000000, var=[-1.0, -1.0, -1.0])
10:38:35:271148, 3, 2, 1631831915.2692938, 51, GPS(-43.520689, 172.582876, 21.455672, var=[1.0, 1.0, 1.0]), 52.20348288527001, GPS(-43.520600, 172.583000, 0.000000, var=[-1.0, -1.0, -1.0])
10:38:35:271192, 4, 2, 1631831915.269456, 52, GPS(-43.520690, 172.583124, 21.448722, var=[1.0, 1.0, 1.0]), 52.22726644263915, GPS(-43.520600, 172.583000, 0.000000, var=[-1.0, -1.0, -1.0])
10:38:35:271228, 1, 2, 1631831915.269471, 52, GPS(-43.520510, 172.582876, 21.448958, var=[1.0, 1.0, 1.0]), 52.269153421563246, GPS(-43.520600, 172.583000, 0.000000, var=[-1.0, -1.0, -1.0])
10:38:35:271262, 3, 2, 1631831915.2694557, 52, GPS(-43.520689, 172.582876, 21.455672, var=[1.0, 1.0, 1.0]), 52.20348288527001, GPS(-43.520600, 172.583000, 0.000000, var=[-1.0, -1.0, -1.0])
10:38:36:270047, 1, 2, 1631831916.2699006, 53, GPS(-43.520510, 172.582876, 21.456958, var=[1.0, 1.0, 1.0]), 52.28403851111128, GPS(-43.520600, 172.583000, 0.000000, var=[-1.0, -1.0, -1.0])
10:38:36:270325, 4, 4, 1631831916.2701833, 53, GPS(-43.520690, 172.583123, 21.453722, var=[1.0, 1.0, 1.0]), 52.232188272189546, GPS(-43.520600, 172.583000, 0.000000, var=[-1.0, -1.0, -1.0])
10:38:36:270406, 3, 2, 1631831916.270179, 53, GPS(-43.520688, 172.582876, 21.461672, var=[1.0, 1.0, 1.0]), 52.20808374513854, GPS(-43.520600, 172.583000, 0.000000, var=[-1.0, -1.0, -1.0])
10:38:36:270455, 2, 2, 1631831916.2701993, 49, GPS(-43.520509, 172.583123, 21.459010, var=[1.0, 1.0, 1.0]), 52.28443069531306, GPS(-43.520600, 172.583000, 0.000000, var=[-1.0, -1.0, -1.0])
10:38:36:271954, 1, 2, 1631831916.2702074, 54, GPS(-43.520510, 172.582876, 21.456958, var=[1.0, 1.0, 1.0]), 52.28403851111128, GPS(-43.520600, 172.583000, 0.000000, var=[-1.0, -1.0, -1.0])
10:38:37:270474, 1, 2, 1631831917.2703438, 55, GPS(-43.520510, 172.582876, 21.475958, var=[1.0, 1.0, 1.0]), 52.30775899983239, GPS(-43.520600, 172.583000, 0.000000, var=[-1.0, -1.0, -1.0])
10:38:37:271939, 3, 2, 1631831917.2718182, 54, GPS(-43.520689, 172.582876, 21.463672, var=[1.0, 1.0, 1.0]), 52.221879135268864, GPS(-43.520600, 172.583000, 0.000000, var=[-1.0, -1.0, -1.0])
10:38:37:272012, 2, 2, 1631831917.2719076, 50, GPS(-43.520509, 172.583123, 21.465010, var=[1.0, 1.0, 1.0]), 52.300436393407225, GPS(-43.520600, 172.583000, 0.000000, var=[-1.0, -1.0, -1.0])
10:38:37:273295, 2, 2, 1631831917.2720404, 51, GPS(-43.520509, 172.583123, 21.465010, var=[1.0, 1.0, 1.0]), 52.300436393407225, GPS(-43.520600, 172.583000, 0.000000, var=[-1.0, -1.0, -1.0])
10:38:37:274205, 4, 4, 1631831917.2719362, 54, GPS(-43.520690, 172.583123, 21.464722, var=[1.0, 1.0, 1.0]), 52.256707757029076, GPS(-43.520600, 172.583000, 0.000000, var=[-1.0, -1.0, -1.0])
10:38:37:274246, 3, 2, 1631831917.2720318, 55, GPS(-43.520689, 172.582876, 21.463672, var=[1.0, 1.0, 1.0]), 52.221879135268864, GPS(-43.520600, 172.583000, 0.000000, var=[-1.0, -1.0, -1.0])
10:38:37:274283, 1, 2, 1631831917.272075, 56, GPS(-43.520510, 172.582876, 21.475958, var=[1.0, 1.0, 1.0]), 52.30775899983239, GPS(-43.520600, 172.583000, 0.000000, var=[-1.0, -1.0, -1.0])
10:38:37:274322, 4, 4, 1631831917.2720683, 55, GPS(-43.520690, 172.583123, 21.464722, var=[1.0, 1.0, 1.0]), 52.256707757029076, GPS(-43.520600, 172.583000, 0.000000, var=[-1.0, -1.0, -1.0])
10:38:38:273598, 3, 4, 1631831918.273398, 56, GPS(-43.520689, 172.582876, 21.462672, var=[1.0, 1.0, 1.0]), 52.235449077115874, GPS(-43.520600, 172.583000, 0.000000, var=[-1.0, -1.0, -1.0])
10:38:38:273718, 4, 4, 1631831918.2734742, 56, GPS(-43.520690, 172.583124, 21.461722, var=[1.0, 1.0, 1.0]), 52.2651277132013, GPS(-43.520600, 172.583000, 0.000000, var=[-1.0, -1.0, -1.0])
10:38:38:273785, 2, 4, 1631831918.2734323, 52, GPS(-43.520509, 172.583123, 21.468010, var=[1.0, 1.0, 1.0]), 52.3119394017805, GPS(-43.520600, 172.583000, 0.000000, var=[-1.0, -1.0, -1.0])
10:38:38:275681, 1, 4, 1631831918.2734525, 57, GPS(-43.520510, 172.582876, 21.475958, var=[1.0, 1.0, 1.0]), 52.31363007011915, GPS(-43.520600, 172.583000, 0.000000, var=[-1.0, -1.0, -1.0])
10:38:39:273911, 2, 4, 1631831919.273786, 53, GPS(-43.520509, 172.583123, 21.464010, var=[1.0, 1.0, 1.0]), 52.29423900291636, GPS(-43.520600, 172.583000, 0.000000, var=[-1.0, -1.0, -1.0])
10:38:39:275078, 1, 4, 1631831919.274518, 58, GPS(-43.520510, 172.582876, 21.458958, var=[1.0, 1.0, 1.0]), 52.2925777849039, GPS(-43.520600, 172.583000, 0.000000, var=[-1.0, -1.0, -1.0])
10:38:39:275122, 3, 4, 1631831919.2739685, 57, GPS(-43.520689, 172.582876, 21.466672, var=[1.0, 1.0, 1.0]), 52.23194250879416, GPS(-43.520600, 172.583000, 0.000000, var=[-1.0, -1.0, -1.0])
10:38:39:275158, 4, 4, 1631831919.2742794, 57, GPS(-43.520690, 172.583124, 21.464722, var=[1.0, 1.0, 1.0]), 52.261962935355356, GPS(-43.520600, 172.583000, 0.000000, var=[-1.0, -1.0, -1.0])
10:38:39:303396, 4, 4, 1631831919.3032568, 58, GPS(-43.520690, 172.583124, 21.464722, var=[1.0, 1.0, 1.0]), 52.251962937197604, GPS(-43.520600, 172.583000, 0.000000, var=[-1.0, -1.0, -1.0])
10:38:39:303542, 1, 4, 1631831919.3034544, 59, GPS(-43.520510, 172.582876, 21.459958, var=[1.0, 1.0, 1.0]), 52.28341209849428, GPS(-43.520600, 172.583000, 0.000000, var=[-1.0, -1.0, -1.0])
10:38:39:318027, 3, 4, 1631831919.3178995, 58, GPS(-43.520689, 172.582876, 21.466672, var=[1.0, 1.0, 1.0]), 52.22194251063641, GPS(-43.520600, 172.583000, 0.000000, var=[-1.0, -1.0, -1.0])
10:38:39:318312, 2, 4, 1631831919.3181896, 54, GPS(-43.520509, 172.583123, 21.463010, var=[1.0, 1.0, 1.0]), 52.28340456230019, GPS(-43.520600, 172.583000, 0.000000, var=[-1.0, -1.0, -1.0])
10:38:40:305264, 4, 4, 1631831920.3048918, 59, GPS(-43.520690, 172.583124, 21.464722, var=[1.0, 1.0, 1.0]), 52.25529160964366, GPS(-43.520600, 172.583000, 0.000000, var=[-1.0, -1.0, -1.0])
10:38:40:305524, 1, 4, 1631831920.3052335, 60, GPS(-43.520510, 172.582876, 21.449958, var=[1.0, 1.0, 1.0]), 52.274069513085976, GPS(-43.520600, 172.583000, 0.000000, var=[-1.0, -1.0, -1.0])
10:38:40:319102, 3, 4, 1631831920.3189597, 59, GPS(-43.520689, 172.582876, 21.465672, var=[1.0, 1.0, 1.0]), 52.22010593874436, GPS(-43.520600, 172.583000, 0.000000, var=[-1.0, -1.0, -1.0])
10:38:40:319563, 3, 4, 1631831920.3194644, 60, GPS(-43.520689, 172.582876, 21.465672, var=[1.0, 1.0, 1.0]), 52.22010593874436, GPS(-43.520600, 172.583000, 0.000000, var=[-1.0, -1.0, -1.0])
10:38:40:320734, 1, 4, 1631831920.3195326, 61, GPS(-43.520510, 172.582876, 21.449958, var=[1.0, 1.0, 1.0]), 52.274069513085976, GPS(-43.520600, 172.583000, 0.000000, var=[-1.0, -1.0, -1.0])
10:38:40:321985, 4, 4, 1631831920.3194997, 60, GPS(-43.520690, 172.583124, 21.464722, var=[1.0, 1.0, 1.0]), 52.25529160964366, GPS(-43.520600, 172.583000, 0.000000, var=[-1.0, -1.0, -1.0])
10:38:40:323004, 2, 4, 1631831920.3195155, 55, GPS(-43.520509, 172.583123, 21.452010, var=[1.0, 1.0, 1.0]), 52.276347687846936, GPS(-43.520600, 172.583000, 0.000000, var=[-1.0, -1.0, -1.0])
10:38:41:321019, 4, 4, 1631831921.3207912, 61, GPS(-43.520690, 172.583123, 21.469722, var=[1.0, 1.0, 1.0]), 52.244013191764125, GPS(-43.520600, 172.583000, 0.000000, var=[-1.0, -1.0, -1.0])
10:38:41:322393, 2, 4, 1631831921.3214195, 56, GPS(-43.520509, 172.583123, 21.461010, var=[1.0, 1.0, 1.0]), 52.27710170258348, GPS(-43.520600, 172.583000, 0.000000, var=[-1.0, -1.0, -1.0])
10:38:41:324110, 3, 4, 1631831921.3208861, 61, GPS(-43.520689, 172.582876, 21.460672, var=[1.0, 1.0, 1.0]), 52.199371211602056, GPS(-43.520600, 172.583000, 0.000000, var=[-1.0, -1.0, -1.0])
10:38:41:325577, 1, 4, 1631831921.3213336, 62, GPS(-43.520509, 172.582876, 21.451958, var=[1.0, 1.0, 1.0]), 52.27522333386244, GPS(-43.520600, 172.583000, 0.000000, var=[-1.0, -1.0, -1.0])
10:38:41:354589, 2, 4, 1631831921.3544443, 57, GPS(-43.520509, 172.583123, 21.461010, var=[1.0, 1.0, 1.0]), 52.289107597712814, GPS(-43.520600, 172.583000, 0.000000, var=[-1.0, -1.0, -1.0])
10:38:41:356922, 3, 4, 1631831921.3557353, 62, GPS(-43.520689, 172.582876, 21.460672, var=[1.0, 1.0, 1.0]), 52.21137710673139, GPS(-43.520600, 172.583000, 0.000000, var=[-1.0, -1.0, -1.0])
10:38:41:358171, 4, 4, 1631831921.3552182, 62, GPS(-43.520690, 172.583123, 21.470722, var=[1.0, 1.0, 1.0]), 52.253730719080764, GPS(-43.520600, 172.583000, 0.000000, var=[-1.0, -1.0, -1.0])
10:38:41:395134, 1, 4, 1631831921.3949919, 63, GPS(-43.520509, 172.582876, 21.451958, var=[1.0, 1.0, 1.0]), 52.28822922864137, GPS(-43.520600, 172.583000, 0.000000, var=[-1.0, -1.0, -1.0])
10:38:42:355356, 4, 4, 1631831922.355227, 63, GPS(-43.520690, 172.583123, 21.486722, var=[1.0, 1.0, 1.0]), 52.2669054041166, GPS(-43.520600, 172.583000, 0.000000, var=[-1.0, -1.0, -1.0])
10:38:42:356423, 4, 4, 1631831922.3560658, 64, GPS(-43.520690, 172.583123, 21.486722, var=[1.0, 1.0, 1.0]), 52.2669054041166, GPS(-43.520600, 172.583000, 0.000000, var=[-1.0, -1.0, -1.0])
10:38:42:357202, 2, 4, 1631831922.3560967, 58, GPS(-43.520509, 172.583123, 21.469010, var=[1.0, 1.0, 1.0]), 52.296782145699055, GPS(-43.520600, 172.583000, 0.000000, var=[-1.0, -1.0, -1.0])
10:38:42:358938, 1, 4, 1631831922.3560967, 64, GPS(-43.520509, 172.582876, 21.465958, var=[1.0, 1.0, 1.0]), 52.306175667855086, GPS(-43.520600, 172.583000, 0.000000, var=[-1.0, -1.0, -1.0])
10:38:42:360035, 3, 4, 1631831922.3560975, 63, GPS(-43.520688, 172.582876, 21.469672, var=[1.0, 1.0, 1.0]), 52.221935854753035, GPS(-43.520600, 172.583000, 0.000000, var=[-1.0, -1.0, -1.0])
10:38:43:357023, 1, 4, 1631831923.356863, 65, GPS(-43.520509, 172.582876, 21.469958, var=[1.0, 1.0, 1.0]), 52.321377328451405, GPS(-43.520600, 172.583000, 0.000000, var=[-1.0, -1.0, -1.0])
10:38:43:358014, 2, 4, 1631831923.3578084, 59, GPS(-43.520509, 172.583124, 21.477010, var=[1.0, 1.0, 1.0]), 52.320333273761534, GPS(-43.520600, 172.583000, 0.000000, var=[-1.0, -1.0, -1.0])
10:38:43:360165, 4, 4, 1631831923.3574078, 65, GPS(-43.520690, 172.583123, 21.489722, var=[1.0, 1.0, 1.0]), 52.2844147699142, GPS(-43.520600, 172.583000, 0.000000, var=[-1.0, -1.0, -1.0])
10:38:43:361474, 3, 4, 1631831923.3577323, 64, GPS(-43.520689, 172.582876, 21.468672, var=[1.0, 1.0, 1.0]), 52.240367367625, GPS(-43.520600, 172.583000, 0.000000, var=[-1.0, -1.0, -1.0])
10:38:43:362481, 1, 4, 1631831923.3581445, 66, GPS(-43.520509, 172.582876, 21.469958, var=[1.0, 1.0, 1.0]), 52.321377328451405, GPS(-43.520600, 172.583000, 0.000000, var=[-1.0, -1.0, -1.0])
10:38:43:364018, 2, 4, 1631831923.358092, 60, GPS(-43.520509, 172.583124, 21.477010, var=[1.0, 1.0, 1.0]), 52.320333273761534, GPS(-43.520600, 172.583000, 0.000000, var=[-1.0, -1.0, -1.0])
10:38:43:367063, 4, 4, 1631831923.3580995, 66, GPS(-43.520690, 172.583123, 21.489722, var=[1.0, 1.0, 1.0]), 52.2844147699142, GPS(-43.520600, 172.583000, 0.000000, var=[-1.0, -1.0, -1.0])
10:38:43:368583, 3, 4, 1631831923.3580995, 65, GPS(-43.520689, 172.582876, 21.468672, var=[1.0, 1.0, 1.0]), 52.240367367625, GPS(-43.520600, 172.583000, 0.000000, var=[-1.0, -1.0, -1.0])
10:38:44:358688, 2, 4, 1631831924.358561, 61, GPS(-43.520509, 172.583124, 21.494010, var=[1.0, 1.0, 1.0]), 52.34863388798498, GPS(-43.520600, 172.583000, 0.000000, var=[-1.0, -1.0, -1.0])
10:38:44:361113, 1, 4, 1631831924.359881, 67, GPS(-43.520510, 172.582876, 21.480958, var=[1.0, 1.0, 1.0]), 52.334064731018515, GPS(-43.520600, 172.583000, 0.000000, var=[-1.0, -1.0, -1.0])
10:38:44:362030, 4, 4, 1631831924.3591623, 67, GPS(-43.520690, 172.583124, 21.488722, var=[1.0, 1.0, 1.0]), 52.297696482098786, GPS(-43.520600, 172.583000, 0.000000, var=[-1.0, -1.0, -1.0])
10:38:44:362898, 3, 4, 1631831924.3594928, 66, GPS(-43.520689, 172.582876, 21.488672, var=[1.0, 1.0, 1.0]), 52.26809606218273, GPS(-43.520600, 172.583000, 0.000000, var=[-1.0, -1.0, -1.0])
10:38:44:386924, 1, 4, 1631831924.3867896, 68, GPS(-43.520510, 172.582876, 21.480958, var=[1.0, 1.0, 1.0]), 52.36206592948315, GPS(-43.520600, 172.583000, 0.000000, var=[-1.0, -1.0, -1.0])
10:38:44:389008, 2, 4, 1631831924.3888621, 62, GPS(-43.520509, 172.583124, 21.494010, var=[1.0, 1.0, 1.0]), 52.376635086449625, GPS(-43.520600, 172.583000, 0.000000, var=[-1.0, -1.0, -1.0])
10:38:44:390999, 3, 4, 1631831924.3892076, 67, GPS(-43.520689, 172.582876, 21.489672, var=[1.0, 1.0, 1.0]), 52.29693417488879, GPS(-43.520600, 172.583000, 0.000000, var=[-1.0, -1.0, -1.0])
10:38:44:418025, 4, 4, 1631831924.4178636, 68, GPS(-43.520690, 172.583124, 21.490722, var=[1.0, 1.0, 1.0]), 52.327369597285916, GPS(-43.520600, 172.583000, 0.000000, var=[-1.0, -1.0, -1.0])
10:38:45:388361, 1, 4, 1631831925.3881204, 69, GPS(-43.520510, 172.582876, 21.505958, var=[1.0, 1.0, 1.0]), 52.376677294851, GPS(-43.520600, 172.583000, 0.000000, var=[-1.0, -1.0, -1.0])
10:38:45:390585, 2, 4, 1631831925.3903818, 63, GPS(-43.520509, 172.583124, 21.495010, var=[1.0, 1.0, 1.0]), 52.36999117200091, GPS(-43.520600, 172.583000, 0.000000, var=[-1.0, -1.0, -1.0])
10:38:45:394596, 3, 4, 1631831925.3911529, 68, GPS(-43.520689, 172.582876, 21.509672, var=[1.0, 1.0, 1.0]), 52.31165550335734, GPS(-43.520600, 172.583000, 0.000000, var=[-1.0, -1.0, -1.0])
10:38:45:423982, 4, 4, 1631831925.4236195, 69, GPS(-43.520690, 172.583124, 21.493722, var=[1.0, 1.0, 1.0]), 52.32720023649481, GPS(-43.520600, 172.583000, 0.000000, var=[-1.0, -1.0, -1.0])
10:38:45:520550, 3, 4, 1631831925.5183792, 69, GPS(-43.520689, 172.582876, 21.510672, var=[1.0, 1.0, 1.0]), 52.305494892760294, GPS(-43.520600, 172.583000, 0.000000, var=[-1.0, -1.0, -1.0])
10:38:45:521956, 4, 4, 1631831925.518409, 70, GPS(-43.520690, 172.583124, 21.493722, var=[1.0, 1.0, 1.0]), 52.32720023649481, GPS(-43.520600, 172.583000, 0.000000, var=[-1.0, -1.0, -1.0])
10:38:45:523038, 1, 4, 1631831925.5184526, 70, GPS(-43.520510, 172.582876, 21.504958, var=[1.0, 1.0, 1.0]), 52.36884450406005, GPS(-43.520600, 172.583000, 0.000000, var=[-1.0, -1.0, -1.0])
10:38:45:524558, 2, 4, 1631831925.5184212, 64, GPS(-43.520509, 172.583124, 21.495010, var=[1.0, 1.0, 1.0]), 52.36299333660794, GPS(-43.520600, 172.583000, 0.000000, var=[-1.0, -1.0, -1.0])
10:38:46:519018, 2, 4, 1631831926.5188885, 65, GPS(-43.520509, 172.583123, 21.503010, var=[1.0, 1.0, 1.0]), 52.36655300727361, GPS(-43.520600, 172.583000, 0.000000, var=[-1.0, -1.0, -1.0])
10:38:46:521380, 1, 4, 1631831926.5199776, 71, GPS(-43.520510, 172.582876, 21.498958, var=[1.0, 1.0, 1.0]), 52.36261869219297, GPS(-43.520600, 172.583000, 0.000000, var=[-1.0, -1.0, -1.0])
10:38:46:522137, 4, 4, 1631831926.5195763, 71, GPS(-43.520690, 172.583123, 21.497721, var=[1.0, 1.0, 1.0]), 52.328624088220195, GPS(-43.520600, 172.583000, 0.000000, var=[-1.0, -1.0, -1.0])
10:38:46:522842, 3, 4, 1631831926.5196798, 70, GPS(-43.520689, 172.582876, 21.499672, var=[1.0, 1.0, 1.0]), 52.30055809808282, GPS(-43.520600, 172.583000, 0.000000, var=[-1.0, -1.0, -1.0])
10:38:46:553049, 1, 4, 1631831926.5529032, 72, GPS(-43.520510, 172.582876, 21.498958, var=[1.0, 1.0, 1.0]), 52.34649157159387, GPS(-43.520600, 172.583000, 0.000000, var=[-1.0, -1.0, -1.0])
10:38:46:556771, 4, 4, 1631831926.5566688, 72, GPS(-43.520690, 172.583123, 21.497721, var=[1.0, 1.0, 1.0]), 52.31562409174332, GPS(-43.520600, 172.583000, 0.000000, var=[-1.0, -1.0, -1.0])
10:38:46:558645, 2, 4, 1631831926.5585485, 66, GPS(-43.520509, 172.583123, 21.503010, var=[1.0, 1.0, 1.0]), 52.35355301079673, GPS(-43.520600, 172.583000, 0.000000, var=[-1.0, -1.0, -1.0])
10:38:46:590055, 3, 4, 1631831926.5899222, 71, GPS(-43.520689, 172.582876, 21.498672, var=[1.0, 1.0, 1.0]), 52.286721144143165, GPS(-43.520600, 172.583000, 0.000000, var=[-1.0, -1.0, -1.0])
10:38:47:553956, 1, 4, 1631831927.553787, 73, GPS(-43.520510, 172.582876, 21.497958, var=[1.0, 1.0, 1.0]), 52.34444478925922, GPS(-43.520600, 172.583000, 0.000000, var=[-1.0, -1.0, -1.0])
10:38:47:557605, 4, 4, 1631831927.5574775, 73, GPS(-43.520690, 172.583124, 21.491721, var=[1.0, 1.0, 1.0]), 52.32118236252775, GPS(-43.520600, 172.583000, 0.000000, var=[-1.0, -1.0, -1.0])
10:38:47:559361, 2, 4, 1631831927.5592284, 67, GPS(-43.520509, 172.583124, 21.501010, var=[1.0, 1.0, 1.0]), 52.3550020694776, GPS(-43.520600, 172.583000, 0.000000, var=[-1.0, -1.0, -1.0])
10:38:47:561565, 2, 4, 1631831927.5596657, 68, GPS(-43.520509, 172.583124, 21.501010, var=[1.0, 1.0, 1.0]), 52.3550020694776, GPS(-43.520600, 172.583000, 0.000000, var=[-1.0, -1.0, -1.0])
10:38:47:566898, 3, 4, 1631831927.5596476, 72, GPS(-43.520689, 172.582876, 21.494672, var=[1.0, 1.0, 1.0]), 52.283373430904675, GPS(-43.520600, 172.583000, 0.000000, var=[-1.0, -1.0, -1.0])
10:38:47:569620, 4, 4, 1631831927.5596786, 74, GPS(-43.520690, 172.583124, 21.490721, var=[1.0, 1.0, 1.0]), 52.32034680831791, GPS(-43.520600, 172.583000, 0.000000, var=[-1.0, -1.0, -1.0])
10:38:47:572772, 1, 4, 1631831927.5596938, 74, GPS(-43.520510, 172.582876, 21.497958, var=[1.0, 1.0, 1.0]), 52.34444478925922, GPS(-43.520600, 172.583000, 0.000000, var=[-1.0, -1.0, -1.0])
10:38:48:559828, 2, 4, 1631831928.559693, 69, GPS(-43.520510, 172.583124, 21.487010, var=[1.0, 1.0, 1.0]), 52.33163551626832, GPS(-43.520600, 172.583000, 0.000000, var=[-1.0, -1.0, -1.0])
10:38:48:562234, 2, 4, 1631831928.5607007, 70, GPS(-43.520510, 172.583124, 21.487010, var=[1.0, 1.0, 1.0]), 52.33163551626832, GPS(-43.520600, 172.583000, 0.000000, var=[-1.0, -1.0, -1.0])
10:38:48:564038, 3, 4, 1631831928.559788, 73, GPS(-43.520689, 172.582876, 21.496672, var=[1.0, 1.0, 1.0]), 52.28320871344115, GPS(-43.520600, 172.583000, 0.000000, var=[-1.0, -1.0, -1.0])
10:38:48:564994, 4, 4, 1631831928.5598047, 75, GPS(-43.520690, 172.583124, 21.491721, var=[1.0, 1.0, 1.0]), 52.31820677093542, GPS(-43.520600, 172.583000, 0.000000, var=[-1.0, -1.0, -1.0])
10:38:48:566193, 1, 4, 1631831928.5601463, 75, GPS(-43.520510, 172.582876, 21.486958, var=[1.0, 1.0, 1.0]), 52.33228438874032, GPS(-43.520600, 172.583000, 0.000000, var=[-1.0, -1.0, -1.0])
10:38:48:567189, 1, 4, 1631831928.5607164, 76, GPS(-43.520510, 172.582876, 21.486958, var=[1.0, 1.0, 1.0]), 52.33228438874032, GPS(-43.520600, 172.583000, 0.000000, var=[-1.0, -1.0, -1.0])
10:38:48:568160, 3, 4, 1631831928.5606842, 74, GPS(-43.520689, 172.582876, 21.496672, var=[1.0, 1.0, 1.0]), 52.28320871344115, GPS(-43.520600, 172.583000, 0.000000, var=[-1.0, -1.0, -1.0])
10:38:48:569319, 4, 4, 1631831928.5606887, 76, GPS(-43.520690, 172.583124, 21.491721, var=[1.0, 1.0, 1.0]), 52.31820677093542, GPS(-43.520600, 172.583000, 0.000000, var=[-1.0, -1.0, -1.0])
10:38:49:561636, 3, 4, 1631831929.5612829, 75, GPS(-43.520689, 172.582876, 21.480672, var=[1.0, 1.0, 1.0]), 52.26181995673815, GPS(-43.520600, 172.583000, 0.000000, var=[-1.0, -1.0, -1.0])
10:38:49:562868, 3, 4, 1631831929.5617874, 76, GPS(-43.520689, 172.582876, 21.480672, var=[1.0, 1.0, 1.0]), 52.26181995673815, GPS(-43.520600, 172.583000, 0.000000, var=[-1.0, -1.0, -1.0])
10:38:49:563734, 4, 4, 1631831929.5616088, 77, GPS(-43.520690, 172.583124, 21.480721, var=[1.0, 1.0, 1.0]), 52.30847667180089, GPS(-43.520600, 172.583000, 0.000000, var=[-1.0, -1.0, -1.0])
10:38:49:564631, 2, 4, 1631831929.5616019, 71, GPS(-43.520509, 172.583123, 21.483010, var=[1.0, 1.0, 1.0]), 52.32152539911924, GPS(-43.520600, 172.583000, 0.000000, var=[-1.0, -1.0, -1.0])
10:38:49:568063, 1, 4, 1631831929.5616174, 77, GPS(-43.520510, 172.582876, 21.481958, var=[1.0, 1.0, 1.0]), 52.31698057916974, GPS(-43.520600, 172.583000, 0.000000, var=[-1.0, -1.0, -1.0])
10:38:50:562048, 1, 4, 1631831930.5618532, 78, GPS(-43.520510, 172.582876, 21.471958, var=[1.0, 1.0, 1.0]), 52.30808701405411, GPS(-43.520600, 172.583000, 0.000000, var=[-1.0, -1.0, -1.0])
10:38:50:563190, 4, 4, 1631831930.563037, 78, GPS(-43.520690, 172.583124, 21.465721, var=[1.0, 1.0, 1.0]), 52.283596405851256, GPS(-43.520600, 172.583000, 0.000000, var=[-1.0, -1.0, -1.0])
10:38:50:563922, 3, 4, 1631831930.5620382, 77, GPS(-43.520689, 172.582876, 21.465672, var=[1.0, 1.0, 1.0]), 52.233830638596345, GPS(-43.520600, 172.583000, 0.000000, var=[-1.0, -1.0, -1.0])
10:38:50:564598, 2, 4, 1631831930.5627143, 72, GPS(-43.520509, 172.583123, 21.476010, var=[1.0, 1.0, 1.0]), 52.31202052349006, GPS(-43.520600, 172.583000, 0.000000, var=[-1.0, -1.0, -1.0])
10:38:50:592950, 4, 4, 1631831930.5928133, 79, GPS(-43.520690, 172.583124, 21.465721, var=[1.0, 1.0, 1.0]), 52.28058958896196, GPS(-43.520600, 172.583000, 0.000000, var=[-1.0, -1.0, -1.0])
10:38:50:597034, 1, 4, 1631831930.5969112, 79, GPS(-43.520510, 172.582876, 21.471958, var=[1.0, 1.0, 1.0]), 52.30508019716481, GPS(-43.520600, 172.583000, 0.000000, var=[-1.0, -1.0, -1.0])
10:38:50:599431, 2, 4, 1631831930.599319, 73, GPS(-43.520509, 172.583123, 21.476010, var=[1.0, 1.0, 1.0]), 52.309013706600766, GPS(-43.520600, 172.583000, 0.000000, var=[-1.0, -1.0, -1.0])
10:38:50:627628, 3, 4, 1631831930.627494, 78, GPS(-43.520689, 172.582876, 21.464672, var=[1.0, 1.0, 1.0]), 52.23098705611412, GPS(-43.520600, 172.583000, 0.000000, var=[-1.0, -1.0, -1.0])
10:38:51:593990, 4, 4, 1631831931.5938435, 80, GPS(-43.520690, 172.583124, 21.456722, var=[1.0, 1.0, 1.0]), 52.26228128106476, GPS(-43.520600, 172.583000, 0.000000, var=[-1.0, -1.0, -1.0])
10:38:51:599100, 1, 4, 1631831931.5989656, 80, GPS(-43.520510, 172.582876, 21.467958, var=[1.0, 1.0, 1.0]), 52.30274188990602, GPS(-43.520600, 172.583000, 0.000000, var=[-1.0, -1.0, -1.0])
10:38:51:601426, 4, 4, 1631831931.6004922, 81, GPS(-43.520690, 172.583124, 21.456722, var=[1.0, 1.0, 1.0]), 52.26228128106476, GPS(-43.520600, 172.583000, 0.000000, var=[-1.0, -1.0, -1.0])
10:38:51:602583, 3, 4, 1631831931.6004925, 79, GPS(-43.520689, 172.582876, 21.456672, var=[1.0, 1.0, 1.0]), 52.224293354423324, GPS(-43.520600, 172.583000, 0.000000, var=[-1.0, -1.0, -1.0])
10:38:51:603581, 2, 4, 1631831931.6005075, 74, GPS(-43.520509, 172.583123, 21.472010, var=[1.0, 1.0, 1.0]), 52.311036321136385, GPS(-43.520600, 172.583000, 0.000000, var=[-1.0, -1.0, -1.0])
10:38:51:605433, 1, 4, 1631831931.600514, 81, GPS(-43.520510, 172.582876, 21.467958, var=[1.0, 1.0, 1.0]), 52.30274188990602, GPS(-43.520600, 172.583000, 0.000000, var=[-1.0, -1.0, -1.0])
10:38:52:600909, 2, 4, 1631831932.600706, 75, GPS(-43.520509, 172.583124, 21.460010, var=[1.0, 1.0, 1.0]), 52.29351053558334, GPS(-43.520600, 172.583000, 0.000000, var=[-1.0, -1.0, -1.0])
10:38:52:604564, 4, 4, 1631831932.6015363, 82, GPS(-43.520690, 172.583124, 21.459722, var=[1.0, 1.0, 1.0]), 52.24113896489245, GPS(-43.520600, 172.583000, 0.000000, var=[-1.0, -1.0, -1.0])
10:38:52:605666, 3, 4, 1631831932.6009698, 80, GPS(-43.520689, 172.582876, 21.459672, var=[1.0, 1.0, 1.0]), 52.21180124132544, GPS(-43.520600, 172.583000, 0.000000, var=[-1.0, -1.0, -1.0])
10:38:52:606957, 1, 4, 1631831932.6011536, 82, GPS(-43.520509, 172.582876, 21.454958, var=[1.0, 1.0, 1.0]), 52.28246332240934, GPS(-43.520600, 172.583000, 0.000000, var=[-1.0, -1.0, -1.0])
10:38:52:632760, 4, 4, 1631831932.632624, 83, GPS(-43.520690, 172.583124, 21.459722, var=[1.0, 1.0, 1.0]), 52.24015545369015, GPS(-43.520600, 172.583000, 0.000000, var=[-1.0, -1.0, -1.0])
10:38:52:636120, 2, 4, 1631831932.635988, 76, GPS(-43.520509, 172.583124, 21.460010, var=[1.0, 1.0, 1.0]), 52.295651193700344, GPS(-43.520600, 172.583000, 0.000000, var=[-1.0, -1.0, -1.0])
10:38:52:663949, 1, 4, 1631831932.6637912, 83, GPS(-43.520509, 172.582876, 21.455958, var=[1.0, 1.0, 1.0]), 52.28231403602885, GPS(-43.520600, 172.583000, 0.000000, var=[-1.0, -1.0, -1.0])
10:38:52:676959, 3, 4, 1631831932.6768298, 81, GPS(-43.520689, 172.582876, 21.459672, var=[1.0, 1.0, 1.0]), 52.20653906937498, GPS(-43.520600, 172.583000, 0.000000, var=[-1.0, -1.0, -1.0])
10:38:53:633787, 4, 4, 1631831933.6335235, 84, GPS(-43.520690, 172.583123, 21.464722, var=[1.0, 1.0, 1.0]), 52.23688952411156, GPS(-43.520600, 172.583000, 0.000000, var=[-1.0, -1.0, -1.0])
10:38:53:636207, 2, 4, 1631831933.6360059, 77, GPS(-43.520509, 172.583124, 21.458010, var=[1.0, 1.0, 1.0]), 52.29835339765752, GPS(-43.520600, 172.583000, 0.000000, var=[-1.0, -1.0, -1.0])
10:38:53:670548, 1, 4, 1631831933.6703737, 84, GPS(-43.520509, 172.582876, 21.455959, var=[1.0, 1.0, 1.0]), 52.29731199341946, GPS(-43.520600, 172.583000, 0.000000, var=[-1.0, -1.0, -1.0])
10:38:53:678089, 3, 4, 1631831933.6779306, 82, GPS(-43.520689, 172.582876, 21.463672, var=[1.0, 1.0, 1.0]), 52.211917012322715, GPS(-43.520600, 172.583000, 0.000000, var=[-1.0, -1.0, -1.0])
10:38:54:634410, 4, 4, 1631831934.6341834, 85, GPS(-43.520690, 172.583123, 21.456722, var=[1.0, 1.0, 1.0]), 52.223967241193456, GPS(-43.520600, 172.583000, 0.000000, var=[-1.0, -1.0, -1.0])
10:38:54:637350, 2, 4, 1631831934.637141, 78, GPS(-43.520509, 172.583123, 21.453010, var=[1.0, 1.0, 1.0]), 52.2848356906686, GPS(-43.520600, 172.583000, 0.000000, var=[-1.0, -1.0, -1.0])
10:38:54:674044, 1, 4, 1631831934.673913, 85, GPS(-43.520509, 172.582876, 21.463959, var=[1.0, 1.0, 1.0]), 52.320250116942375, GPS(-43.520600, 172.583000, 0.000000, var=[-1.0, -1.0, -1.0])
10:38:54:678230, 3, 4, 1631831934.6781, 83, GPS(-43.520688, 172.582876, 21.465672, var=[1.0, 1.0, 1.0]), 52.220247671257596, GPS(-43.520600, 172.583000, 0.000000, var=[-1.0, -1.0, -1.0])
STOP: 09/17/2021 10:38:55:602510
