START: 09/15/2021 09:40:53:795413
TIME,            RX_ID,          STATE,          TIMESTAMP,          SEQ_NO,          RX_COORDS,          RANGE_READING,          TARGET_COORDS,          
09:41:11:490176, 3, 1, 1631655671.4655693, 0, GPS(-43.520645, 172.582938, 21.529754, var=[1.0, 1.0, 1.0]), 37.671006125267894, GPS(-43.520600, 172.583000, 0.000000, var=[-1.0, -1.0, -1.0])
09:41:11:491189, 1, 1, 1631655671.4871423, 0, GPS(-43.520555, 172.582938, 21.545898, var=[1.0, 1.0, 1.0]), 37.68073718959077, GPS(-43.520600, 172.583000, 0.000000, var=[-1.0, -1.0, -1.0])
09:41:11:492705, 2, 1, 1631655671.4769514, 0, GPS(-43.520555, 172.583062, 21.529924, var=[1.0, 1.0, 1.0]), 37.66980578348285, GPS(-43.520600, 172.583000, 0.000000, var=[-1.0, -1.0, -1.0])
09:41:11:552587, 4, 1, 1631655671.550127, 0, GPS(-43.520645, 172.583063, 21.504780, var=[1.0, 1.0, 1.0]), 37.65376877414626, GPS(-43.520600, 172.583000, 0.000000, var=[-1.0, -1.0, -1.0])
09:41:12:468783, 3, 1, 1631655672.4667308, 1, GPS(-43.520645, 172.582938, 21.527754, var=[1.0, 1.0, 1.0]), 49.199956473796476, GPS(-43.520600, 172.583000, 0.000000, var=[-1.0, -1.0, -1.0])
09:41:12:480454, 2, 1, 1631655672.4775403, 1, GPS(-43.520555, 172.583062, 21.532925, var=[1.0, 1.0, 1.0]), 49.20775445790265, GPS(-43.520600, 172.583000, 0.000000, var=[-1.0, -1.0, -1.0])
09:41:12:490567, 1, 1, 1631655672.4876316, 1, GPS(-43.520555, 172.582938, 21.536898, var=[1.0, 1.0, 1.0]), 49.203037342570134, GPS(-43.520600, 172.583000, 0.000000, var=[-1.0, -1.0, -1.0])
09:41:12:553238, 4, 1, 1631655672.5509963, 1, GPS(-43.520645, 172.583063, 21.503780, var=[1.0, 1.0, 1.0]), 49.1812048076612, GPS(-43.520600, 172.583000, 0.000000, var=[-1.0, -1.0, -1.0])
09:41:13:471472, 3, 1, 1631655673.4675052, 2, GPS(-43.520645, 172.582938, 21.520754, var=[1.0, 1.0, 1.0]), 49.182367692250956, GPS(-43.520600, 172.583000, 0.000000, var=[-1.0, -1.0, -1.0])
09:41:13:482172, 2, 1, 1631655673.4793158, 2, GPS(-43.520555, 172.583062, 21.523925, var=[1.0, 1.0, 1.0]), 49.19814114051195, GPS(-43.520600, 172.583000, 0.000000, var=[-1.0, -1.0, -1.0])
09:41:13:491393, 1, 1, 1631655673.4895852, 2, GPS(-43.520555, 172.582938, 21.541899, var=[1.0, 1.0, 1.0]), 49.20491438973128, GPS(-43.520600, 172.583000, 0.000000, var=[-1.0, -1.0, -1.0])
09:41:13:555106, 4, 1, 1631655673.551861, 2, GPS(-43.520645, 172.583062, 21.501781, var=[1.0, 1.0, 1.0]), 49.16724884177167, GPS(-43.520600, 172.583000, 0.000000, var=[-1.0, -1.0, -1.0])
09:41:14:470567, 3, 1, 1631655674.4678335, 3, GPS(-43.520645, 172.582938, 21.521755, var=[1.0, 1.0, 1.0]), 49.169744483304214, GPS(-43.520600, 172.583000, 0.000000, var=[-1.0, -1.0, -1.0])
09:41:14:482835, 2, 1, 1631655674.4793575, 3, GPS(-43.520555, 172.583062, 21.532925, var=[1.0, 1.0, 1.0]), 49.19868757222069, GPS(-43.520600, 172.583000, 0.000000, var=[-1.0, -1.0, -1.0])
09:41:14:496582, 1, 1, 1631655674.491416, 3, GPS(-43.520555, 172.582938, 21.561899, var=[1.0, 1.0, 1.0]), 49.218378876715164, GPS(-43.520600, 172.583000, 0.000000, var=[-1.0, -1.0, -1.0])
09:41:14:556530, 4, 1, 1631655674.5532615, 3, GPS(-43.520645, 172.583062, 21.511781, var=[1.0, 1.0, 1.0]), 49.16517136068453, GPS(-43.520600, 172.583000, 0.000000, var=[-1.0, -1.0, -1.0])
09:41:15:471163, 3, 1, 1631655675.468875, 4, GPS(-43.520645, 172.582938, 21.528755, var=[1.0, 1.0, 1.0]), 49.18142213563924, GPS(-43.520600, 172.583000, 0.000000, var=[-1.0, -1.0, -1.0])
09:41:15:481855, 2, 1, 1631655675.4795747, 4, GPS(-43.520555, 172.583062, 21.535925, var=[1.0, 1.0, 1.0]), 49.194497788670105, GPS(-43.520600, 172.583000, 0.000000, var=[-1.0, -1.0, -1.0])
09:41:15:494737, 1, 1, 1631655675.4916801, 4, GPS(-43.520555, 172.582938, 21.561899, var=[1.0, 1.0, 1.0]), 49.21916454757361, GPS(-43.520600, 172.583000, 0.000000, var=[-1.0, -1.0, -1.0])
09:41:15:556214, 4, 1, 1631655675.5543706, 4, GPS(-43.520645, 172.583062, 21.518781, var=[1.0, 1.0, 1.0]), 49.170826097147824, GPS(-43.520600, 172.583000, 0.000000, var=[-1.0, -1.0, -1.0])
09:41:16:471697, 3, 1, 1631655676.469233, 5, GPS(-43.520645, 172.582938, 21.537755, var=[1.0, 1.0, 1.0]), 49.18421329401505, GPS(-43.520600, 172.583000, 0.000000, var=[-1.0, -1.0, -1.0])
09:41:16:485930, 2, 1, 1631655676.481535, 5, GPS(-43.520555, 172.583062, 21.545925, var=[1.0, 1.0, 1.0]), 49.18974788474651, GPS(-43.520600, 172.583000, 0.000000, var=[-1.0, -1.0, -1.0])
09:41:16:496030, 1, 1, 1631655676.4927168, 5, GPS(-43.520555, 172.582938, 21.571899, var=[1.0, 1.0, 1.0]), 49.21798156624857, GPS(-43.520600, 172.583000, 0.000000, var=[-1.0, -1.0, -1.0])
09:41:16:559885, 4, 1, 1631655676.5561965, 5, GPS(-43.520645, 172.583062, 21.533781, var=[1.0, 1.0, 1.0]), 49.17507550877829, GPS(-43.520600, 172.583000, 0.000000, var=[-1.0, -1.0, -1.0])
09:41:17:473116, 3, 1, 1631655677.4708493, 6, GPS(-43.520645, 172.582938, 21.546754, var=[1.0, 1.0, 1.0]), 49.208429941827205, GPS(-43.520600, 172.583000, 0.000000, var=[-1.0, -1.0, -1.0])
09:41:17:485658, 2, 1, 1631655677.4817338, 6, GPS(-43.520555, 172.583062, 21.558925, var=[1.0, 1.0, 1.0]), 49.21887995116552, GPS(-43.520600, 172.583000, 0.000000, var=[-1.0, -1.0, -1.0])
09:41:17:496116, 1, 1, 1631655677.493382, 6, GPS(-43.520555, 172.582938, 21.576899, var=[1.0, 1.0, 1.0]), 49.2395185364502, GPS(-43.520600, 172.583000, 0.000000, var=[-1.0, -1.0, -1.0])
09:41:17:559717, 4, 1, 1631655677.5574408, 6, GPS(-43.520645, 172.583062, 21.545781, var=[1.0, 1.0, 1.0]), 49.19546717671365, GPS(-43.520600, 172.583000, 0.000000, var=[-1.0, -1.0, -1.0])
09:41:18:473350, 3, 1, 1631655678.4714873, 7, GPS(-43.520645, 172.582938, 21.576755, var=[1.0, 1.0, 1.0]), 49.26346416136241, GPS(-43.520600, 172.583000, 0.000000, var=[-1.0, -1.0, -1.0])
09:41:18:484250, 2, 1, 1631655678.4818525, 7, GPS(-43.520555, 172.583062, 21.574925, var=[1.0, 1.0, 1.0]), 49.26869728783626, GPS(-43.520600, 172.583000, 0.000000, var=[-1.0, -1.0, -1.0])
09:41:18:497496, 1, 1, 1631655678.4954875, 7, GPS(-43.520555, 172.582937, 21.595899, var=[1.0, 1.0, 1.0]), 49.29438234555903, GPS(-43.520600, 172.583000, 0.000000, var=[-1.0, -1.0, -1.0])
09:41:18:560345, 4, 1, 1631655678.5577419, 7, GPS(-43.520645, 172.583062, 21.565781, var=[1.0, 1.0, 1.0]), 49.24102162119966, GPS(-43.520600, 172.583000, 0.000000, var=[-1.0, -1.0, -1.0])
09:41:19:474566, 3, 1, 1631655679.4724076, 8, GPS(-43.520645, 172.582938, 21.585755, var=[1.0, 1.0, 1.0]), 49.27848602229773, GPS(-43.520600, 172.583000, 0.000000, var=[-1.0, -1.0, -1.0])
09:41:19:484946, 2, 1, 1631655679.4825795, 8, GPS(-43.520554, 172.583062, 21.581925, var=[1.0, 1.0, 1.0]), 49.28876686216891, GPS(-43.520600, 172.583000, 0.000000, var=[-1.0, -1.0, -1.0])
09:41:19:498035, 1, 1, 1631655679.4960842, 8, GPS(-43.520554, 172.582937, 21.592899, var=[1.0, 1.0, 1.0]), 49.31274658987408, GPS(-43.520600, 172.583000, 0.000000, var=[-1.0, -1.0, -1.0])
09:41:19:561701, 4, 1, 1631655679.5578225, 8, GPS(-43.520645, 172.583062, 21.558781, var=[1.0, 1.0, 1.0]), 49.24393693762681, GPS(-43.520600, 172.583000, 0.000000, var=[-1.0, -1.0, -1.0])
09:41:20:474799, 3, 1, 1631655680.4729452, 9, GPS(-43.520645, 172.582937, 21.591755, var=[1.0, 1.0, 1.0]), 49.289354703771906, GPS(-43.520600, 172.583000, 0.000000, var=[-1.0, -1.0, -1.0])
09:41:20:488374, 2, 1, 1631655680.4839845, 9, GPS(-43.520554, 172.583062, 21.588925, var=[1.0, 1.0, 1.0]), 49.29341047518379, GPS(-43.520600, 172.583000, 0.000000, var=[-1.0, -1.0, -1.0])
09:41:20:501803, 1, 1, 1631655680.498096, 9, GPS(-43.520554, 172.582937, 21.606899, var=[1.0, 1.0, 1.0]), 49.33252855969762, GPS(-43.520600, 172.583000, 0.000000, var=[-1.0, -1.0, -1.0])
09:41:20:563259, 4, 1, 1631655680.5597053, 9, GPS(-43.520645, 172.583062, 21.554781, var=[1.0, 1.0, 1.0]), 49.24414970623315, GPS(-43.520600, 172.583000, 0.000000, var=[-1.0, -1.0, -1.0])
09:41:21:477061, 3, 1, 1631655681.4738379, 10, GPS(-43.520645, 172.582937, 21.582755, var=[1.0, 1.0, 1.0]), 49.29250327926234, GPS(-43.520600, 172.583000, 0.000000, var=[-1.0, -1.0, -1.0])
09:41:21:486934, 2, 1, 1631655681.4840717, 10, GPS(-43.520554, 172.583062, 21.588925, var=[1.0, 1.0, 1.0]), 49.30021602401454, GPS(-43.520600, 172.583000, 0.000000, var=[-1.0, -1.0, -1.0])
STOP: 09/15/2021 09:41:22:095085
