START: 09/21/2021 12:02:19:513840
TIME,            STATES_LIST;          TARGET_FILT_CART;          TARGET_FILT_GPS;          TARGET_REAL_GPS;          TX_FILT_CART;          TX_FILT_GPS;          TX_REAL_GPS;          MULTILATERATION_ERROR;          MODE;          
12:02:35:516264; [1, 1, 1, 1]3; None; GPS(-43.522193, 172.577422, 20.000000, var=[-1.0, -1.0, -1.0]); GPS(-43.522193, 172.577422, 20.000000, var=[-1.0, -1.0, -1.0]); None; GPS(-43.522193, 172.577422, 35.000000, var=[-1.0, -1.0, -1.0]); GPS(-43.522174, 172.577445, 26.464135, var=[-1, -1, -1]); 0.0; OFFBOARD
12:02:35:516884; [1, 2, 2, 2]3; None; GPS(-43.522193, 172.577422, 20.000000, var=[-1.0, -1.0, -1.0]); GPS(-43.522193, 172.577422, 20.000000, var=[-1.0, -1.0, -1.0]); None; GPS(-43.522193, 172.577422, 35.000000, var=[-1.0, -1.0, -1.0]); GPS(-43.522174, 172.577445, 26.464135, var=[-1, -1, -1]); 0.0; OFFBOARD
12:02:35:517504; [1, 3, 3, 3]3; None; GPS(-43.522193, 172.577422, 20.000000, var=[-1.0, -1.0, -1.0]); GPS(-43.522193, 172.577422, 20.000000, var=[-1.0, -1.0, -1.0]); None; GPS(-43.522193, 172.577422, 35.000000, var=[-1.0, -1.0, -1.0]); GPS(-43.522174, 172.577445, 26.464135, var=[-1, -1, -1]); 0.0; OFFBOARD
12:02:35:518124; [1, 3, 3, 3]3; None; GPS(-43.522193, 172.577422, 20.000000, var=[-1.0, -1.0, -1.0]); GPS(-43.522193, 172.577422, 20.000000, var=[-1.0, -1.0, -1.0]); None; GPS(-43.522193, 172.577422, 35.000000, var=[-1.0, -1.0, -1.0]); GPS(-43.522174, 172.577445, 26.464135, var=[-1, -1, -1]); 0.0; OFFBOARD
12:02:35:519886; [1, 3, 3, 3]3; None; GPS(-43.522193, 172.577422, 20.000000, var=[-1.0, -1.0, -1.0]); GPS(-43.522193, 172.577422, 20.000000, var=[-1.0, -1.0, -1.0]); None; GPS(-43.522193, 172.577422, 35.000000, var=[-1.0, -1.0, -1.0]); GPS(-43.522174, 172.577445, 26.464135, var=[-1, -1, -1]); 0.0; OFFBOARD
12:02:42:665923; [2, 3, 3, 3]4; None; GPS(-43.522193, 172.577422, 20.000000, var=[-1.0, -1.0, -1.0]); GPS(-43.522193, 172.577422, 20.000000, var=[-1.0, -1.0, -1.0]); None; GPS(-43.522193, 172.577422, 35.000000, var=[-1.0, -1.0, -1.0]); GPS(-43.522193, 172.577421, 42.305099, var=[-1, -1, -1]); 0.0; OFFBOARD
12:03:50:619737; [3, 3, 3, 3]4; None; GPS(-43.522193, 172.577422, 20.000000, var=[-1.0, -1.0, -1.0]); GPS(-43.522193, 172.577422, 20.000000, var=[-1.0, -1.0, -1.0]); None; GPS(-43.522193, 172.577422, 35.000000, var=[-1.0, -1.0, -1.0]); GPS(-43.522193, 172.577421, 46.394099, var=[-1, -1, -1]); 0.0; OFFBOARD
12:03:50:623953; [3, 3, 3, 3]4; None; GPS(-43.522193, 172.577422, 20.000000, var=[-1.0, -1.0, -1.0]); GPS(-43.522193, 172.577422, 20.000000, var=[-1.0, -1.0, -1.0]); None; GPS(-43.522193, 172.577422, 35.000000, var=[-1.0, -1.0, -1.0]); GPS(-43.522193, 172.577421, 46.394099, var=[-1, -1, -1]); 0.0; OFFBOARD
12:03:50:651695; [3, 3, 3, 3]4; None; GPS(-43.522193, 172.577422, 20.000000, var=[-1.0, -1.0, -1.0]); GPS(-43.522193, 172.577422, 20.000000, var=[-1.0, -1.0, -1.0]); None; GPS(-43.522193, 172.577422, 35.000000, var=[-1.0, -1.0, -1.0]); GPS(-43.522193, 172.577421, 46.394099, var=[-1, -1, -1]); 0.0; OFFBOARD
12:03:50:678246; [3, 3, 3, 3]4; None; GPS(-43.522193, 172.577422, 20.000000, var=[-1.0, -1.0, -1.0]); GPS(-43.522193, 172.577422, 20.000000, var=[-1.0, -1.0, -1.0]); None; GPS(-43.522193, 172.577422, 35.000000, var=[-1.0, -1.0, -1.0]); GPS(-43.522193, 172.577421, 46.394099, var=[-1, -1, -1]); 0.0; OFFBOARD
12:03:50:705323; [3, 3, 3, 3]4; None; GPS(-43.522193, 172.577422, 20.000000, var=[-1.0, -1.0, -1.0]); GPS(-43.522193, 172.577422, 20.000000, var=[-1.0, -1.0, -1.0]); None; GPS(-43.522193, 172.577422, 35.000000, var=[-1.0, -1.0, -1.0]); GPS(-43.522193, 172.577421, 46.395099, var=[-1, -1, -1]); 0.0; OFFBOARD
12:03:50:731533; [3, 3, 3, 3]4; None; GPS(-43.522193, 172.577422, 20.000000, var=[-1.0, -1.0, -1.0]); GPS(-43.522193, 172.577422, 20.000000, var=[-1.0, -1.0, -1.0]); None; GPS(-43.522193, 172.577422, 35.000000, var=[-1.0, -1.0, -1.0]); GPS(-43.522193, 172.577421, 46.395099, var=[-1, -1, -1]); 0.0; OFFBOARD
12:03:50:760294; [3, 3, 3, 3]4; None; GPS(-43.522193, 172.577422, 20.000000, var=[-1.0, -1.0, -1.0]); GPS(-43.522193, 172.577422, 20.000000, var=[-1.0, -1.0, -1.0]); None; GPS(-43.522193, 172.577422, 35.000000, var=[-1.0, -1.0, -1.0]); GPS(-43.522193, 172.577421, 46.395099, var=[-1, -1, -1]); 0.0; OFFBOARD
12:03:50:791970; [3, 3, 3, 3]4; None; GPS(-43.522193, 172.577422, 20.000000, var=[-1.0, -1.0, -1.0]); GPS(-43.522193, 172.577422, 20.000000, var=[-1.0, -1.0, -1.0]); None; GPS(-43.522193, 172.577422, 35.000000, var=[-1.0, -1.0, -1.0]); GPS(-43.522193, 172.577421, 46.396099, var=[-1, -1, -1]); 0.0; OFFBOARD
12:03:50:812161; [3, 3, 3, 3]4; None; GPS(-43.522193, 172.577422, 20.000000, var=[-1.0, -1.0, -1.0]); GPS(-43.522193, 172.577422, 20.000000, var=[-1.0, -1.0, -1.0]); None; GPS(-43.522193, 172.577422, 35.000000, var=[-1.0, -1.0, -1.0]); GPS(-43.522193, 172.577421, 46.396099, var=[-1, -1, -1]); 0.0; OFFBOARD
12:03:50:847603; [3, 3, 3, 3]4; None; GPS(-43.522193, 172.577422, 20.000000, var=[-1.0, -1.0, -1.0]); GPS(-43.522193, 172.577422, 20.000000, var=[-1.0, -1.0, -1.0]); None; GPS(-43.522193, 172.577422, 35.000000, var=[-1.0, -1.0, -1.0]); GPS(-43.522193, 172.577421, 46.395099, var=[-1, -1, -1]); 0.0; OFFBOARD
12:03:50:878106; [3, 3, 3, 3]4; None; GPS(-43.522193, 172.577422, 20.000000, var=[-1.0, -1.0, -1.0]); GPS(-43.522193, 172.577422, 20.000000, var=[-1.0, -1.0, -1.0]); None; GPS(-43.522193, 172.577422, 35.000000, var=[-1.0, -1.0, -1.0]); GPS(-43.522193, 172.577421, 46.395099, var=[-1, -1, -1]); 0.0; OFFBOARD
12:03:50:903876; [3, 3, 3, 3]4; None; GPS(-43.522193, 172.577422, 20.000000, var=[-1.0, -1.0, -1.0]); GPS(-43.522193, 172.577422, 20.000000, var=[-1.0, -1.0, -1.0]); None; GPS(-43.522193, 172.577422, 35.000000, var=[-1.0, -1.0, -1.0]); GPS(-43.522193, 172.577421, 46.395099, var=[-1, -1, -1]); 0.0; OFFBOARD
12:03:50:932341; [3, 3, 3, 3]4; None; GPS(-43.522193, 172.577422, 20.000000, var=[-1.0, -1.0, -1.0]); GPS(-43.522193, 172.577422, 20.000000, var=[-1.0, -1.0, -1.0]); None; GPS(-43.522193, 172.577422, 35.000000, var=[-1.0, -1.0, -1.0]); GPS(-43.522193, 172.577421, 46.395099, var=[-1, -1, -1]); 0.0; OFFBOARD
12:03:50:958520; [3, 3, 3, 3]4; None; GPS(-43.522193, 172.577422, 20.000000, var=[-1.0, -1.0, -1.0]); GPS(-43.522193, 172.577422, 20.000000, var=[-1.0, -1.0, -1.0]); None; GPS(-43.522193, 172.577422, 35.000000, var=[-1.0, -1.0, -1.0]); GPS(-43.522193, 172.577421, 46.395099, var=[-1, -1, -1]); 0.0; OFFBOARD
12:03:50:988768; [3, 4, 3, 3]4; None; GPS(-43.522193, 172.577422, 20.000000, var=[-1.0, -1.0, -1.0]); GPS(-43.522193, 172.577422, 20.000000, var=[-1.0, -1.0, -1.0]); None; GPS(-43.522193, 172.577422, 35.000000, var=[-1.0, -1.0, -1.0]); GPS(-43.522193, 172.577421, 46.395099, var=[-1, -1, -1]); 0.0; OFFBOARD
12:03:51:015444; [3, 4, 4, 4]4; None; GPS(-43.522193, 172.577422, 20.000000, var=[-1.0, -1.0, -1.0]); GPS(-43.522193, 172.577422, 20.000000, var=[-1.0, -1.0, -1.0]); None; GPS(-43.522193, 172.577422, 35.000000, var=[-1.0, -1.0, -1.0]); GPS(-43.522193, 172.577421, 46.394099, var=[-1, -1, -1]); 0.0; OFFBOARD
12:03:51:041919; [3, 4, 4, 4]4; None; GPS(-43.522193, 172.577422, 20.000000, var=[-1.0, -1.0, -1.0]); GPS(-43.522193, 172.577422, 20.000000, var=[-1.0, -1.0, -1.0]); None; GPS(-43.522193, 172.577422, 35.000000, var=[-1.0, -1.0, -1.0]); GPS(-43.522193, 172.577421, 46.394099, var=[-1, -1, -1]); 0.0; OFFBOARD
12:03:51:067407; [3, 4, 4, 4]4; None; GPS(-43.522193, 172.577422, 20.000000, var=[-1.0, -1.0, -1.0]); GPS(-43.522193, 172.577422, 20.000000, var=[-1.0, -1.0, -1.0]); None; GPS(-43.522193, 172.577422, 35.000000, var=[-1.0, -1.0, -1.0]); GPS(-43.522193, 172.577421, 46.394099, var=[-1, -1, -1]); 0.0; OFFBOARD
12:03:51:103140; [3, 4, 4, 4]4; None; GPS(-43.522193, 172.577422, 20.000000, var=[-1.0, -1.0, -1.0]); GPS(-43.522193, 172.577422, 20.000000, var=[-1.0, -1.0, -1.0]); None; GPS(-43.522193, 172.577422, 35.000000, var=[-1.0, -1.0, -1.0]); GPS(-43.522193, 172.577421, 46.395099, var=[-1, -1, -1]); 0.0; OFFBOARD
12:03:51:122255; [3, 4, 4, 4]4; None; GPS(-43.522193, 172.577422, 20.000000, var=[-1.0, -1.0, -1.0]); GPS(-43.522193, 172.577422, 20.000000, var=[-1.0, -1.0, -1.0]); None; GPS(-43.522193, 172.577422, 35.000000, var=[-1.0, -1.0, -1.0]); GPS(-43.522193, 172.577421, 46.395099, var=[-1, -1, -1]); 0.0; OFFBOARD
12:03:51:149251; [3, 4, 4, 4]4; None; GPS(-43.522193, 172.577422, 20.000000, var=[-1.0, -1.0, -1.0]); GPS(-43.522193, 172.577422, 20.000000, var=[-1.0, -1.0, -1.0]); None; GPS(-43.522193, 172.577422, 35.000000, var=[-1.0, -1.0, -1.0]); GPS(-43.522193, 172.577421, 46.395099, var=[-1, -1, -1]); 0.0; OFFBOARD
12:03:51:179266; [3, 4, 4, 4]4; None; GPS(-43.522193, 172.577422, 20.000000, var=[-1.0, -1.0, -1.0]); GPS(-43.522193, 172.577422, 20.000000, var=[-1.0, -1.0, -1.0]); None; GPS(-43.522193, 172.577422, 35.000000, var=[-1.0, -1.0, -1.0]); GPS(-43.522193, 172.577421, 46.395099, var=[-1, -1, -1]); 0.0; OFFBOARD
12:03:51:208677; [3, 4, 4, 4]4; None; GPS(-43.522193, 172.577422, 20.000000, var=[-1.0, -1.0, -1.0]); GPS(-43.522193, 172.577422, 20.000000, var=[-1.0, -1.0, -1.0]); None; GPS(-43.522193, 172.577422, 35.000000, var=[-1.0, -1.0, -1.0]); GPS(-43.522193, 172.577421, 46.396099, var=[-1, -1, -1]); 0.0; OFFBOARD
12:03:51:237572; [3, 4, 4, 4]4; None; GPS(-43.522193, 172.577422, 20.000000, var=[-1.0, -1.0, -1.0]); GPS(-43.522193, 172.577422, 20.000000, var=[-1.0, -1.0, -1.0]); None; GPS(-43.522193, 172.577422, 35.000000, var=[-1.0, -1.0, -1.0]); GPS(-43.522193, 172.577421, 46.396099, var=[-1, -1, -1]); 0.0; OFFBOARD
12:03:51:265435; [3, 4, 4, 4]4; None; GPS(-43.522193, 172.577422, 20.000000, var=[-1.0, -1.0, -1.0]); GPS(-43.522193, 172.577422, 20.000000, var=[-1.0, -1.0, -1.0]); None; GPS(-43.522193, 172.577422, 35.000000, var=[-1.0, -1.0, -1.0]); GPS(-43.522193, 172.577421, 46.396099, var=[-1, -1, -1]); 0.0; OFFBOARD
12:03:51:293193; [3, 4, 4, 4]4; None; GPS(-43.522193, 172.577422, 20.000000, var=[-1.0, -1.0, -1.0]); GPS(-43.522193, 172.577422, 20.000000, var=[-1.0, -1.0, -1.0]); None; GPS(-43.522193, 172.577422, 35.000000, var=[-1.0, -1.0, -1.0]); GPS(-43.522193, 172.577421, 46.397099, var=[-1, -1, -1]); 0.0; OFFBOARD
12:03:51:321664; [3, 4, 4, 4]4; None; GPS(-43.522193, 172.577422, 20.000000, var=[-1.0, -1.0, -1.0]); GPS(-43.522193, 172.577422, 20.000000, var=[-1.0, -1.0, -1.0]); None; GPS(-43.522193, 172.577422, 35.000000, var=[-1.0, -1.0, -1.0]); GPS(-43.522193, 172.577421, 46.397099, var=[-1, -1, -1]); 0.0; OFFBOARD
12:03:51:353058; [3, 4, 4, 4]4; None; GPS(-43.522193, 172.577422, 20.000000, var=[-1.0, -1.0, -1.0]); GPS(-43.522193, 172.577422, 20.000000, var=[-1.0, -1.0, -1.0]); None; GPS(-43.522193, 172.577422, 35.000000, var=[-1.0, -1.0, -1.0]); GPS(-43.522193, 172.577421, 46.397099, var=[-1, -1, -1]); 0.0; OFFBOARD
12:03:51:378308; [3, 4, 4, 4]4; None; GPS(-43.522193, 172.577422, 20.000000, var=[-1.0, -1.0, -1.0]); GPS(-43.522193, 172.577422, 20.000000, var=[-1.0, -1.0, -1.0]); None; GPS(-43.522193, 172.577422, 35.000000, var=[-1.0, -1.0, -1.0]); GPS(-43.522193, 172.577421, 46.398099, var=[-1, -1, -1]); 0.0; OFFBOARD
12:03:51:407137; [3, 4, 4, 4]4; None; GPS(-43.522193, 172.577422, 20.000000, var=[-1.0, -1.0, -1.0]); GPS(-43.522193, 172.577422, 20.000000, var=[-1.0, -1.0, -1.0]); None; GPS(-43.522193, 172.577422, 35.000000, var=[-1.0, -1.0, -1.0]); GPS(-43.522193, 172.577421, 46.398099, var=[-1, -1, -1]); 0.0; OFFBOARD
12:03:51:437277; [3, 4, 4, 4]4; None; GPS(-43.522193, 172.577422, 20.000000, var=[-1.0, -1.0, -1.0]); GPS(-43.522193, 172.577422, 20.000000, var=[-1.0, -1.0, -1.0]); None; GPS(-43.522193, 172.577422, 35.000000, var=[-1.0, -1.0, -1.0]); GPS(-43.522194, 172.577421, 46.399098, var=[-1, -1, -1]); 0.0; OFFBOARD
12:03:51:468003; [3, 4, 4, 4]4; None; GPS(-43.522193, 172.577422, 20.000000, var=[-1.0, -1.0, -1.0]); GPS(-43.522193, 172.577422, 20.000000, var=[-1.0, -1.0, -1.0]); None; GPS(-43.522193, 172.577422, 35.000000, var=[-1.0, -1.0, -1.0]); GPS(-43.522194, 172.577421, 46.400098, var=[-1, -1, -1]); 0.0; OFFBOARD
12:03:51:495821; [3, 4, 4, 4]4; None; GPS(-43.522193, 172.577422, 20.000000, var=[-1.0, -1.0, -1.0]); GPS(-43.522193, 172.577422, 20.000000, var=[-1.0, -1.0, -1.0]); None; GPS(-43.522193, 172.577422, 35.000000, var=[-1.0, -1.0, -1.0]); GPS(-43.522194, 172.577421, 46.400098, var=[-1, -1, -1]); 0.0; OFFBOARD
12:03:51:525454; [3, 4, 4, 4]4; None; GPS(-43.522193, 172.577422, 20.000000, var=[-1.0, -1.0, -1.0]); GPS(-43.522193, 172.577422, 20.000000, var=[-1.0, -1.0, -1.0]); None; GPS(-43.522193, 172.577422, 35.000000, var=[-1.0, -1.0, -1.0]); GPS(-43.522194, 172.577421, 46.401098, var=[-1, -1, -1]); 0.0; OFFBOARD
12:03:51:549055; [3, 4, 4, 4]4; None; GPS(-43.522193, 172.577422, 20.000000, var=[-1.0, -1.0, -1.0]); GPS(-43.522193, 172.577422, 20.000000, var=[-1.0, -1.0, -1.0]); None; GPS(-43.522193, 172.577422, 35.000000, var=[-1.0, -1.0, -1.0]); GPS(-43.522194, 172.577421, 46.401098, var=[-1, -1, -1]); 0.0; OFFBOARD
12:03:51:576512; [3, 4, 4, 4]4; None; GPS(-43.522193, 172.577422, 20.000000, var=[-1.0, -1.0, -1.0]); GPS(-43.522193, 172.577422, 20.000000, var=[-1.0, -1.0, -1.0]); None; GPS(-43.522193, 172.577422, 35.000000, var=[-1.0, -1.0, -1.0]); GPS(-43.522194, 172.577421, 46.401098, var=[-1, -1, -1]); 0.0; OFFBOARD
12:03:51:604477; [3, 4, 4, 4]4; None; GPS(-43.522193, 172.577422, 20.000000, var=[-1.0, -1.0, -1.0]); GPS(-43.522193, 172.577422, 20.000000, var=[-1.0, -1.0, -1.0]); None; GPS(-43.522193, 172.577422, 35.000000, var=[-1.0, -1.0, -1.0]); GPS(-43.522194, 172.577421, 46.401098, var=[-1, -1, -1]); 0.0; OFFBOARD
12:03:51:632732; [3, 4, 4, 4]4; None; GPS(-43.522193, 172.577422, 20.000000, var=[-1.0, -1.0, -1.0]); GPS(-43.522193, 172.577422, 20.000000, var=[-1.0, -1.0, -1.0]); None; GPS(-43.522193, 172.577422, 35.000000, var=[-1.0, -1.0, -1.0]); GPS(-43.522194, 172.577421, 46.400098, var=[-1, -1, -1]); 0.0; OFFBOARD
12:03:51:660304; [3, 4, 4, 4]4; None; GPS(-43.522193, 172.577422, 20.000000, var=[-1.0, -1.0, -1.0]); GPS(-43.522193, 172.577422, 20.000000, var=[-1.0, -1.0, -1.0]); None; GPS(-43.522193, 172.577422, 35.000000, var=[-1.0, -1.0, -1.0]); GPS(-43.522194, 172.577421, 46.399098, var=[-1, -1, -1]); 0.0; OFFBOARD
12:03:51:692003; [3, 4, 4, 4]4; None; GPS(-43.522193, 172.577422, 20.000000, var=[-1.0, -1.0, -1.0]); GPS(-43.522193, 172.577422, 20.000000, var=[-1.0, -1.0, -1.0]); None; GPS(-43.522193, 172.577422, 35.000000, var=[-1.0, -1.0, -1.0]); GPS(-43.522194, 172.577421, 46.398098, var=[-1, -1, -1]); 0.0; OFFBOARD
12:03:51:721930; [3, 4, 4, 4]4; None; GPS(-43.522193, 172.577422, 20.000000, var=[-1.0, -1.0, -1.0]); GPS(-43.522193, 172.577422, 20.000000, var=[-1.0, -1.0, -1.0]); None; GPS(-43.522193, 172.577422, 35.000000, var=[-1.0, -1.0, -1.0]); GPS(-43.522194, 172.577421, 46.396098, var=[-1, -1, -1]); 0.0; OFFBOARD
12:03:51:746952; [3, 4, 4, 4]4; None; GPS(-43.522193, 172.577422, 20.000000, var=[-1.0, -1.0, -1.0]); GPS(-43.522193, 172.577422, 20.000000, var=[-1.0, -1.0, -1.0]); None; GPS(-43.522193, 172.577422, 35.000000, var=[-1.0, -1.0, -1.0]); GPS(-43.522194, 172.577421, 46.395098, var=[-1, -1, -1]); 0.0; OFFBOARD
12:03:51:774736; [3, 4, 4, 4]4; None; GPS(-43.522193, 172.577422, 20.000000, var=[-1.0, -1.0, -1.0]); GPS(-43.522193, 172.577422, 20.000000, var=[-1.0, -1.0, -1.0]); None; GPS(-43.522193, 172.577422, 35.000000, var=[-1.0, -1.0, -1.0]); GPS(-43.522194, 172.577421, 46.394098, var=[-1, -1, -1]); 0.0; OFFBOARD
12:03:51:803013; [3, 4, 4, 4]4; None; GPS(-43.522193, 172.577422, 20.000000, var=[-1.0, -1.0, -1.0]); GPS(-43.522193, 172.577422, 20.000000, var=[-1.0, -1.0, -1.0]); None; GPS(-43.522193, 172.577422, 35.000000, var=[-1.0, -1.0, -1.0]); GPS(-43.522194, 172.577421, 46.393098, var=[-1, -1, -1]); 0.0; OFFBOARD
12:03:51:827513; [3, 4, 4, 4]4; None; GPS(-43.522193, 172.577422, 20.000000, var=[-1.0, -1.0, -1.0]); GPS(-43.522193, 172.577422, 20.000000, var=[-1.0, -1.0, -1.0]); None; GPS(-43.522193, 172.577422, 35.000000, var=[-1.0, -1.0, -1.0]); GPS(-43.522194, 172.577421, 46.393098, var=[-1, -1, -1]); 0.0; OFFBOARD
12:03:51:855950; [3, 4, 4, 4]4; None; GPS(-43.522193, 172.577422, 20.000000, var=[-1.0, -1.0, -1.0]); GPS(-43.522193, 172.577422, 20.000000, var=[-1.0, -1.0, -1.0]); None; GPS(-43.522193, 172.577422, 35.000000, var=[-1.0, -1.0, -1.0]); GPS(-43.522194, 172.577421, 46.392098, var=[-1, -1, -1]); 0.0; OFFBOARD
12:03:51:885663; [3, 4, 4, 4]4; None; GPS(-43.522193, 172.577422, 20.000000, var=[-1.0, -1.0, -1.0]); GPS(-43.522193, 172.577422, 20.000000, var=[-1.0, -1.0, -1.0]); None; GPS(-43.522193, 172.577422, 35.000000, var=[-1.0, -1.0, -1.0]); GPS(-43.522194, 172.577421, 46.392098, var=[-1, -1, -1]); 0.0; OFFBOARD
12:03:51:913568; [3, 4, 4, 4]4; None; GPS(-43.522193, 172.577422, 20.000000, var=[-1.0, -1.0, -1.0]); GPS(-43.522193, 172.577422, 20.000000, var=[-1.0, -1.0, -1.0]); None; GPS(-43.522193, 172.577422, 35.000000, var=[-1.0, -1.0, -1.0]); GPS(-43.522194, 172.577421, 46.392098, var=[-1, -1, -1]); 0.0; OFFBOARD
12:03:51:935558; [3, 4, 4, 4]4; None; GPS(-43.522193, 172.577422, 20.000000, var=[-1.0, -1.0, -1.0]); GPS(-43.522193, 172.577422, 20.000000, var=[-1.0, -1.0, -1.0]); None; GPS(-43.522193, 172.577422, 35.000000, var=[-1.0, -1.0, -1.0]); GPS(-43.522194, 172.577421, 46.392098, var=[-1, -1, -1]); 0.0; OFFBOARD
12:03:51:963293; [3, 4, 4, 4]4; None; GPS(-43.522193, 172.577422, 20.000000, var=[-1.0, -1.0, -1.0]); GPS(-43.522193, 172.577422, 20.000000, var=[-1.0, -1.0, -1.0]); None; GPS(-43.522193, 172.577422, 35.000000, var=[-1.0, -1.0, -1.0]); GPS(-43.522194, 172.577421, 46.392098, var=[-1, -1, -1]); 0.0; OFFBOARD
12:03:51:992023; [3, 4, 4, 4]4; None; GPS(-43.522193, 172.577422, 20.000000, var=[-1.0, -1.0, -1.0]); GPS(-43.522193, 172.577422, 20.000000, var=[-1.0, -1.0, -1.0]); None; GPS(-43.522193, 172.577422, 35.000000, var=[-1.0, -1.0, -1.0]); GPS(-43.522194, 172.577421, 46.392098, var=[-1, -1, -1]); 0.0; OFFBOARD
12:03:52:015522; [3, 4, 4, 4]4; None; GPS(-43.522193, 172.577422, 20.000000, var=[-1.0, -1.0, -1.0]); GPS(-43.522193, 172.577422, 20.000000, var=[-1.0, -1.0, -1.0]); None; GPS(-43.522193, 172.577422, 35.000000, var=[-1.0, -1.0, -1.0]); GPS(-43.522194, 172.577421, 46.392098, var=[-1, -1, -1]); 0.0; OFFBOARD
12:03:52:044658; [3, 4, 4, 4]4; None; GPS(-43.522193, 172.577422, 20.000000, var=[-1.0, -1.0, -1.0]); GPS(-43.522193, 172.577422, 20.000000, var=[-1.0, -1.0, -1.0]); None; GPS(-43.522193, 172.577422, 35.000000, var=[-1.0, -1.0, -1.0]); GPS(-43.522194, 172.577421, 46.393098, var=[-1, -1, -1]); 0.0; OFFBOARD
12:03:52:074698; [3, 4, 4, 4]4; None; GPS(-43.522193, 172.577422, 20.000000, var=[-1.0, -1.0, -1.0]); GPS(-43.522193, 172.577422, 20.000000, var=[-1.0, -1.0, -1.0]); None; GPS(-43.522193, 172.577422, 35.000000, var=[-1.0, -1.0, -1.0]); GPS(-43.522194, 172.577421, 46.394098, var=[-1, -1, -1]); 0.0; OFFBOARD
12:03:52:098867; [3, 4, 4, 4]4; None; GPS(-43.522193, 172.577422, 20.000000, var=[-1.0, -1.0, -1.0]); GPS(-43.522193, 172.577422, 20.000000, var=[-1.0, -1.0, -1.0]); None; GPS(-43.522193, 172.577422, 35.000000, var=[-1.0, -1.0, -1.0]); GPS(-43.522194, 172.577421, 46.395098, var=[-1, -1, -1]); 0.0; OFFBOARD
12:03:52:127217; [3, 4, 4, 4]4; None; GPS(-43.522193, 172.577422, 20.000000, var=[-1.0, -1.0, -1.0]); GPS(-43.522193, 172.577422, 20.000000, var=[-1.0, -1.0, -1.0]); None; GPS(-43.522193, 172.577422, 35.000000, var=[-1.0, -1.0, -1.0]); GPS(-43.522194, 172.577421, 46.395098, var=[-1, -1, -1]); 0.0; OFFBOARD
12:03:52:155326; [3, 4, 4, 4]4; None; GPS(-43.522193, 172.577422, 20.000000, var=[-1.0, -1.0, -1.0]); GPS(-43.522193, 172.577422, 20.000000, var=[-1.0, -1.0, -1.0]); None; GPS(-43.522193, 172.577422, 35.000000, var=[-1.0, -1.0, -1.0]); GPS(-43.522194, 172.577421, 46.396098, var=[-1, -1, -1]); 0.0; OFFBOARD
12:03:52:191003; [3, 4, 4, 4]4; None; GPS(-43.522193, 172.577422, 20.000000, var=[-1.0, -1.0, -1.0]); GPS(-43.522193, 172.577422, 20.000000, var=[-1.0, -1.0, -1.0]); None; GPS(-43.522193, 172.577422, 35.000000, var=[-1.0, -1.0, -1.0]); GPS(-43.522194, 172.577421, 46.397098, var=[-1, -1, -1]); 0.0; OFFBOARD
12:03:52:219537; [3, 4, 4, 4]4; None; GPS(-43.522193, 172.577422, 20.000000, var=[-1.0, -1.0, -1.0]); GPS(-43.522193, 172.577422, 20.000000, var=[-1.0, -1.0, -1.0]); None; GPS(-43.522193, 172.577422, 35.000000, var=[-1.0, -1.0, -1.0]); GPS(-43.522194, 172.577421, 46.398098, var=[-1, -1, -1]); 0.0; OFFBOARD
12:03:52:251296; [3, 4, 4, 4]4; None; GPS(-43.522193, 172.577422, 20.000000, var=[-1.0, -1.0, -1.0]); GPS(-43.522193, 172.577422, 20.000000, var=[-1.0, -1.0, -1.0]); None; GPS(-43.522193, 172.577422, 35.000000, var=[-1.0, -1.0, -1.0]); GPS(-43.522194, 172.577421, 46.400098, var=[-1, -1, -1]); 0.0; OFFBOARD
12:03:52:279339; [3, 4, 4, 4]4; None; GPS(-43.522193, 172.577422, 20.000000, var=[-1.0, -1.0, -1.0]); GPS(-43.522193, 172.577422, 20.000000, var=[-1.0, -1.0, -1.0]); None; GPS(-43.522193, 172.577422, 35.000000, var=[-1.0, -1.0, -1.0]); GPS(-43.522194, 172.577421, 46.400098, var=[-1, -1, -1]); 0.0; OFFBOARD
12:03:52:306637; [3, 4, 4, 4]4; None; GPS(-43.522193, 172.577422, 20.000000, var=[-1.0, -1.0, -1.0]); GPS(-43.522193, 172.577422, 20.000000, var=[-1.0, -1.0, -1.0]); None; GPS(-43.522193, 172.577422, 35.000000, var=[-1.0, -1.0, -1.0]); GPS(-43.522194, 172.577421, 46.401098, var=[-1, -1, -1]); 0.0; OFFBOARD
12:03:52:338632; [3, 4, 4, 4]4; None; GPS(-43.522193, 172.577422, 20.000000, var=[-1.0, -1.0, -1.0]); GPS(-43.522193, 172.577422, 20.000000, var=[-1.0, -1.0, -1.0]); None; GPS(-43.522193, 172.577422, 35.000000, var=[-1.0, -1.0, -1.0]); GPS(-43.522194, 172.577421, 46.402098, var=[-1, -1, -1]); 0.0; OFFBOARD
12:03:52:364308; [3, 4, 4, 4]4; None; GPS(-43.522193, 172.577422, 20.000000, var=[-1.0, -1.0, -1.0]); GPS(-43.522193, 172.577422, 20.000000, var=[-1.0, -1.0, -1.0]); None; GPS(-43.522193, 172.577422, 35.000000, var=[-1.0, -1.0, -1.0]); GPS(-43.522194, 172.577421, 46.403098, var=[-1, -1, -1]); 0.0; OFFBOARD
12:03:52:394506; [3, 4, 4, 4]4; None; GPS(-43.522193, 172.577422, 20.000000, var=[-1.0, -1.0, -1.0]); GPS(-43.522193, 172.577422, 20.000000, var=[-1.0, -1.0, -1.0]); None; GPS(-43.522193, 172.577422, 35.000000, var=[-1.0, -1.0, -1.0]); GPS(-43.522194, 172.577421, 46.404098, var=[-1, -1, -1]); 0.0; OFFBOARD
12:03:52:416275; [3, 4, 4, 4]4; None; GPS(-43.522193, 172.577422, 20.000000, var=[-1.0, -1.0, -1.0]); GPS(-43.522193, 172.577422, 20.000000, var=[-1.0, -1.0, -1.0]); None; GPS(-43.522193, 172.577422, 35.000000, var=[-1.0, -1.0, -1.0]); GPS(-43.522194, 172.577421, 46.404098, var=[-1, -1, -1]); 0.0; OFFBOARD
12:03:52:446733; [3, 4, 4, 4]4; None; GPS(-43.522193, 172.577422, 20.000000, var=[-1.0, -1.0, -1.0]); GPS(-43.522193, 172.577422, 20.000000, var=[-1.0, -1.0, -1.0]); None; GPS(-43.522193, 172.577422, 35.000000, var=[-1.0, -1.0, -1.0]); GPS(-43.522194, 172.577421, 46.404098, var=[-1, -1, -1]); 0.0; OFFBOARD
12:03:52:473368; [3, 4, 4, 4]4; None; GPS(-43.522193, 172.577422, 20.000000, var=[-1.0, -1.0, -1.0]); GPS(-43.522193, 172.577422, 20.000000, var=[-1.0, -1.0, -1.0]); None; GPS(-43.522193, 172.577422, 35.000000, var=[-1.0, -1.0, -1.0]); GPS(-43.522194, 172.577421, 46.404098, var=[-1, -1, -1]); 0.0; OFFBOARD
12:03:52:500217; [3, 4, 4, 4]4; None; GPS(-43.522193, 172.577422, 20.000000, var=[-1.0, -1.0, -1.0]); GPS(-43.522193, 172.577422, 20.000000, var=[-1.0, -1.0, -1.0]); None; GPS(-43.522193, 172.577422, 35.000000, var=[-1.0, -1.0, -1.0]); GPS(-43.522194, 172.577421, 46.404098, var=[-1, -1, -1]); 0.0; OFFBOARD
12:03:52:527975; [3, 4, 4, 4]4; None; GPS(-43.522193, 172.577422, 20.000000, var=[-1.0, -1.0, -1.0]); GPS(-43.522193, 172.577422, 20.000000, var=[-1.0, -1.0, -1.0]); None; GPS(-43.522193, 172.577422, 35.000000, var=[-1.0, -1.0, -1.0]); GPS(-43.522194, 172.577421, 46.404098, var=[-1, -1, -1]); 0.0; OFFBOARD
12:03:52:554884; [3, 4, 4, 4]4; None; GPS(-43.522193, 172.577422, 20.000000, var=[-1.0, -1.0, -1.0]); GPS(-43.522193, 172.577422, 20.000000, var=[-1.0, -1.0, -1.0]); None; GPS(-43.522193, 172.577422, 35.000000, var=[-1.0, -1.0, -1.0]); GPS(-43.522194, 172.577421, 46.405098, var=[-1, -1, -1]); 0.0; OFFBOARD
12:03:52:586009; [3, 4, 4, 4]4; None; GPS(-43.522193, 172.577422, 20.000000, var=[-1.0, -1.0, -1.0]); GPS(-43.522193, 172.577422, 20.000000, var=[-1.0, -1.0, -1.0]); None; GPS(-43.522193, 172.577422, 35.000000, var=[-1.0, -1.0, -1.0]); GPS(-43.522194, 172.577421, 46.405098, var=[-1, -1, -1]); 0.0; OFFBOARD
12:03:52:617249; [3, 4, 4, 4]4; None; GPS(-43.522193, 172.577422, 20.000000, var=[-1.0, -1.0, -1.0]); GPS(-43.522193, 172.577422, 20.000000, var=[-1.0, -1.0, -1.0]); None; GPS(-43.522193, 172.577422, 35.000000, var=[-1.0, -1.0, -1.0]); GPS(-43.522194, 172.577421, 46.405098, var=[-1, -1, -1]); 0.0; OFFBOARD
12:03:52:638519; [3, 4, 4, 4]4; None; GPS(-43.522193, 172.577422, 20.000000, var=[-1.0, -1.0, -1.0]); GPS(-43.522193, 172.577422, 20.000000, var=[-1.0, -1.0, -1.0]); None; GPS(-43.522193, 172.577422, 35.000000, var=[-1.0, -1.0, -1.0]); GPS(-43.522194, 172.577421, 46.405098, var=[-1, -1, -1]); 0.0; OFFBOARD
12:03:52:662194; [3, 4, 4, 4]4; None; GPS(-43.522193, 172.577422, 20.000000, var=[-1.0, -1.0, -1.0]); GPS(-43.522193, 172.577422, 20.000000, var=[-1.0, -1.0, -1.0]); None; GPS(-43.522193, 172.577422, 35.000000, var=[-1.0, -1.0, -1.0]); GPS(-43.522194, 172.577421, 46.405098, var=[-1, -1, -1]); 0.0; OFFBOARD
12:03:52:687377; [3, 4, 4, 4]4; None; GPS(-43.522193, 172.577422, 20.000000, var=[-1.0, -1.0, -1.0]); GPS(-43.522193, 172.577422, 20.000000, var=[-1.0, -1.0, -1.0]); None; GPS(-43.522193, 172.577422, 35.000000, var=[-1.0, -1.0, -1.0]); GPS(-43.522194, 172.577421, 46.405098, var=[-1, -1, -1]); 0.0; OFFBOARD
12:03:52:715089; [3, 4, 4, 4]4; None; GPS(-43.522193, 172.577422, 20.000000, var=[-1.0, -1.0, -1.0]); GPS(-43.522193, 172.577422, 20.000000, var=[-1.0, -1.0, -1.0]); None; GPS(-43.522193, 172.577422, 35.000000, var=[-1.0, -1.0, -1.0]); GPS(-43.522194, 172.577421, 46.405098, var=[-1, -1, -1]); 0.0; OFFBOARD
12:03:52:748130; [3, 4, 4, 4]4; None; GPS(-43.522193, 172.577422, 20.000000, var=[-1.0, -1.0, -1.0]); GPS(-43.522193, 172.577422, 20.000000, var=[-1.0, -1.0, -1.0]); None; GPS(-43.522193, 172.577422, 35.000000, var=[-1.0, -1.0, -1.0]); GPS(-43.522194, 172.577421, 46.405098, var=[-1, -1, -1]); 0.0; OFFBOARD
12:03:52:775788; [3, 4, 4, 4]4; None; GPS(-43.522193, 172.577422, 20.000000, var=[-1.0, -1.0, -1.0]); GPS(-43.522193, 172.577422, 20.000000, var=[-1.0, -1.0, -1.0]); None; GPS(-43.522193, 172.577422, 35.000000, var=[-1.0, -1.0, -1.0]); GPS(-43.522194, 172.577421, 46.406098, var=[-1, -1, -1]); 0.0; OFFBOARD
12:03:52:802459; [3, 4, 4, 4]4; None; GPS(-43.522193, 172.577422, 20.000000, var=[-1.0, -1.0, -1.0]); GPS(-43.522193, 172.577422, 20.000000, var=[-1.0, -1.0, -1.0]); None; GPS(-43.522193, 172.577422, 35.000000, var=[-1.0, -1.0, -1.0]); GPS(-43.522194, 172.577421, 46.406098, var=[-1, -1, -1]); 0.0; OFFBOARD
12:03:52:831038; [3, 4, 4, 4]4; None; GPS(-43.522193, 172.577422, 20.000000, var=[-1.0, -1.0, -1.0]); GPS(-43.522193, 172.577422, 20.000000, var=[-1.0, -1.0, -1.0]); None; GPS(-43.522193, 172.577422, 35.000000, var=[-1.0, -1.0, -1.0]); GPS(-43.522194, 172.577421, 46.406098, var=[-1, -1, -1]); 0.0; OFFBOARD
12:03:52:857570; [3, 4, 4, 4]4; None; GPS(-43.522193, 172.577422, 20.000000, var=[-1.0, -1.0, -1.0]); GPS(-43.522193, 172.577422, 20.000000, var=[-1.0, -1.0, -1.0]); None; GPS(-43.522193, 172.577422, 35.000000, var=[-1.0, -1.0, -1.0]); GPS(-43.522194, 172.577421, 46.405098, var=[-1, -1, -1]); 0.0; OFFBOARD
12:03:52:886072; [3, 4, 4, 4]4; None; GPS(-43.522193, 172.577422, 20.000000, var=[-1.0, -1.0, -1.0]); GPS(-43.522193, 172.577422, 20.000000, var=[-1.0, -1.0, -1.0]); None; GPS(-43.522193, 172.577422, 35.000000, var=[-1.0, -1.0, -1.0]); GPS(-43.522194, 172.577421, 46.404098, var=[-1, -1, -1]); 0.0; OFFBOARD
12:03:52:914283; [3, 4, 4, 4]4; None; GPS(-43.522193, 172.577422, 20.000000, var=[-1.0, -1.0, -1.0]); GPS(-43.522193, 172.577422, 20.000000, var=[-1.0, -1.0, -1.0]); None; GPS(-43.522193, 172.577422, 35.000000, var=[-1.0, -1.0, -1.0]); GPS(-43.522194, 172.577421, 46.404098, var=[-1, -1, -1]); 0.0; OFFBOARD
12:03:52:946042; [3, 4, 4, 4]4; None; GPS(-43.522193, 172.577422, 20.000000, var=[-1.0, -1.0, -1.0]); GPS(-43.522193, 172.577422, 20.000000, var=[-1.0, -1.0, -1.0]); None; GPS(-43.522193, 172.577422, 35.000000, var=[-1.0, -1.0, -1.0]); GPS(-43.522194, 172.577421, 46.403098, var=[-1, -1, -1]); 0.0; OFFBOARD
12:03:52:975936; [3, 4, 4, 4]4; None; GPS(-43.522193, 172.577422, 20.000000, var=[-1.0, -1.0, -1.0]); GPS(-43.522193, 172.577422, 20.000000, var=[-1.0, -1.0, -1.0]); None; GPS(-43.522193, 172.577422, 35.000000, var=[-1.0, -1.0, -1.0]); GPS(-43.522194, 172.577421, 46.403098, var=[-1, -1, -1]); 0.0; OFFBOARD
12:03:53:003107; [3, 4, 4, 4]4; None; GPS(-43.522193, 172.577422, 20.000000, var=[-1.0, -1.0, -1.0]); GPS(-43.522193, 172.577422, 20.000000, var=[-1.0, -1.0, -1.0]); None; GPS(-43.522193, 172.577422, 35.000000, var=[-1.0, -1.0, -1.0]); GPS(-43.522194, 172.577421, 46.402098, var=[-1, -1, -1]); 0.0; OFFBOARD
12:03:53:031058; [3, 4, 4, 4]4; None; GPS(-43.522193, 172.577422, 20.000000, var=[-1.0, -1.0, -1.0]); GPS(-43.522193, 172.577422, 20.000000, var=[-1.0, -1.0, -1.0]); None; GPS(-43.522193, 172.577422, 35.000000, var=[-1.0, -1.0, -1.0]); GPS(-43.522194, 172.577421, 46.402098, var=[-1, -1, -1]); 0.0; OFFBOARD
12:03:53:056465; [3, 4, 4, 4]4; None; GPS(-43.522193, 172.577422, 20.000000, var=[-1.0, -1.0, -1.0]); GPS(-43.522193, 172.577422, 20.000000, var=[-1.0, -1.0, -1.0]); None; GPS(-43.522193, 172.577422, 35.000000, var=[-1.0, -1.0, -1.0]); GPS(-43.522194, 172.577421, 46.401098, var=[-1, -1, -1]); 0.0; OFFBOARD
12:03:53:086276; [3, 4, 4, 4]4; None; GPS(-43.522193, 172.577422, 20.000000, var=[-1.0, -1.0, -1.0]); GPS(-43.522193, 172.577422, 20.000000, var=[-1.0, -1.0, -1.0]); None; GPS(-43.522193, 172.577422, 35.000000, var=[-1.0, -1.0, -1.0]); GPS(-43.522194, 172.577421, 46.401098, var=[-1, -1, -1]); 0.0; OFFBOARD
12:03:53:117227; [3, 4, 4, 4]4; None; GPS(-43.522193, 172.577422, 20.000000, var=[-1.0, -1.0, -1.0]); GPS(-43.522193, 172.577422, 20.000000, var=[-1.0, -1.0, -1.0]); None; GPS(-43.522193, 172.577422, 35.000000, var=[-1.0, -1.0, -1.0]); GPS(-43.522194, 172.577421, 46.401098, var=[-1, -1, -1]); 0.0; OFFBOARD
12:03:53:148074; [3, 4, 4, 4]4; None; GPS(-43.522193, 172.577422, 20.000000, var=[-1.0, -1.0, -1.0]); GPS(-43.522193, 172.577422, 20.000000, var=[-1.0, -1.0, -1.0]); None; GPS(-43.522193, 172.577422, 35.000000, var=[-1.0, -1.0, -1.0]); GPS(-43.522194, 172.577421, 46.401098, var=[-1, -1, -1]); 0.0; OFFBOARD
12:03:54:128842; [3, 4, 4, 4]4; None; GPS(-43.522193, 172.577422, 20.000000, var=[-1.0, -1.0, -1.0]); GPS(-43.522193, 172.577423, 20.000000, var=[-1.0, -1.0, -1.0]); None; GPS(-43.522193, 172.577422, 35.000000, var=[-1.0, -1.0, -1.0]); GPS(-43.522193, 172.577421, 46.394098, var=[-1, -1, -1]); 0.13438049202901153; OFFBOARD
12:03:55:197181; [3, 4, 4, 4]4; None; GPS(-43.522193, 172.577422, 20.000000, var=[-1.0, -1.0, -1.0]); GPS(-43.522193, 172.577423, 20.000000, var=[-1.0, -1.0, -1.0]); None; GPS(-43.522193, 172.577422, 35.000000, var=[-1.0, -1.0, -1.0]); GPS(-43.522193, 172.577421, 46.395099, var=[-1, -1, -1]); 0.13438049202901153; OFFBOARD
12:03:56:195310; [3, 4, 4, 4]4; None; GPS(-43.522193, 172.577422, 20.000000, var=[-1.0, -1.0, -1.0]); GPS(-43.522193, 172.577423, 20.000000, var=[-1.0, -1.0, -1.0]); None; GPS(-43.522193, 172.577422, 35.000000, var=[-1.0, -1.0, -1.0]); GPS(-43.522193, 172.577421, 46.390099, var=[-1, -1, -1]); 0.13438049202901153; OFFBOARD
12:03:57:188729; [3, 4, 4, 4]4; None; GPS(-43.522193, 172.577422, 20.000000, var=[-1.0, -1.0, -1.0]); GPS(-43.522193, 172.577423, 20.000000, var=[-1.0, -1.0, -1.0]); None; GPS(-43.522193, 172.577422, 35.000000, var=[-1.0, -1.0, -1.0]); GPS(-43.522193, 172.577421, 46.402099, var=[-1, -1, -1]); 0.13438049202901153; OFFBOARD
12:03:58:059362; [3, 4, 4, 4]4; None; GPS(-43.522193, 172.577422, 20.000000, var=[-1.0, -1.0, -1.0]); GPS(-43.522193, 172.577423, 20.000000, var=[-1.0, -1.0, -1.0]); None; GPS(-43.522193, 172.577422, 35.000000, var=[-1.0, -1.0, -1.0]); GPS(-43.522193, 172.577421, 46.403099, var=[-1, -1, -1]); 0.13438049202901153; OFFBOARD
12:03:59:059704; [3, 4, 4, 4]4; None; GPS(-43.522193, 172.577422, 20.000000, var=[-1.0, -1.0, -1.0]); GPS(-43.522193, 172.577423, 20.000000, var=[-1.0, -1.0, -1.0]); None; GPS(-43.522193, 172.577422, 35.000000, var=[-1.0, -1.0, -1.0]); GPS(-43.522193, 172.577421, 46.400099, var=[-1, -1, -1]); 0.13438049202901153; OFFBOARD
12:04:00:060729; [3, 4, 4, 4]4; None; GPS(-43.522193, 172.577422, 20.000000, var=[-1.0, -1.0, -1.0]); GPS(-43.522193, 172.577423, 20.000000, var=[-1.0, -1.0, -1.0]); None; GPS(-43.522193, 172.577422, 35.000000, var=[-1.0, -1.0, -1.0]); GPS(-43.522193, 172.577421, 46.395099, var=[-1, -1, -1]); 0.13438049202901153; OFFBOARD
12:04:01:061798; [3, 4, 4, 4]4; None; GPS(-43.522193, 172.577422, 20.000000, var=[-1.0, -1.0, -1.0]); GPS(-43.522193, 172.577423, 20.000000, var=[-1.0, -1.0, -1.0]); None; GPS(-43.522193, 172.577422, 35.000000, var=[-1.0, -1.0, -1.0]); GPS(-43.522193, 172.577421, 46.386099, var=[-1, -1, -1]); 0.13438049202901153; OFFBOARD
12:04:02:059348; [3, 4, 4, 4]4; None; GPS(-43.522193, 172.577422, 20.000000, var=[-1.0, -1.0, -1.0]); GPS(-43.522193, 172.577423, 20.000000, var=[-1.0, -1.0, -1.0]); None; GPS(-43.522193, 172.577422, 35.000000, var=[-1.0, -1.0, -1.0]); GPS(-43.522193, 172.577421, 46.371099, var=[-1, -1, -1]); 0.13438049202901153; OFFBOARD
12:04:03:060746; [3, 4, 4, 4]4; None; GPS(-43.522193, 172.577422, 20.000000, var=[-1.0, -1.0, -1.0]); GPS(-43.522193, 172.577423, 20.000000, var=[-1.0, -1.0, -1.0]); None; GPS(-43.522193, 172.577422, 35.000000, var=[-1.0, -1.0, -1.0]); GPS(-43.522193, 172.577421, 46.371099, var=[-1, -1, -1]); 0.13438049202901153; OFFBOARD
12:04:04:059484; [3, 4, 4, 4]4; None; GPS(-43.522193, 172.577422, 20.000000, var=[-1.0, -1.0, -1.0]); GPS(-43.522193, 172.577423, 20.000000, var=[-1.0, -1.0, -1.0]); None; GPS(-43.522193, 172.577422, 35.000000, var=[-1.0, -1.0, -1.0]); GPS(-43.522193, 172.577422, 46.360099, var=[-1, -1, -1]); 0.13438049202901153; OFFBOARD
12:04:05:058984; [3, 4, 4, 4]4; None; GPS(-43.522193, 172.577422, 20.000000, var=[-1.0, -1.0, -1.0]); GPS(-43.522193, 172.577423, 20.000000, var=[-1.0, -1.0, -1.0]); None; GPS(-43.522193, 172.577422, 35.000000, var=[-1.0, -1.0, -1.0]); GPS(-43.522193, 172.577422, 46.378099, var=[-1, -1, -1]); 0.13438049202901153; OFFBOARD
12:04:06:064931; [3, 4, 4, 4]4; None; GPS(-43.522193, 172.577422, 20.000000, var=[-1.0, -1.0, -1.0]); GPS(-43.522193, 172.577423, 20.000000, var=[-1.0, -1.0, -1.0]); None; GPS(-43.522193, 172.577422, 35.000000, var=[-1.0, -1.0, -1.0]); GPS(-43.522193, 172.577422, 46.374099, var=[-1, -1, -1]); 0.13438049202901153; OFFBOARD
12:04:07:064865; [3, 4, 4, 4]4; None; GPS(-43.522193, 172.577422, 20.000000, var=[-1.0, -1.0, -1.0]); GPS(-43.522193, 172.577423, 20.000000, var=[-1.0, -1.0, -1.0]); None; GPS(-43.522193, 172.577422, 35.000000, var=[-1.0, -1.0, -1.0]); GPS(-43.522193, 172.577422, 46.372099, var=[-1, -1, -1]); 0.13438049202901153; OFFBOARD
12:04:08:060640; [3, 4, 4, 4]4; None; GPS(-43.522193, 172.577422, 20.000000, var=[-1.0, -1.0, -1.0]); GPS(-43.522193, 172.577423, 20.000000, var=[-1.0, -1.0, -1.0]); None; GPS(-43.522193, 172.577422, 35.000000, var=[-1.0, -1.0, -1.0]); GPS(-43.522193, 172.577422, 46.376099, var=[-1, -1, -1]); 0.13438049202901153; OFFBOARD
12:04:09:061441; [3, 4, 4, 4]4; None; GPS(-43.522193, 172.577422, 20.000000, var=[-1.0, -1.0, -1.0]); GPS(-43.522193, 172.577423, 20.000000, var=[-1.0, -1.0, -1.0]); None; GPS(-43.522193, 172.577422, 35.000000, var=[-1.0, -1.0, -1.0]); GPS(-43.522194, 172.577422, 46.382099, var=[-1, -1, -1]); 0.13438049202901153; OFFBOARD
12:04:10:062840; [3, 4, 4, 4]4; None; GPS(-43.522193, 172.577422, 20.000000, var=[-1.0, -1.0, -1.0]); GPS(-43.522193, 172.577423, 20.000000, var=[-1.0, -1.0, -1.0]); None; GPS(-43.522193, 172.577422, 35.000000, var=[-1.0, -1.0, -1.0]); GPS(-43.522194, 172.577422, 46.393099, var=[-1, -1, -1]); 0.13438049202901153; OFFBOARD
12:04:11:060871; [3, 4, 4, 4]4; None; GPS(-43.522193, 172.577422, 20.000000, var=[-1.0, -1.0, -1.0]); GPS(-43.522193, 172.577423, 20.000000, var=[-1.0, -1.0, -1.0]); None; GPS(-43.522193, 172.577422, 35.000000, var=[-1.0, -1.0, -1.0]); GPS(-43.522194, 172.577422, 46.385099, var=[-1, -1, -1]); 0.13438049202901153; OFFBOARD
12:04:12:063484; [3, 4, 4, 4]4; None; GPS(-43.522193, 172.577422, 20.000000, var=[-1.0, -1.0, -1.0]); GPS(-43.522193, 172.577423, 20.000000, var=[-1.0, -1.0, -1.0]); None; GPS(-43.522193, 172.577422, 35.000000, var=[-1.0, -1.0, -1.0]); GPS(-43.522194, 172.577422, 46.386098, var=[-1, -1, -1]); 0.13438049202901153; OFFBOARD
12:04:13:062999; [3, 4, 4, 4]4; None; GPS(-43.522193, 172.577422, 20.000000, var=[-1.0, -1.0, -1.0]); GPS(-43.522193, 172.577423, 20.000000, var=[-1.0, -1.0, -1.0]); None; GPS(-43.522193, 172.577422, 35.000000, var=[-1.0, -1.0, -1.0]); GPS(-43.522194, 172.577422, 46.391098, var=[-1, -1, -1]); 0.13438049202901153; OFFBOARD
12:04:14:060938; [3, 4, 4, 4]4; None; GPS(-43.522193, 172.577422, 20.000000, var=[-1.0, -1.0, -1.0]); GPS(-43.522193, 172.577423, 20.000000, var=[-1.0, -1.0, -1.0]); None; GPS(-43.522193, 172.577422, 35.000000, var=[-1.0, -1.0, -1.0]); GPS(-43.522194, 172.577422, 46.390099, var=[-1, -1, -1]); 0.13438049202901153; OFFBOARD
12:04:15:063768; [3, 4, 4, 4]4; None; GPS(-43.522193, 172.577422, 20.000000, var=[-1.0, -1.0, -1.0]); GPS(-43.522193, 172.577423, 20.000000, var=[-1.0, -1.0, -1.0]); None; GPS(-43.522193, 172.577422, 35.000000, var=[-1.0, -1.0, -1.0]); GPS(-43.522194, 172.577422, 46.389099, var=[-1, -1, -1]); 0.13438049202901153; OFFBOARD
12:04:16:061723; [3, 4, 4, 4]4; None; GPS(-43.522193, 172.577422, 20.000000, var=[-1.0, -1.0, -1.0]); GPS(-43.522193, 172.577423, 20.000000, var=[-1.0, -1.0, -1.0]); None; GPS(-43.522193, 172.577422, 35.000000, var=[-1.0, -1.0, -1.0]); GPS(-43.522194, 172.577422, 46.400099, var=[-1, -1, -1]); 0.13438049202901153; OFFBOARD
12:04:17:060210; [3, 4, 4, 4]4; None; GPS(-43.522193, 172.577422, 20.000000, var=[-1.0, -1.0, -1.0]); GPS(-43.522193, 172.577423, 20.000000, var=[-1.0, -1.0, -1.0]); None; GPS(-43.522193, 172.577422, 35.000000, var=[-1.0, -1.0, -1.0]); GPS(-43.522194, 172.577422, 46.422098, var=[-1, -1, -1]); 0.13438049202901153; OFFBOARD
12:04:18:060924; [3, 4, 4, 4]4; None; GPS(-43.522193, 172.577422, 20.000000, var=[-1.0, -1.0, -1.0]); GPS(-43.522193, 172.577423, 20.000000, var=[-1.0, -1.0, -1.0]); None; GPS(-43.522193, 172.577422, 35.000000, var=[-1.0, -1.0, -1.0]); GPS(-43.522194, 172.577422, 46.442099, var=[-1, -1, -1]); 0.13438049202901153; OFFBOARD
12:04:19:063358; [3, 4, 4, 4]4; None; GPS(-43.522193, 172.577422, 20.000000, var=[-1.0, -1.0, -1.0]); GPS(-43.522193, 172.577423, 20.000000, var=[-1.0, -1.0, -1.0]); None; GPS(-43.522193, 172.577422, 35.000000, var=[-1.0, -1.0, -1.0]); GPS(-43.522193, 172.577422, 46.460099, var=[-1, -1, -1]); 0.13438049202901153; OFFBOARD
12:04:20:062519; [3, 4, 4, 4]4; None; GPS(-43.522193, 172.577422, 20.000000, var=[-1.0, -1.0, -1.0]); GPS(-43.522193, 172.577423, 20.000000, var=[-1.0, -1.0, -1.0]); None; GPS(-43.522193, 172.577422, 35.000000, var=[-1.0, -1.0, -1.0]); GPS(-43.522193, 172.577422, 46.473099, var=[-1, -1, -1]); 0.13438049202901153; OFFBOARD
12:04:21:061892; [3, 4, 4, 4]4; None; GPS(-43.522193, 172.577422, 20.000000, var=[-1.0, -1.0, -1.0]); GPS(-43.522193, 172.577423, 20.000000, var=[-1.0, -1.0, -1.0]); None; GPS(-43.522193, 172.577422, 35.000000, var=[-1.0, -1.0, -1.0]); GPS(-43.522193, 172.577421, 46.464099, var=[-1, -1, -1]); 0.13438049202901153; OFFBOARD
12:04:22:061928; [3, 4, 4, 4]4; None; GPS(-43.522193, 172.577422, 20.000000, var=[-1.0, -1.0, -1.0]); GPS(-43.522193, 172.577423, 20.000000, var=[-1.0, -1.0, -1.0]); None; GPS(-43.522193, 172.577422, 35.000000, var=[-1.0, -1.0, -1.0]); GPS(-43.522193, 172.577421, 46.471099, var=[-1, -1, -1]); 0.13438049202901153; OFFBOARD
12:04:23:064538; [3, 4, 4, 4]4; None; GPS(-43.522193, 172.577422, 20.000000, var=[-1.0, -1.0, -1.0]); GPS(-43.522193, 172.577423, 20.000000, var=[-1.0, -1.0, -1.0]); None; GPS(-43.522193, 172.577422, 35.000000, var=[-1.0, -1.0, -1.0]); GPS(-43.522193, 172.577421, 46.475099, var=[-1, -1, -1]); 0.13438049202901153; OFFBOARD
12:04:24:061755; [3, 4, 4, 4]4; None; GPS(-43.522193, 172.577422, 20.000000, var=[-1.0, -1.0, -1.0]); GPS(-43.522193, 172.577423, 20.000000, var=[-1.0, -1.0, -1.0]); None; GPS(-43.522193, 172.577422, 35.000000, var=[-1.0, -1.0, -1.0]); GPS(-43.522193, 172.577421, 46.480099, var=[-1, -1, -1]); 0.13438049202901153; OFFBOARD
12:04:25:065400; [3, 4, 4, 4]4; None; GPS(-43.522193, 172.577422, 20.000000, var=[-1.0, -1.0, -1.0]); GPS(-43.522193, 172.577423, 20.000000, var=[-1.0, -1.0, -1.0]); None; GPS(-43.522193, 172.577422, 35.000000, var=[-1.0, -1.0, -1.0]); GPS(-43.522193, 172.577422, 46.480099, var=[-1, -1, -1]); 0.13438049202901153; OFFBOARD
12:04:26:059710; [3, 4, 4, 4]4; None; GPS(-43.522193, 172.577422, 20.000000, var=[-1.0, -1.0, -1.0]); GPS(-43.522193, 172.577423, 20.000000, var=[-1.0, -1.0, -1.0]); None; GPS(-43.522193, 172.577422, 35.000000, var=[-1.0, -1.0, -1.0]); GPS(-43.522193, 172.577422, 46.465099, var=[-1, -1, -1]); 0.13438049202901153; OFFBOARD
12:04:27:062802; [3, 4, 4, 4]4; None; GPS(-43.522193, 172.577422, 20.000000, var=[-1.0, -1.0, -1.0]); GPS(-43.522193, 172.577423, 20.000000, var=[-1.0, -1.0, -1.0]); None; GPS(-43.522193, 172.577422, 35.000000, var=[-1.0, -1.0, -1.0]); GPS(-43.522193, 172.577422, 46.452099, var=[-1, -1, -1]); 0.13438049202901153; OFFBOARD
12:04:28:061265; [3, 4, 4, 4]4; None; GPS(-43.522193, 172.577422, 20.000000, var=[-1.0, -1.0, -1.0]); GPS(-43.522193, 172.577423, 20.000000, var=[-1.0, -1.0, -1.0]); None; GPS(-43.522193, 172.577422, 35.000000, var=[-1.0, -1.0, -1.0]); GPS(-43.522194, 172.577422, 46.449098, var=[-1, -1, -1]); 0.13438049202901153; OFFBOARD
12:04:29:061744; [3, 4, 4, 4]4; None; GPS(-43.522193, 172.577422, 20.000000, var=[-1.0, -1.0, -1.0]); GPS(-43.522193, 172.577423, 20.000000, var=[-1.0, -1.0, -1.0]); None; GPS(-43.522193, 172.577422, 35.000000, var=[-1.0, -1.0, -1.0]); GPS(-43.522194, 172.577422, 46.440098, var=[-1, -1, -1]); 0.13438049202901153; OFFBOARD
12:04:30:060963; [3, 4, 4, 4]4; None; GPS(-43.522193, 172.577422, 20.000000, var=[-1.0, -1.0, -1.0]); GPS(-43.522193, 172.577423, 20.000000, var=[-1.0, -1.0, -1.0]); None; GPS(-43.522193, 172.577422, 35.000000, var=[-1.0, -1.0, -1.0]); GPS(-43.522194, 172.577422, 46.434099, var=[-1, -1, -1]); 0.13438049202901153; OFFBOARD
12:04:31:064455; [3, 4, 4, 4]4; None; GPS(-43.522193, 172.577422, 20.000000, var=[-1.0, -1.0, -1.0]); GPS(-43.522193, 172.577423, 20.000000, var=[-1.0, -1.0, -1.0]); None; GPS(-43.522193, 172.577422, 35.000000, var=[-1.0, -1.0, -1.0]); GPS(-43.522194, 172.577422, 46.437098, var=[-1, -1, -1]); 0.13438049202901153; OFFBOARD
12:04:32:061287; [3, 4, 4, 4]4; None; GPS(-43.522193, 172.577422, 20.000000, var=[-1.0, -1.0, -1.0]); GPS(-43.522193, 172.577423, 20.000000, var=[-1.0, -1.0, -1.0]); None; GPS(-43.522193, 172.577422, 35.000000, var=[-1.0, -1.0, -1.0]); GPS(-43.522194, 172.577422, 46.431098, var=[-1, -1, -1]); 0.13438049202901153; OFFBOARD
12:04:33:063598; [3, 4, 4, 4]4; None; GPS(-43.522193, 172.577422, 20.000000, var=[-1.0, -1.0, -1.0]); GPS(-43.522193, 172.577423, 20.000000, var=[-1.0, -1.0, -1.0]); None; GPS(-43.522193, 172.577422, 35.000000, var=[-1.0, -1.0, -1.0]); GPS(-43.522193, 172.577422, 46.441099, var=[-1, -1, -1]); 0.13438049202901153; OFFBOARD
12:04:34:059887; [3, 4, 4, 4]4; None; GPS(-43.522193, 172.577422, 20.000000, var=[-1.0, -1.0, -1.0]); GPS(-43.522193, 172.577423, 20.000000, var=[-1.0, -1.0, -1.0]); None; GPS(-43.522193, 172.577422, 35.000000, var=[-1.0, -1.0, -1.0]); GPS(-43.522193, 172.577422, 46.442099, var=[-1, -1, -1]); 0.13438049202901153; OFFBOARD
12:04:35:062384; [3, 4, 4, 4]4; None; GPS(-43.522193, 172.577422, 20.000000, var=[-1.0, -1.0, -1.0]); GPS(-43.522193, 172.577423, 20.000000, var=[-1.0, -1.0, -1.0]); None; GPS(-43.522193, 172.577422, 35.000000, var=[-1.0, -1.0, -1.0]); GPS(-43.522193, 172.577422, 46.450099, var=[-1, -1, -1]); 0.13438049202901153; OFFBOARD
12:04:36:061767; [3, 4, 4, 4]4; None; GPS(-43.522193, 172.577422, 20.000000, var=[-1.0, -1.0, -1.0]); GPS(-43.522193, 172.577423, 20.000000, var=[-1.0, -1.0, -1.0]); None; GPS(-43.522193, 172.577422, 35.000000, var=[-1.0, -1.0, -1.0]); GPS(-43.522193, 172.577422, 46.460099, var=[-1, -1, -1]); 0.13438049202901153; OFFBOARD
12:04:37:060885; [4, 4, 4, 4]4; None; GPS(-43.522193, 172.577422, 20.000000, var=[-1.0, -1.0, -1.0]); GPS(-43.522193, 172.577423, 20.000000, var=[-1.0, -1.0, -1.0]); None; GPS(-43.522193, 172.577422, 35.000000, var=[-1.0, -1.0, -1.0]); GPS(-43.522193, 172.577422, 46.457099, var=[-1, -1, -1]); 0.13438049202901153; OFFBOARD
12:04:38:062283; [6, 4, 4, 4]5; None; GPS(-43.522193, 172.577422, 20.000000, var=[-1.0, -1.0, -1.0]); GPS(-43.522193, 172.577423, 20.000000, var=[-1.0, -1.0, -1.0]); None; GPS(-43.522193, 172.577422, 35.000000, var=[-1.0, -1.0, -1.0]); GPS(-43.522193, 172.577422, 46.445099, var=[-1, -1, -1]); 0.13438049202901153; OFFBOARD
12:04:39:066280; [6, 4, 5, 4]5; None; GPS(-43.522193, 172.577422, 20.000000, var=[-1.0, -1.0, -1.0]); GPS(-43.522193, 172.577423, 20.000000, var=[-1.0, -1.0, -1.0]); None; GPS(-43.522193, 172.577422, 35.000000, var=[-1.0, -1.0, -1.0]); GPS(-43.522193, 172.577422, 46.451099, var=[-1, -1, -1]); 0.13438049202901153; OFFBOARD
12:04:40:068942; [6, 4, 5, 4]5; None; GPS(-43.522193, 172.577422, 20.000000, var=[-1.0, -1.0, -1.0]); GPS(-43.522193, 172.577423, 20.000000, var=[-1.0, -1.0, -1.0]); None; GPS(-43.522193, 172.577422, 35.000000, var=[-1.0, -1.0, -1.0]); GPS(-43.522193, 172.577422, 46.444099, var=[-1, -1, -1]); 0.13438049202901153; OFFBOARD
12:04:41:119517; [6, 4, 5, 4]5; None; GPS(-43.522193, 172.577422, 20.000000, var=[-1.0, -1.0, -1.0]); GPS(-43.522193, 172.577423, 20.000000, var=[-1.0, -1.0, -1.0]); None; GPS(-43.522193, 172.577422, 35.000000, var=[-1.0, -1.0, -1.0]); GPS(-43.522193, 172.577421, 46.441099, var=[-1, -1, -1]); 0.13438049202901153; OFFBOARD
12:04:42:061945; [6, 5, 5, 4]5; None; GPS(-43.522193, 172.577422, 20.000000, var=[-1.0, -1.0, -1.0]); GPS(-43.522193, 172.577423, 20.000000, var=[-1.0, -1.0, -1.0]); None; GPS(-43.522193, 172.577422, 35.000000, var=[-1.0, -1.0, -1.0]); GPS(-43.522193, 172.577421, 46.434099, var=[-1, -1, -1]); 0.13438049202901153; OFFBOARD
12:04:43:062224; [6, 5, 5, 5]5; None; GPS(-43.522193, 172.577422, 20.000000, var=[-1.0, -1.0, -1.0]); GPS(-43.522193, 172.577423, 20.000000, var=[-1.0, -1.0, -1.0]); None; GPS(-43.522193, 172.577422, 35.000000, var=[-1.0, -1.0, -1.0]); GPS(-43.522193, 172.577421, 46.431099, var=[-1, -1, -1]); 0.13438049202901153; OFFBOARD
12:04:44:068038; [6, 5, 5, 5]5; None; GPS(-43.522193, 172.577422, 20.000000, var=[-1.0, -1.0, -1.0]); GPS(-43.522193, 172.577423, 20.000000, var=[-1.0, -1.0, -1.0]); None; GPS(-43.522193, 172.577422, 35.000000, var=[-1.0, -1.0, -1.0]); GPS(-43.522193, 172.577421, 46.418099, var=[-1, -1, -1]); 0.13438049202901153; OFFBOARD
12:04:45:063542; [6, 5, 5, 5]5; None; GPS(-43.522193, 172.577422, 20.000000, var=[-1.0, -1.0, -1.0]); GPS(-43.522193, 172.577423, 20.000000, var=[-1.0, -1.0, -1.0]); None; GPS(-43.522193, 172.577422, 35.000000, var=[-1.0, -1.0, -1.0]); GPS(-43.522193, 172.577421, 46.417099, var=[-1, -1, -1]); 0.13438049202901153; OFFBOARD
12:04:46:075523; [6, 5, 5, 5]5; None; GPS(-43.522193, 172.577422, 20.000000, var=[-1.0, -1.0, -1.0]); GPS(-43.522193, 172.577423, 20.000000, var=[-1.0, -1.0, -1.0]); None; GPS(-43.522193, 172.577422, 35.000000, var=[-1.0, -1.0, -1.0]); GPS(-43.522193, 172.577421, 46.426099, var=[-1, -1, -1]); 0.13438049202901153; OFFBOARD
12:04:47:069399; [6, 5, 5, 5]5; None; GPS(-43.522193, 172.577422, 20.000000, var=[-1.0, -1.0, -1.0]); GPS(-43.522193, 172.577423, 20.000000, var=[-1.0, -1.0, -1.0]); None; GPS(-43.522193, 172.577422, 35.000000, var=[-1.0, -1.0, -1.0]); GPS(-43.522193, 172.577422, 46.433099, var=[-1, -1, -1]); 0.13438049202901153; OFFBOARD
12:04:48:078482; [6, 5, 5, 5]5; None; GPS(-43.522193, 172.577422, 20.000000, var=[-1.0, -1.0, -1.0]); GPS(-43.522193, 172.577423, 20.000000, var=[-1.0, -1.0, -1.0]); None; GPS(-43.522193, 172.577422, 35.000000, var=[-1.0, -1.0, -1.0]); GPS(-43.522193, 172.577422, 46.423099, var=[-1, -1, -1]); 0.13438049202901153; OFFBOARD
12:04:48:113126; [6, 5, 5, 5]5; None; GPS(-43.522193, 172.577422, 20.000000, var=[-1.0, -1.0, -1.0]); GPS(-43.522193, 172.577423, 20.000000, var=[-1.0, -1.0, -1.0]); None; GPS(-43.522193, 172.577422, 35.000000, var=[-1.0, -1.0, -1.0]); GPS(-43.522193, 172.577422, 46.423099, var=[-1, -1, -1]); 0.13438049202901153; OFFBOARD
12:04:49:061735; [6, 5, 5, 5]5; None; GPS(-43.522193, 172.577422, 20.000000, var=[-1.0, -1.0, -1.0]); GPS(-43.522193, 172.577423, 20.000000, var=[-1.0, -1.0, -1.0]); None; GPS(-43.522193, 172.577422, 35.000000, var=[-1.0, -1.0, -1.0]); GPS(-43.522193, 172.577422, 46.430099, var=[-1, -1, -1]); 0.13438049202901153; OFFBOARD
12:04:50:061843; [6, 5, 5, 5]5; None; GPS(-43.522193, 172.577422, 20.000000, var=[-1.0, -1.0, -1.0]); GPS(-43.522193, 172.577423, 20.000000, var=[-1.0, -1.0, -1.0]); None; GPS(-43.522193, 172.577422, 35.000000, var=[-1.0, -1.0, -1.0]); GPS(-43.522193, 172.577422, 46.444099, var=[-1, -1, -1]); 0.13438049202901153; OFFBOARD
12:04:51:060506; [6, 5, 5, 5]5; None; GPS(-43.522193, 172.577422, 20.000000, var=[-1.0, -1.0, -1.0]); GPS(-43.522193, 172.577423, 20.000000, var=[-1.0, -1.0, -1.0]); None; GPS(-43.522193, 172.577422, 35.000000, var=[-1.0, -1.0, -1.0]); GPS(-43.522193, 172.577422, 46.444099, var=[-1, -1, -1]); 0.13438049202901153; OFFBOARD
12:04:52:067080; [6, 5, 5, 5]5; None; GPS(-43.522193, 172.577422, 20.000000, var=[-1.0, -1.0, -1.0]); GPS(-43.522193, 172.577423, 20.000000, var=[-1.0, -1.0, -1.0]); None; GPS(-43.522193, 172.577422, 35.000000, var=[-1.0, -1.0, -1.0]); GPS(-43.522194, 172.577422, 46.451099, var=[-1, -1, -1]); 0.13438049202901153; OFFBOARD
12:04:53:069867; [6, 5, 5, 5]5; None; GPS(-43.522193, 172.577422, 20.000000, var=[-1.0, -1.0, -1.0]); GPS(-43.522193, 172.577425, 20.000000, var=[-1.0, -1.0, -1.0]); None; GPS(-43.522193, 172.577422, 35.000000, var=[-1.0, -1.0, -1.0]); GPS(-43.522194, 172.577422, 46.469099, var=[-1, -1, -1]); 0.26876098405802307; OFFBOARD
12:04:54:062243; [6, 5, 5, 5]5; None; GPS(-43.522193, 172.577422, 20.000000, var=[-1.0, -1.0, -1.0]); GPS(-43.522193, 172.577425, 20.000000, var=[-1.0, -1.0, -1.0]); None; GPS(-43.522193, 172.577422, 35.000000, var=[-1.0, -1.0, -1.0]); GPS(-43.522194, 172.577422, 46.479099, var=[-1, -1, -1]); 0.26876098405802307; OFFBOARD
12:04:55:058420; [6, 5, 5, 5]5; None; GPS(-43.522193, 172.577422, 20.000000, var=[-1.0, -1.0, -1.0]); GPS(-43.522193, 172.577425, 20.000000, var=[-1.0, -1.0, -1.0]); None; GPS(-43.522193, 172.577422, 35.000000, var=[-1.0, -1.0, -1.0]); GPS(-43.522194, 172.577422, 46.474099, var=[-1, -1, -1]); 0.26876098405802307; OFFBOARD
12:04:56:065563; [6, 5, 5, 5]5; None; GPS(-43.522193, 172.577422, 20.000000, var=[-1.0, -1.0, -1.0]); GPS(-43.522193, 172.577425, 20.000000, var=[-1.0, -1.0, -1.0]); None; GPS(-43.522193, 172.577422, 35.000000, var=[-1.0, -1.0, -1.0]); GPS(-43.522194, 172.577422, 46.499099, var=[-1, -1, -1]); 0.26876098405802307; OFFBOARD
12:04:57:058387; [6, 5, 5, 5]5; None; GPS(-43.522193, 172.577422, 20.000000, var=[-1.0, -1.0, -1.0]); GPS(-43.522193, 172.577425, 20.000000, var=[-1.0, -1.0, -1.0]); None; GPS(-43.522193, 172.577422, 35.000000, var=[-1.0, -1.0, -1.0]); GPS(-43.522194, 172.577422, 46.512099, var=[-1, -1, -1]); 0.26876098405802307; OFFBOARD
12:04:58:063311; [6, 5, 5, 5]5; None; GPS(-43.522193, 172.577422, 20.000000, var=[-1.0, -1.0, -1.0]); GPS(-43.522193, 172.577425, 20.000000, var=[-1.0, -1.0, -1.0]); None; GPS(-43.522193, 172.577422, 35.000000, var=[-1.0, -1.0, -1.0]); GPS(-43.522193, 172.577422, 46.514099, var=[-1, -1, -1]); 0.26876098405802307; OFFBOARD
12:04:59:061591; [6, 5, 5, 5]5; None; GPS(-43.522193, 172.577422, 20.000000, var=[-1.0, -1.0, -1.0]); GPS(-43.522193, 172.577425, 20.000000, var=[-1.0, -1.0, -1.0]); None; GPS(-43.522193, 172.577422, 35.000000, var=[-1.0, -1.0, -1.0]); GPS(-43.522193, 172.577421, 46.517099, var=[-1, -1, -1]); 0.26876098405802307; OFFBOARD
12:05:00:062806; [6, 5, 5, 5]5; None; GPS(-43.522193, 172.577422, 20.000000, var=[-1.0, -1.0, -1.0]); GPS(-43.522193, 172.577425, 20.000000, var=[-1.0, -1.0, -1.0]); None; GPS(-43.522193, 172.577422, 35.000000, var=[-1.0, -1.0, -1.0]); GPS(-43.522193, 172.577421, 46.521099, var=[-1, -1, -1]); 0.26876098405802307; OFFBOARD
12:05:01:067409; [6, 5, 5, 5]5; None; GPS(-43.522193, 172.577422, 20.000000, var=[-1.0, -1.0, -1.0]); GPS(-43.522193, 172.577425, 20.000000, var=[-1.0, -1.0, -1.0]); None; GPS(-43.522193, 172.577422, 35.000000, var=[-1.0, -1.0, -1.0]); GPS(-43.522193, 172.577421, 46.520099, var=[-1, -1, -1]); 0.26876098405802307; OFFBOARD
12:05:02:060198; [6, 5, 5, 5]5; None; GPS(-43.522193, 172.577422, 20.000000, var=[-1.0, -1.0, -1.0]); GPS(-43.522193, 172.577425, 20.000000, var=[-1.0, -1.0, -1.0]); None; GPS(-43.522193, 172.577422, 35.000000, var=[-1.0, -1.0, -1.0]); GPS(-43.522193, 172.577421, 46.509099, var=[-1, -1, -1]); 0.26876098405802307; OFFBOARD
12:05:03:065363; [6, 5, 5, 5]5; None; GPS(-43.522193, 172.577422, 20.000000, var=[-1.0, -1.0, -1.0]); GPS(-43.522193, 172.577425, 20.000000, var=[-1.0, -1.0, -1.0]); None; GPS(-43.522193, 172.577422, 35.000000, var=[-1.0, -1.0, -1.0]); GPS(-43.522193, 172.577421, 46.509099, var=[-1, -1, -1]); 0.26876098405802307; OFFBOARD
12:05:04:062787; [6, 5, 5, 5]5; None; GPS(-43.522193, 172.577422, 20.000000, var=[-1.0, -1.0, -1.0]); GPS(-43.522193, 172.577425, 20.000000, var=[-1.0, -1.0, -1.0]); None; GPS(-43.522193, 172.577422, 35.000000, var=[-1.0, -1.0, -1.0]); GPS(-43.522193, 172.577421, 46.518099, var=[-1, -1, -1]); 0.26876098405802307; OFFBOARD
12:05:05:066973; [6, 5, 5, 5]5; None; GPS(-43.522193, 172.577422, 20.000000, var=[-1.0, -1.0, -1.0]); GPS(-43.522193, 172.577425, 20.000000, var=[-1.0, -1.0, -1.0]); None; GPS(-43.522193, 172.577422, 35.000000, var=[-1.0, -1.0, -1.0]); GPS(-43.522193, 172.577422, 46.517099, var=[-1, -1, -1]); 0.26876098405802307; OFFBOARD
12:05:06:063680; [6, 5, 5, 5]5; None; GPS(-43.522193, 172.577422, 20.000000, var=[-1.0, -1.0, -1.0]); GPS(-43.522193, 172.577425, 20.000000, var=[-1.0, -1.0, -1.0]); None; GPS(-43.522193, 172.577422, 35.000000, var=[-1.0, -1.0, -1.0]); GPS(-43.522193, 172.577422, 46.515099, var=[-1, -1, -1]); 0.26876098405802307; OFFBOARD
12:05:07:077009; [6, 5, 5, 5]5; None; GPS(-43.522193, 172.577422, 20.000000, var=[-1.0, -1.0, -1.0]); GPS(-43.522193, 172.577425, 20.000000, var=[-1.0, -1.0, -1.0]); None; GPS(-43.522193, 172.577422, 35.000000, var=[-1.0, -1.0, -1.0]); GPS(-43.522193, 172.577422, 46.505099, var=[-1, -1, -1]); 0.26876098405802307; OFFBOARD
12:05:08:074087; [6, 5, 5, 5]5; None; GPS(-43.522193, 172.577422, 20.000000, var=[-1.0, -1.0, -1.0]); GPS(-43.522193, 172.577425, 20.000000, var=[-1.0, -1.0, -1.0]); None; GPS(-43.522193, 172.577422, 35.000000, var=[-1.0, -1.0, -1.0]); GPS(-43.522193, 172.577422, 46.491099, var=[-1, -1, -1]); 0.26876098405802307; OFFBOARD
12:05:09:072236; [6, 5, 5, 5]5; None; GPS(-43.522193, 172.577422, 20.000000, var=[-1.0, -1.0, -1.0]); GPS(-43.522193, 172.577425, 20.000000, var=[-1.0, -1.0, -1.0]); None; GPS(-43.522193, 172.577422, 35.000000, var=[-1.0, -1.0, -1.0]); GPS(-43.522193, 172.577422, 46.479099, var=[-1, -1, -1]); 0.26876098405802307; OFFBOARD
12:05:10:060679; [6, 5, 5, 5]5; None; GPS(-43.522193, 172.577422, 20.000000, var=[-1.0, -1.0, -1.0]); GPS(-43.522193, 172.577425, 20.000000, var=[-1.0, -1.0, -1.0]); None; GPS(-43.522193, 172.577422, 35.000000, var=[-1.0, -1.0, -1.0]); GPS(-43.522193, 172.577422, 46.473099, var=[-1, -1, -1]); 0.26876098405802307; OFFBOARD
12:05:11:061434; [6, 5, 5, 5]5; None; GPS(-43.522193, 172.577422, 20.000000, var=[-1.0, -1.0, -1.0]); GPS(-43.522193, 172.577425, 20.000000, var=[-1.0, -1.0, -1.0]); None; GPS(-43.522193, 172.577422, 35.000000, var=[-1.0, -1.0, -1.0]); GPS(-43.522193, 172.577422, 46.465099, var=[-1, -1, -1]); 0.26876098405802307; OFFBOARD
12:05:12:067903; [6, 5, 5, 5]5; None; GPS(-43.522193, 172.577422, 20.000000, var=[-1.0, -1.0, -1.0]); GPS(-43.522193, 172.577425, 20.000000, var=[-1.0, -1.0, -1.0]); None; GPS(-43.522193, 172.577422, 35.000000, var=[-1.0, -1.0, -1.0]); GPS(-43.522193, 172.577422, 46.437099, var=[-1, -1, -1]); 0.26876098405802307; OFFBOARD
12:05:13:074663; [6, 5, 5, 5]5; None; GPS(-43.522193, 172.577422, 20.000000, var=[-1.0, -1.0, -1.0]); GPS(-43.522193, 172.577425, 20.000000, var=[-1.0, -1.0, -1.0]); None; GPS(-43.522193, 172.577422, 35.000000, var=[-1.0, -1.0, -1.0]); GPS(-43.522193, 172.577422, 46.423100, var=[-1, -1, -1]); 0.26876098405802307; OFFBOARD
12:05:14:059416; [6, 5, 5, 5]5; None; GPS(-43.522193, 172.577422, 20.000000, var=[-1.0, -1.0, -1.0]); GPS(-43.522193, 172.577425, 20.000000, var=[-1.0, -1.0, -1.0]); None; GPS(-43.522193, 172.577422, 35.000000, var=[-1.0, -1.0, -1.0]); GPS(-43.522193, 172.577422, 46.408100, var=[-1, -1, -1]); 0.26876098405802307; OFFBOARD
12:05:15:061507; [6, 5, 5, 5]5; None; GPS(-43.522193, 172.577422, 20.000000, var=[-1.0, -1.0, -1.0]); GPS(-43.522193, 172.577425, 20.000000, var=[-1.0, -1.0, -1.0]); None; GPS(-43.522193, 172.577422, 35.000000, var=[-1.0, -1.0, -1.0]); GPS(-43.522193, 172.577422, 46.389099, var=[-1, -1, -1]); 0.26876098405802307; OFFBOARD
12:05:16:060795; [6, 5, 5, 5]5; None; GPS(-43.522193, 172.577422, 20.000000, var=[-1.0, -1.0, -1.0]); GPS(-43.522193, 172.577425, 20.000000, var=[-1.0, -1.0, -1.0]); None; GPS(-43.522193, 172.577422, 35.000000, var=[-1.0, -1.0, -1.0]); GPS(-43.522193, 172.577422, 46.384100, var=[-1, -1, -1]); 0.26876098405802307; OFFBOARD
12:05:16:065833; [6, 5, 5, 5]5; None; GPS(-43.522193, 172.577422, 20.000000, var=[-1.0, -1.0, -1.0]); GPS(-43.522193, 172.577425, 20.000000, var=[-1.0, -1.0, -1.0]); None; GPS(-43.522193, 172.577422, 35.000000, var=[-1.0, -1.0, -1.0]); GPS(-43.522193, 172.577422, 46.384100, var=[-1, -1, -1]); 0.26876098405802307; OFFBOARD
12:05:17:065326; [6, 5, 5, 5]5; None; GPS(-43.522193, 172.577422, 20.000000, var=[-1.0, -1.0, -1.0]); GPS(-43.522193, 172.577425, 20.000000, var=[-1.0, -1.0, -1.0]); None; GPS(-43.522193, 172.577422, 35.000000, var=[-1.0, -1.0, -1.0]); GPS(-43.522193, 172.577422, 46.377100, var=[-1, -1, -1]); 0.26876098405802307; OFFBOARD
12:05:18:065954; [6, 5, 5, 5]5; None; GPS(-43.522193, 172.577422, 20.000000, var=[-1.0, -1.0, -1.0]); GPS(-43.522193, 172.577425, 20.000000, var=[-1.0, -1.0, -1.0]); None; GPS(-43.522193, 172.577422, 35.000000, var=[-1.0, -1.0, -1.0]); GPS(-43.522193, 172.577422, 46.369100, var=[-1, -1, -1]); 0.26876098405802307; OFFBOARD
12:05:19:078091; [6, 5, 5, 5]5; None; GPS(-43.522193, 172.577422, 20.000000, var=[-1.0, -1.0, -1.0]); GPS(-43.522193, 172.577425, 20.000000, var=[-1.0, -1.0, -1.0]); None; GPS(-43.522193, 172.577422, 35.000000, var=[-1.0, -1.0, -1.0]); GPS(-43.522193, 172.577422, 46.364100, var=[-1, -1, -1]); 0.26876098405802307; OFFBOARD
12:05:19:112921; [6, 5, 5, 5]5; None; GPS(-43.522193, 172.577422, 20.000000, var=[-1.0, -1.0, -1.0]); GPS(-43.522193, 172.577425, 20.000000, var=[-1.0, -1.0, -1.0]); None; GPS(-43.522193, 172.577422, 35.000000, var=[-1.0, -1.0, -1.0]); GPS(-43.522193, 172.577422, 46.364100, var=[-1, -1, -1]); 0.26876098405802307; OFFBOARD
12:05:20:067291; [6, 5, 5, 5]5; None; GPS(-43.522193, 172.577422, 20.000000, var=[-1.0, -1.0, -1.0]); GPS(-43.522193, 172.577425, 20.000000, var=[-1.0, -1.0, -1.0]); None; GPS(-43.522193, 172.577422, 35.000000, var=[-1.0, -1.0, -1.0]); GPS(-43.522193, 172.577422, 46.344099, var=[-1, -1, -1]); 0.26876098405802307; OFFBOARD
12:05:21:071756; [6, 5, 5, 5]5; None; GPS(-43.522193, 172.577422, 20.000000, var=[-1.0, -1.0, -1.0]); GPS(-43.522193, 172.577425, 20.000000, var=[-1.0, -1.0, -1.0]); None; GPS(-43.522193, 172.577422, 35.000000, var=[-1.0, -1.0, -1.0]); GPS(-43.522193, 172.577422, 46.329099, var=[-1, -1, -1]); 0.26876098405802307; OFFBOARD
12:05:22:066883; [6, 5, 5, 5]5; None; GPS(-43.522193, 172.577422, 20.000000, var=[-1.0, -1.0, -1.0]); GPS(-43.522193, 172.577425, 20.000000, var=[-1.0, -1.0, -1.0]); None; GPS(-43.522193, 172.577422, 35.000000, var=[-1.0, -1.0, -1.0]); GPS(-43.522193, 172.577422, 46.328099, var=[-1, -1, -1]); 0.26876098405802307; OFFBOARD
12:05:23:104711; [6, 5, 5, 5]5; None; GPS(-43.522193, 172.577422, 20.000000, var=[-1.0, -1.0, -1.0]); GPS(-43.522193, 172.577425, 20.000000, var=[-1.0, -1.0, -1.0]); None; GPS(-43.522193, 172.577422, 35.000000, var=[-1.0, -1.0, -1.0]); GPS(-43.522193, 172.577422, 46.316099, var=[-1, -1, -1]); 0.26876098405802307; OFFBOARD
12:05:24:069246; [6, 5, 5, 5]5; None; GPS(-43.522193, 172.577422, 20.000000, var=[-1.0, -1.0, -1.0]); GPS(-43.522193, 172.577425, 20.000000, var=[-1.0, -1.0, -1.0]); None; GPS(-43.522193, 172.577422, 35.000000, var=[-1.0, -1.0, -1.0]); GPS(-43.522193, 172.577422, 46.311099, var=[-1, -1, -1]); 0.26876098405802307; OFFBOARD
12:05:25:060815; [6, 5, 5, 5]5; None; GPS(-43.522193, 172.577422, 20.000000, var=[-1.0, -1.0, -1.0]); GPS(-43.522193, 172.577425, 20.000000, var=[-1.0, -1.0, -1.0]); None; GPS(-43.522193, 172.577422, 35.000000, var=[-1.0, -1.0, -1.0]); GPS(-43.522193, 172.577422, 46.322099, var=[-1, -1, -1]); 0.26876098405802307; OFFBOARD
12:05:26:059991; [6, 5, 5, 5]5; None; GPS(-43.522193, 172.577422, 20.000000, var=[-1.0, -1.0, -1.0]); GPS(-43.522193, 172.577425, 20.000000, var=[-1.0, -1.0, -1.0]); None; GPS(-43.522193, 172.577422, 35.000000, var=[-1.0, -1.0, -1.0]); GPS(-43.522193, 172.577422, 46.326099, var=[-1, -1, -1]); 0.26876098405802307; OFFBOARD
12:05:27:062822; [6, 5, 5, 5]5; None; GPS(-43.522193, 172.577422, 20.000000, var=[-1.0, -1.0, -1.0]); GPS(-43.522193, 172.577425, 20.000000, var=[-1.0, -1.0, -1.0]); None; GPS(-43.522193, 172.577422, 35.000000, var=[-1.0, -1.0, -1.0]); GPS(-43.522194, 172.577422, 46.316099, var=[-1, -1, -1]); 0.26876098405802307; OFFBOARD
12:05:28:062126; [6, 5, 5, 5]5; None; GPS(-43.522193, 172.577422, 20.000000, var=[-1.0, -1.0, -1.0]); GPS(-43.522192, 172.577425, 20.000000, var=[-1.0, -1.0, -1.0]); None; GPS(-43.522193, 172.577422, 35.000000, var=[-1.0, -1.0, -1.0]); GPS(-43.522194, 172.577422, 46.310098, var=[-1, -1, -1]); 0.32646252304640233; OFFBOARD
12:05:29:096888; [6, 5, 5, 5]5; None; GPS(-43.522193, 172.577422, 20.000000, var=[-1.0, -1.0, -1.0]); GPS(-43.522192, 172.577425, 20.000000, var=[-1.0, -1.0, -1.0]); None; GPS(-43.522193, 172.577422, 35.000000, var=[-1.0, -1.0, -1.0]); GPS(-43.522194, 172.577422, 46.326099, var=[-1, -1, -1]); 0.32646252304640233; OFFBOARD
12:05:30:058401; [6, 5, 5, 5]5; None; GPS(-43.522193, 172.577422, 20.000000, var=[-1.0, -1.0, -1.0]); GPS(-43.522192, 172.577425, 20.000000, var=[-1.0, -1.0, -1.0]); None; GPS(-43.522193, 172.577422, 35.000000, var=[-1.0, -1.0, -1.0]); GPS(-43.522193, 172.577422, 46.323099, var=[-1, -1, -1]); 0.32646252304640233; OFFBOARD
12:05:31:075829; [6, 5, 5, 5]5; None; GPS(-43.522193, 172.577422, 20.000000, var=[-1.0, -1.0, -1.0]); GPS(-43.522192, 172.577425, 20.000000, var=[-1.0, -1.0, -1.0]); None; GPS(-43.522193, 172.577422, 35.000000, var=[-1.0, -1.0, -1.0]); GPS(-43.522193, 172.577422, 46.330099, var=[-1, -1, -1]); 0.32646252304640233; OFFBOARD
12:05:32:058574; [6, 5, 5, 5]5; None; GPS(-43.522193, 172.577422, 20.000000, var=[-1.0, -1.0, -1.0]); GPS(-43.522192, 172.577425, 20.000000, var=[-1.0, -1.0, -1.0]); None; GPS(-43.522193, 172.577422, 35.000000, var=[-1.0, -1.0, -1.0]); GPS(-43.522193, 172.577422, 46.356099, var=[-1, -1, -1]); 0.32646252304640233; OFFBOARD
12:05:33:064726; [6, 5, 5, 5]5; None; GPS(-43.522193, 172.577422, 20.000000, var=[-1.0, -1.0, -1.0]); GPS(-43.522192, 172.577425, 20.000000, var=[-1.0, -1.0, -1.0]); None; GPS(-43.522193, 172.577422, 35.000000, var=[-1.0, -1.0, -1.0]); GPS(-43.522193, 172.577422, 46.367099, var=[-1, -1, -1]); 0.32646252304640233; OFFBOARD
12:05:34:056749; [6, 5, 5, 5]5; None; GPS(-43.522193, 172.577422, 20.000000, var=[-1.0, -1.0, -1.0]); GPS(-43.522192, 172.577425, 20.000000, var=[-1.0, -1.0, -1.0]); None; GPS(-43.522193, 172.577422, 35.000000, var=[-1.0, -1.0, -1.0]); GPS(-43.522193, 172.577422, 46.374099, var=[-1, -1, -1]); 0.32646252304640233; OFFBOARD
12:05:35:062405; [6, 5, 5, 5]5; None; GPS(-43.522193, 172.577422, 20.000000, var=[-1.0, -1.0, -1.0]); GPS(-43.522192, 172.577425, 20.000000, var=[-1.0, -1.0, -1.0]); None; GPS(-43.522193, 172.577422, 35.000000, var=[-1.0, -1.0, -1.0]); GPS(-43.522193, 172.577422, 46.396099, var=[-1, -1, -1]); 0.32646252304640233; OFFBOARD
12:05:36:062647; [6, 5, 5, 5]5; None; GPS(-43.522193, 172.577422, 20.000000, var=[-1.0, -1.0, -1.0]); GPS(-43.522192, 172.577425, 20.000000, var=[-1.0, -1.0, -1.0]); None; GPS(-43.522193, 172.577422, 35.000000, var=[-1.0, -1.0, -1.0]); GPS(-43.522193, 172.577421, 46.417099, var=[-1, -1, -1]); 0.32646252304640233; OFFBOARD
12:05:37:058380; [6, 5, 5, 5]5; None; GPS(-43.522193, 172.577422, 20.000000, var=[-1.0, -1.0, -1.0]); GPS(-43.522192, 172.577425, 20.000000, var=[-1.0, -1.0, -1.0]); None; GPS(-43.522193, 172.577422, 35.000000, var=[-1.0, -1.0, -1.0]); GPS(-43.522193, 172.577421, 46.435099, var=[-1, -1, -1]); 0.32646252304640233; OFFBOARD
12:05:38:067702; [6, 5, 5, 5]5; None; GPS(-43.522193, 172.577422, 20.000000, var=[-1.0, -1.0, -1.0]); GPS(-43.522192, 172.577425, 20.000000, var=[-1.0, -1.0, -1.0]); None; GPS(-43.522193, 172.577422, 35.000000, var=[-1.0, -1.0, -1.0]); GPS(-43.522193, 172.577421, 46.445099, var=[-1, -1, -1]); 0.32646252304640233; OFFBOARD
12:05:39:074405; [6, 5, 5, 5]5; None; GPS(-43.522193, 172.577422, 20.000000, var=[-1.0, -1.0, -1.0]); GPS(-43.522192, 172.577425, 20.000000, var=[-1.0, -1.0, -1.0]); None; GPS(-43.522193, 172.577422, 35.000000, var=[-1.0, -1.0, -1.0]); GPS(-43.522193, 172.577421, 46.452099, var=[-1, -1, -1]); 0.32646252304640233; OFFBOARD
12:05:40:073859; [6, 5, 5, 5]5; None; GPS(-43.522193, 172.577422, 20.000000, var=[-1.0, -1.0, -1.0]); GPS(-43.522192, 172.577425, 20.000000, var=[-1.0, -1.0, -1.0]); None; GPS(-43.522193, 172.577422, 35.000000, var=[-1.0, -1.0, -1.0]); GPS(-43.522193, 172.577421, 46.460099, var=[-1, -1, -1]); 0.32646252304640233; OFFBOARD
12:05:41:074123; [6, 5, 5, 5]5; None; GPS(-43.522193, 172.577422, 20.000000, var=[-1.0, -1.0, -1.0]); GPS(-43.522192, 172.577425, 20.000000, var=[-1.0, -1.0, -1.0]); None; GPS(-43.522193, 172.577422, 35.000000, var=[-1.0, -1.0, -1.0]); GPS(-43.522193, 172.577421, 46.464099, var=[-1, -1, -1]); 0.32646252304640233; OFFBOARD
12:05:42:069621; [6, 5, 5, 5]5; None; GPS(-43.522193, 172.577422, 20.000000, var=[-1.0, -1.0, -1.0]); GPS(-43.522192, 172.577425, 20.000000, var=[-1.0, -1.0, -1.0]); None; GPS(-43.522193, 172.577422, 35.000000, var=[-1.0, -1.0, -1.0]); GPS(-43.522193, 172.577421, 46.463099, var=[-1, -1, -1]); 0.32646252304640233; OFFBOARD
12:05:43:061033; [6, 5, 5, 5]5; None; GPS(-43.522193, 172.577422, 20.000000, var=[-1.0, -1.0, -1.0]); GPS(-43.522192, 172.577425, 20.000000, var=[-1.0, -1.0, -1.0]); None; GPS(-43.522193, 172.577422, 35.000000, var=[-1.0, -1.0, -1.0]); GPS(-43.522193, 172.577421, 46.460099, var=[-1, -1, -1]); 0.32646252304640233; OFFBOARD
12:05:43:154241; [6, 5, 5, 5]5; None; GPS(-43.522193, 172.577422, 20.000000, var=[-1.0, -1.0, -1.0]); GPS(-43.522192, 172.577425, 20.000000, var=[-1.0, -1.0, -1.0]); None; GPS(-43.522193, 172.577422, 35.000000, var=[-1.0, -1.0, -1.0]); GPS(-43.522193, 172.577421, 46.459099, var=[-1, -1, -1]); 0.32646252304640233; OFFBOARD
12:05:44:073684; [6, 5, 5, 5]5; None; GPS(-43.522193, 172.577422, 20.000000, var=[-1.0, -1.0, -1.0]); GPS(-43.522192, 172.577425, 20.000000, var=[-1.0, -1.0, -1.0]); None; GPS(-43.522193, 172.577422, 35.000000, var=[-1.0, -1.0, -1.0]); GPS(-43.522193, 172.577421, 46.429099, var=[-1, -1, -1]); 0.32646252304640233; OFFBOARD
12:05:45:097982; [6, 5, 5, 5]5; None; GPS(-43.522193, 172.577422, 20.000000, var=[-1.0, -1.0, -1.0]); GPS(-43.522192, 172.577425, 20.000000, var=[-1.0, -1.0, -1.0]); None; GPS(-43.522193, 172.577422, 35.000000, var=[-1.0, -1.0, -1.0]); GPS(-43.522193, 172.577421, 46.398099, var=[-1, -1, -1]); 0.32646252304640233; OFFBOARD
12:05:46:061276; [6, 5, 5, 5]5; None; GPS(-43.522193, 172.577422, 20.000000, var=[-1.0, -1.0, -1.0]); GPS(-43.522192, 172.577425, 20.000000, var=[-1.0, -1.0, -1.0]); None; GPS(-43.522193, 172.577422, 35.000000, var=[-1.0, -1.0, -1.0]); GPS(-43.522193, 172.577421, 46.378099, var=[-1, -1, -1]); 0.32646252304640233; OFFBOARD
12:05:47:068107; [6, 5, 5, 5]5; None; GPS(-43.522193, 172.577422, 20.000000, var=[-1.0, -1.0, -1.0]); GPS(-43.522192, 172.577425, 20.000000, var=[-1.0, -1.0, -1.0]); None; GPS(-43.522193, 172.577422, 35.000000, var=[-1.0, -1.0, -1.0]); GPS(-43.522193, 172.577421, 46.353099, var=[-1, -1, -1]); 0.32646252304640233; OFFBOARD
12:05:48:069185; [6, 5, 5, 5]5; None; GPS(-43.522193, 172.577422, 20.000000, var=[-1.0, -1.0, -1.0]); GPS(-43.522192, 172.577425, 20.000000, var=[-1.0, -1.0, -1.0]); None; GPS(-43.522193, 172.577422, 35.000000, var=[-1.0, -1.0, -1.0]); GPS(-43.522193, 172.577421, 46.354099, var=[-1, -1, -1]); 0.32646252304640233; OFFBOARD
12:05:49:066775; [6, 5, 5, 5]5; None; GPS(-43.522193, 172.577422, 20.000000, var=[-1.0, -1.0, -1.0]); GPS(-43.522192, 172.577425, 20.000000, var=[-1.0, -1.0, -1.0]); None; GPS(-43.522193, 172.577422, 35.000000, var=[-1.0, -1.0, -1.0]); GPS(-43.522194, 172.577421, 46.333098, var=[-1, -1, -1]); 0.32646252304640233; OFFBOARD
12:05:50:062154; [6, 5, 5, 5]5; None; GPS(-43.522193, 172.577422, 20.000000, var=[-1.0, -1.0, -1.0]); GPS(-43.522192, 172.577425, 20.000000, var=[-1.0, -1.0, -1.0]); None; GPS(-43.522193, 172.577422, 35.000000, var=[-1.0, -1.0, -1.0]); GPS(-43.522194, 172.577421, 46.302098, var=[-1, -1, -1]); 0.32646252304640233; OFFBOARD
12:05:51:060381; [6, 5, 5, 5]5; None; GPS(-43.522193, 172.577422, 20.000000, var=[-1.0, -1.0, -1.0]); GPS(-43.522192, 172.577425, 20.000000, var=[-1.0, -1.0, -1.0]); None; GPS(-43.522193, 172.577422, 35.000000, var=[-1.0, -1.0, -1.0]); GPS(-43.522194, 172.577421, 46.301098, var=[-1, -1, -1]); 0.32646252304640233; OFFBOARD
12:05:52:064904; [6, 5, 5, 5]5; None; GPS(-43.522193, 172.577422, 20.000000, var=[-1.0, -1.0, -1.0]); GPS(-43.522192, 172.577425, 20.000000, var=[-1.0, -1.0, -1.0]); None; GPS(-43.522193, 172.577422, 35.000000, var=[-1.0, -1.0, -1.0]); GPS(-43.522193, 172.577421, 46.288099, var=[-1, -1, -1]); 0.32646252304640233; OFFBOARD
12:05:53:085083; [6, 5, 5, 5]5; None; GPS(-43.522193, 172.577422, 20.000000, var=[-1.0, -1.0, -1.0]); GPS(-43.522192, 172.577425, 20.000000, var=[-1.0, -1.0, -1.0]); None; GPS(-43.522193, 172.577422, 35.000000, var=[-1.0, -1.0, -1.0]); GPS(-43.522193, 172.577421, 46.301099, var=[-1, -1, -1]); 0.32646252304640233; OFFBOARD
12:05:54:074982; [6, 5, 5, 5]5; None; GPS(-43.522193, 172.577422, 20.000000, var=[-1.0, -1.0, -1.0]); GPS(-43.522192, 172.577425, 20.000000, var=[-1.0, -1.0, -1.0]); None; GPS(-43.522193, 172.577422, 35.000000, var=[-1.0, -1.0, -1.0]); GPS(-43.522193, 172.577421, 46.304099, var=[-1, -1, -1]); 0.32646252304640233; OFFBOARD
12:05:55:066144; [6, 5, 5, 5]5; None; GPS(-43.522193, 172.577422, 20.000000, var=[-1.0, -1.0, -1.0]); GPS(-43.522192, 172.577425, 20.000000, var=[-1.0, -1.0, -1.0]); None; GPS(-43.522193, 172.577422, 35.000000, var=[-1.0, -1.0, -1.0]); GPS(-43.522193, 172.577422, 46.295099, var=[-1, -1, -1]); 0.32646252304640233; OFFBOARD
12:05:56:061229; [6, 5, 5, 5]5; None; GPS(-43.522193, 172.577422, 20.000000, var=[-1.0, -1.0, -1.0]); GPS(-43.522192, 172.577425, 20.000000, var=[-1.0, -1.0, -1.0]); None; GPS(-43.522193, 172.577422, 35.000000, var=[-1.0, -1.0, -1.0]); GPS(-43.522193, 172.577421, 46.306099, var=[-1, -1, -1]); 0.32646252304640233; OFFBOARD
12:05:57:060330; [6, 5, 5, 5]5; None; GPS(-43.522193, 172.577422, 20.000000, var=[-1.0, -1.0, -1.0]); GPS(-43.522192, 172.577425, 20.000000, var=[-1.0, -1.0, -1.0]); None; GPS(-43.522193, 172.577422, 35.000000, var=[-1.0, -1.0, -1.0]); GPS(-43.522193, 172.577421, 46.306099, var=[-1, -1, -1]); 0.32646252304640233; OFFBOARD
STOP: 09/21/2021 12:05:57:699426
