START: 09/16/2021 21:39:07:366231
TIME,            RX_ID,          STATE,          TIMESTAMP,          SEQ_NO,          RX_COORDS,          RANGE_READING,          TARGET_COORDS,          
21:39:08:246818, 1, 1, 1631785148.2149522, 81, GPS(-43.520555, 172.582938, 11.605898, var=[1.0, 1.0, 1.0]), 30.026429693921074, GPS(-43.520512, 172.583040, 0.000000, var=[-1.0, -1.0, -1.0])
21:39:08:249032, 4, 1, 1631785148.2157652, 81, GPS(-43.520644, 172.583061, 11.584781, var=[1.0, 1.0, 1.0]), 33.83328234117005, GPS(-43.520512, 172.583040, 0.000000, var=[-1.0, -1.0, -1.0])
21:39:08:250121, 2, 1, 1631785148.215284, 81, GPS(-43.520555, 172.583061, 11.613924, var=[1.0, 1.0, 1.0]), 27.688384264887837, GPS(-43.520512, 172.583040, 0.000000, var=[-1.0, -1.0, -1.0])
21:39:08:318708, 1, 1, 1631785148.3152232, 82, GPS(-43.520555, 172.582938, 11.607898, var=[1.0, 1.0, 1.0]), 30.027974478917685, GPS(-43.520512, 172.583040, 0.000000, var=[-1.0, -1.0, -1.0])
21:39:08:319893, 4, 1, 1631785148.3152475, 82, GPS(-43.520644, 172.583061, 11.586781, var=[1.0, 1.0, 1.0]), 33.83451265279312, GPS(-43.520512, 172.583040, 0.000000, var=[-1.0, -1.0, -1.0])
21:39:08:321262, 2, 1, 1631785148.315227, 82, GPS(-43.520555, 172.583061, 11.615924, var=[1.0, 1.0, 1.0]), 27.690214929206455, GPS(-43.520512, 172.583040, 0.000000, var=[-1.0, -1.0, -1.0])
21:39:09:318945, 4, 1, 1631785149.315759, 83, GPS(-43.520644, 172.583061, 11.677781, var=[1.0, 1.0, 1.0]), 34.69477175459958, GPS(-43.520505, 172.583025, 0.000000, var=[-1.0, -1.0, -1.0])
21:39:09:320164, 3, 1, 1631785149.316454, 82, GPS(-43.520643, 172.582936, 11.598757, var=[1.0, 1.0, 1.0]), 35.533131286430844, GPS(-43.520505, 172.583025, 0.000000, var=[-1.0, -1.0, -1.0])
21:39:09:323457, 2, 1, 1631785149.315778, 83, GPS(-43.520555, 172.583061, 11.706924, var=[1.0, 1.0, 1.0]), 28.357386104438923, GPS(-43.520505, 172.583025, 0.000000, var=[-1.0, -1.0, -1.0])
21:39:09:324357, 1, 1, 1631785149.3160334, 83, GPS(-43.520555, 172.582938, 11.709898, var=[1.0, 1.0, 1.0]), 29.814417922156547, GPS(-43.520505, 172.583025, 0.000000, var=[-1.0, -1.0, -1.0])
21:39:09:422343, 2, 1, 1631785149.417845, 83, GPS(-43.520555, 172.583061, 11.772924, var=[1.0, 1.0, 1.0]), 29.076374272076734, GPS(-43.520505, 172.583025, 0.000000, var=[-1.0, -1.0, -1.0])
21:39:09:423753, 3, 1, 1631785149.4178529, 83, GPS(-43.520643, 172.582936, 11.602757, var=[1.0, 1.0, 1.0]), 36.263134285148965, GPS(-43.520505, 172.583025, 0.000000, var=[-1.0, -1.0, -1.0])
21:39:09:431619, 1, 1, 1631785149.4178386, 83, GPS(-43.520555, 172.582938, 11.774898, var=[1.0, 1.0, 1.0]), 30.531095311150704, GPS(-43.520505, 172.583025, 0.000000, var=[-1.0, -1.0, -1.0])
STOP: 09/16/2021 21:39:09:434108
