START: 09/15/2021 09:39:39:736877
TIME,            RX_ID,          STATE,          TIMESTAMP,          SEQ_NO,          RX_COORDS,          RANGE_READING,          TARGET_COORDS,          
09:39:40:390878, 1, 1, 1631655580.3667285, 0, GPS(-43.520555, 172.582938, 11.505899, var=[1.0, 1.0, 1.0]), 45.234689711219175, GPS(-43.520627, 172.583270, 0.000000, var=[-1.0, -1.0, -1.0])
09:39:40:392846, 2, 1, 1631655580.3903253, 0, GPS(-43.520555, 172.583062, 11.464924, var=[1.0, 1.0, 1.0]), 36.836786935548574, GPS(-43.520627, 172.583270, 0.000000, var=[-1.0, -1.0, -1.0])
09:39:40:411098, 4, 1, 1631655580.4082294, 0, GPS(-43.520645, 172.583062, 11.490781, var=[1.0, 1.0, 1.0]), 35.42973483363539, GPS(-43.520627, 172.583270, 0.000000, var=[-1.0, -1.0, -1.0])
09:39:41:369348, 1, 1, 1631655581.3670936, 1, GPS(-43.520555, 172.582938, 11.504899, var=[1.0, 1.0, 1.0]), 45.23430917247, GPS(-43.520627, 172.583270, 0.000000, var=[-1.0, -1.0, -1.0])
09:39:41:392695, 2, 1, 1631655581.3906043, 1, GPS(-43.520555, 172.583062, 11.469925, var=[1.0, 1.0, 1.0]), 36.84348374381382, GPS(-43.520627, 172.583270, 0.000000, var=[-1.0, -1.0, -1.0])
09:39:41:411319, 4, 1, 1631655581.4084837, 1, GPS(-43.520645, 172.583062, 11.494781, var=[1.0, 1.0, 1.0]), 35.4319849162842, GPS(-43.520627, 172.583270, 0.000000, var=[-1.0, -1.0, -1.0])
09:39:42:372298, 1, 1, 1631655582.3689518, 2, GPS(-43.520555, 172.582938, 11.932899, var=[1.0, 1.0, 1.0]), 45.38136002844661, GPS(-43.520627, 172.583270, 0.000000, var=[-1.0, -1.0, -1.0])
09:39:42:395093, 2, 1, 1631655582.3908432, 2, GPS(-43.520555, 172.583062, 11.876925, var=[1.0, 1.0, 1.0]), 37.03748950781528, GPS(-43.520627, 172.583270, 0.000000, var=[-1.0, -1.0, -1.0])
09:39:42:413505, 4, 1, 1631655582.4104068, 2, GPS(-43.520645, 172.583062, 11.906781, var=[1.0, 1.0, 1.0]), 35.65567660505758, GPS(-43.520627, 172.583270, 0.000000, var=[-1.0, -1.0, -1.0])
09:39:43:375743, 1, 1, 1631655583.370921, 3, GPS(-43.520555, 172.582938, 13.969899, var=[1.0, 1.0, 1.0]), 46.25026748451796, GPS(-43.520627, 172.583270, 0.000000, var=[-1.0, -1.0, -1.0])
09:39:43:395048, 2, 1, 1631655583.3908458, 3, GPS(-43.520555, 172.583062, 13.924925, var=[1.0, 1.0, 1.0]), 38.193813973370396, GPS(-43.520627, 172.583270, 0.000000, var=[-1.0, -1.0, -1.0])
09:39:43:415528, 4, 1, 1631655583.4124873, 3, GPS(-43.520645, 172.583063, 13.980781, var=[1.0, 1.0, 1.0]), 36.89835125591821, GPS(-43.520627, 172.583270, 0.000000, var=[-1.0, -1.0, -1.0])
09:39:44:375597, 1, 1, 1631655584.3713267, 4, GPS(-43.520554, 172.582938, 16.458899, var=[1.0, 1.0, 1.0]), 47.4515916267833, GPS(-43.520627, 172.583270, 0.000000, var=[-1.0, -1.0, -1.0])
09:39:44:395012, 2, 1, 1631655584.391321, 4, GPS(-43.520555, 172.583062, 16.418924, var=[1.0, 1.0, 1.0]), 39.77888399373756, GPS(-43.520627, 172.583270, 0.000000, var=[-1.0, -1.0, -1.0])
09:39:44:418660, 4, 1, 1631655584.4141154, 4, GPS(-43.520645, 172.583062, 16.474781, var=[1.0, 1.0, 1.0]), 38.573684853242575, GPS(-43.520627, 172.583270, 0.000000, var=[-1.0, -1.0, -1.0])
09:39:45:377506, 1, 1, 1631655585.3726509, 5, GPS(-43.520555, 172.582938, 19.164899, var=[1.0, 1.0, 1.0]), 48.89269087448293, GPS(-43.520627, 172.583270, 0.000000, var=[-1.0, -1.0, -1.0])
09:39:45:397893, 2, 1, 1631655585.3929353, 5, GPS(-43.520555, 172.583062, 19.163924, var=[1.0, 1.0, 1.0]), 41.695632075475146, GPS(-43.520627, 172.583270, 0.000000, var=[-1.0, -1.0, -1.0])
09:39:45:418842, 4, 1, 1631655585.4153254, 5, GPS(-43.520645, 172.583062, 19.167781, var=[1.0, 1.0, 1.0]), 40.56465886549907, GPS(-43.520627, 172.583270, 0.000000, var=[-1.0, -1.0, -1.0])
09:39:46:378323, 1, 1, 1631655586.3737938, 6, GPS(-43.520555, 172.582938, 20.734898, var=[1.0, 1.0, 1.0]), 49.80674042113522, GPS(-43.520627, 172.583270, 0.000000, var=[-1.0, -1.0, -1.0])
09:39:46:399719, 2, 1, 1631655586.3949864, 6, GPS(-43.520555, 172.583061, 20.727924, var=[1.0, 1.0, 1.0]), 42.86249276653601, GPS(-43.520627, 172.583270, 0.000000, var=[-1.0, -1.0, -1.0])
09:39:46:419345, 4, 1, 1631655586.416152, 6, GPS(-43.520645, 172.583062, 20.752781, var=[1.0, 1.0, 1.0]), 41.77444361172836, GPS(-43.520627, 172.583270, 0.000000, var=[-1.0, -1.0, -1.0])
09:39:47:379242, 1, 1, 1631655587.3740628, 7, GPS(-43.520555, 172.582937, 21.173899, var=[1.0, 1.0, 1.0]), 50.09104652755766, GPS(-43.520627, 172.583270, 0.000000, var=[-1.0, -1.0, -1.0])
09:39:47:399689, 2, 1, 1631655587.3954372, 7, GPS(-43.520555, 172.583061, 21.177924, var=[1.0, 1.0, 1.0]), 43.19720182010299, GPS(-43.520627, 172.583270, 0.000000, var=[-1.0, -1.0, -1.0])
09:39:47:421278, 4, 1, 1631655587.417516, 7, GPS(-43.520645, 172.583062, 21.217780, var=[1.0, 1.0, 1.0]), 42.13728701624342, GPS(-43.520627, 172.583270, 0.000000, var=[-1.0, -1.0, -1.0])
09:39:48:378060, 1, 1, 1631655588.374281, 8, GPS(-43.520555, 172.582937, 21.465899, var=[1.0, 1.0, 1.0]), 50.2680077002489, GPS(-43.520627, 172.583270, 0.000000, var=[-1.0, -1.0, -1.0])
09:39:48:399400, 2, 1, 1631655588.3958635, 8, GPS(-43.520555, 172.583062, 21.459924, var=[1.0, 1.0, 1.0]), 43.39529807657922, GPS(-43.520627, 172.583270, 0.000000, var=[-1.0, -1.0, -1.0])
09:39:48:421063, 4, 1, 1631655588.417714, 8, GPS(-43.520645, 172.583062, 21.507781, var=[1.0, 1.0, 1.0]), 42.35390523293975, GPS(-43.520627, 172.583270, 0.000000, var=[-1.0, -1.0, -1.0])
09:39:49:380735, 1, 1, 1631655589.3762572, 9, GPS(-43.520555, 172.582937, 21.577899, var=[1.0, 1.0, 1.0]), 50.34132447868613, GPS(-43.520627, 172.583270, 0.000000, var=[-1.0, -1.0, -1.0])
09:39:49:399848, 2, 1, 1631655589.396385, 9, GPS(-43.520555, 172.583062, 21.569925, var=[1.0, 1.0, 1.0]), 43.465757608091465, GPS(-43.520627, 172.583270, 0.000000, var=[-1.0, -1.0, -1.0])
09:39:49:423942, 4, 1, 1631655589.4197853, 9, GPS(-43.520645, 172.583062, 21.621781, var=[1.0, 1.0, 1.0]), 42.44363134645013, GPS(-43.520627, 172.583270, 0.000000, var=[-1.0, -1.0, -1.0])
09:39:50:382571, 1, 1, 1631655590.3769715, 10, GPS(-43.520554, 172.582938, 21.579899, var=[1.0, 1.0, 1.0]), 50.32924651086207, GPS(-43.520627, 172.583270, 0.000000, var=[-1.0, -1.0, -1.0])
09:39:50:401829, 2, 1, 1631655590.3972821, 10, GPS(-43.520555, 172.583062, 21.583925, var=[1.0, 1.0, 1.0]), 43.47949446092345, GPS(-43.520627, 172.583270, 0.000000, var=[-1.0, -1.0, -1.0])
09:39:50:423397, 4, 1, 1631655590.4206097, 10, GPS(-43.520645, 172.583062, 21.614781, var=[1.0, 1.0, 1.0]), 42.43729738945359, GPS(-43.520627, 172.583270, 0.000000, var=[-1.0, -1.0, -1.0])
09:39:51:382415, 1, 1, 1631655591.378311, 11, GPS(-43.520555, 172.582938, 21.571899, var=[1.0, 1.0, 1.0]), 50.30960164145319, GPS(-43.520627, 172.583270, 0.000000, var=[-1.0, -1.0, -1.0])
09:39:51:401601, 2, 1, 1631655591.3979394, 11, GPS(-43.520555, 172.583062, 21.565925, var=[1.0, 1.0, 1.0]), 43.46585511547592, GPS(-43.520627, 172.583270, 0.000000, var=[-1.0, -1.0, -1.0])
09:39:51:426136, 4, 1, 1631655591.4215593, 11, GPS(-43.520645, 172.583062, 21.605781, var=[1.0, 1.0, 1.0]), 42.420346461799, GPS(-43.520627, 172.583270, 0.000000, var=[-1.0, -1.0, -1.0])
09:39:52:384549, 1, 1, 1631655592.3799887, 12, GPS(-43.520555, 172.582938, 21.548899, var=[1.0, 1.0, 1.0]), 50.28691115252608, GPS(-43.520627, 172.583270, 0.000000, var=[-1.0, -1.0, -1.0])
09:39:52:402667, 2, 1, 1631655592.3994205, 12, GPS(-43.520555, 172.583062, 21.552925, var=[1.0, 1.0, 1.0]), 43.448128427853206, GPS(-43.520627, 172.583270, 0.000000, var=[-1.0, -1.0, -1.0])
09:39:52:426118, 4, 1, 1631655592.4230514, 12, GPS(-43.520645, 172.583062, 21.584781, var=[1.0, 1.0, 1.0]), 42.404622891284234, GPS(-43.520627, 172.583270, 0.000000, var=[-1.0, -1.0, -1.0])
STOP: 09/15/2021 09:39:53:135976
