START: 09/24/2021 13:20:21:127820
TIME,            STATES_LIST;          TARGET_FILT_CART;          TARGET_FILT_GPS;          TARGET_REAL_GPS;          TX_FILT_CART;          TX_FILT_GPS;          TX_REAL_GPS;          MULTILATERATION_ERROR;          MODE;          
13:20:41:674337; [1, 1, 1, 1]4; None; GPS(-43.522207, 172.577668, 0.000000, var=[-1.0, -1.0, -1.0]); GPS(-43.522207, 172.577668, 0.000000, var=[-1.0, -1.0, -1.0]); None; GPS(-43.522207, 172.577668, 15.000000, var=[-1.0, -1.0, -1.0]); GPS(-43.522207, 172.577668, 26.550129, var=[-1, -1, -1]); 0.0; OFFBOARD
13:20:45:436153; [2, 2, 2, 2]4; None; GPS(-43.522207, 172.577668, 0.000000, var=[-1.0, -1.0, -1.0]); GPS(-43.522207, 172.577668, 0.000000, var=[-1.0, -1.0, -1.0]); None; GPS(-43.522207, 172.577668, 15.000000, var=[-1.0, -1.0, -1.0]); GPS(-43.522207, 172.577668, 26.594129, var=[-1, -1, -1]); 0.0; OFFBOARD
13:21:40:774295; [3, 3, 3, 3]4; None; GPS(-43.522207, 172.577668, 0.000000, var=[-1.0, -1.0, -1.0]); GPS(-43.522207, 172.577668, 0.000000, var=[-1.0, -1.0, -1.0]); None; GPS(-43.522207, 172.577668, 15.000000, var=[-1.0, -1.0, -1.0]); GPS(-43.522207, 172.577668, 26.451130, var=[-1, -1, -1]); 0.0; OFFBOARD
13:21:40:775255; [3, 3, 3, 3]4; None; GPS(-43.522207, 172.577668, 0.000000, var=[-1.0, -1.0, -1.0]); GPS(-43.522207, 172.577668, 0.000000, var=[-1.0, -1.0, -1.0]); None; GPS(-43.522207, 172.577668, 15.000000, var=[-1.0, -1.0, -1.0]); GPS(-43.522207, 172.577668, 26.451130, var=[-1, -1, -1]); 0.0; OFFBOARD
13:21:40:776895; [3, 3, 3, 3]4; None; GPS(-43.522207, 172.577668, 0.000000, var=[-1.0, -1.0, -1.0]); GPS(-43.522207, 172.577668, 0.000000, var=[-1.0, -1.0, -1.0]); None; GPS(-43.522207, 172.577668, 15.000000, var=[-1.0, -1.0, -1.0]); GPS(-43.522207, 172.577668, 26.451130, var=[-1, -1, -1]); 0.0; OFFBOARD
13:21:40:781979; [3, 3, 3, 3]4; None; GPS(-43.522207, 172.577668, 0.000000, var=[-1.0, -1.0, -1.0]); GPS(-43.522207, 172.577668, 0.000000, var=[-1.0, -1.0, -1.0]); None; GPS(-43.522207, 172.577668, 15.000000, var=[-1.0, -1.0, -1.0]); GPS(-43.522207, 172.577668, 26.451130, var=[-1, -1, -1]); 0.0; OFFBOARD
13:21:40:783340; [3, 3, 3, 3]4; None; GPS(-43.522207, 172.577668, 0.000000, var=[-1.0, -1.0, -1.0]); GPS(-43.522207, 172.577668, 0.000000, var=[-1.0, -1.0, -1.0]); None; GPS(-43.522207, 172.577668, 15.000000, var=[-1.0, -1.0, -1.0]); GPS(-43.522207, 172.577668, 26.451130, var=[-1, -1, -1]); 0.0; OFFBOARD
13:21:40:784703; [3, 3, 3, 3]4; None; GPS(-43.522207, 172.577668, 0.000000, var=[-1.0, -1.0, -1.0]); GPS(-43.522207, 172.577668, 0.000000, var=[-1.0, -1.0, -1.0]); None; GPS(-43.522207, 172.577668, 15.000000, var=[-1.0, -1.0, -1.0]); GPS(-43.522207, 172.577668, 26.451130, var=[-1, -1, -1]); 0.0; OFFBOARD
13:21:40:787517; [3, 3, 3, 3]4; None; GPS(-43.522207, 172.577668, 0.000000, var=[-1.0, -1.0, -1.0]); GPS(-43.522207, 172.577668, 0.000000, var=[-1.0, -1.0, -1.0]); None; GPS(-43.522207, 172.577668, 15.000000, var=[-1.0, -1.0, -1.0]); GPS(-43.522207, 172.577668, 26.451130, var=[-1, -1, -1]); 0.0; OFFBOARD
13:21:40:788708; [3, 3, 3, 3]4; None; GPS(-43.522207, 172.577668, 0.000000, var=[-1.0, -1.0, -1.0]); GPS(-43.522207, 172.577668, 0.000000, var=[-1.0, -1.0, -1.0]); None; GPS(-43.522207, 172.577668, 15.000000, var=[-1.0, -1.0, -1.0]); GPS(-43.522207, 172.577668, 26.451130, var=[-1, -1, -1]); 0.0; OFFBOARD
13:21:40:791650; [3, 3, 3, 3]4; None; GPS(-43.522207, 172.577668, 0.000000, var=[-1.0, -1.0, -1.0]); GPS(-43.522207, 172.577668, 0.000000, var=[-1.0, -1.0, -1.0]); None; GPS(-43.522207, 172.577668, 15.000000, var=[-1.0, -1.0, -1.0]); GPS(-43.522207, 172.577668, 26.451130, var=[-1, -1, -1]); 0.0; OFFBOARD
13:21:40:792663; [3, 3, 3, 5]4; None; GPS(-43.522207, 172.577668, 0.000000, var=[-1.0, -1.0, -1.0]); GPS(-43.522207, 172.577668, 0.000000, var=[-1.0, -1.0, -1.0]); None; GPS(-43.522207, 172.577668, 15.000000, var=[-1.0, -1.0, -1.0]); GPS(-43.522207, 172.577668, 26.451130, var=[-1, -1, -1]); 0.0; OFFBOARD
13:21:40:793323; [3, 3, 3, 5]4; None; GPS(-43.522207, 172.577668, 0.000000, var=[-1.0, -1.0, -1.0]); GPS(-43.522207, 172.577668, 0.000000, var=[-1.0, -1.0, -1.0]); None; GPS(-43.522207, 172.577668, 15.000000, var=[-1.0, -1.0, -1.0]); GPS(-43.522207, 172.577668, 26.451130, var=[-1, -1, -1]); 0.0; OFFBOARD
13:21:40:795175; [3, 5, 5, 5]4; None; GPS(-43.522207, 172.577668, 0.000000, var=[-1.0, -1.0, -1.0]); GPS(-43.522207, 172.577668, 0.000000, var=[-1.0, -1.0, -1.0]); None; GPS(-43.522207, 172.577668, 15.000000, var=[-1.0, -1.0, -1.0]); GPS(-43.522207, 172.577668, 26.451130, var=[-1, -1, -1]); 0.0; OFFBOARD
13:21:40:796290; [3, 5, 5, 5]4; None; GPS(-43.522207, 172.577668, 0.000000, var=[-1.0, -1.0, -1.0]); GPS(-43.522207, 172.577668, 0.000000, var=[-1.0, -1.0, -1.0]); None; GPS(-43.522207, 172.577668, 15.000000, var=[-1.0, -1.0, -1.0]); GPS(-43.522207, 172.577668, 26.451130, var=[-1, -1, -1]); 0.0; OFFBOARD
13:21:40:802414; [3, 5, 5, 5]4; None; GPS(-43.522207, 172.577668, 0.000000, var=[-1.0, -1.0, -1.0]); GPS(-43.522207, 172.577668, 0.000000, var=[-1.0, -1.0, -1.0]); None; GPS(-43.522207, 172.577668, 15.000000, var=[-1.0, -1.0, -1.0]); GPS(-43.522207, 172.577668, 26.451130, var=[-1, -1, -1]); 0.0; OFFBOARD
13:21:40:803963; [3, 5, 5, 5]4; None; GPS(-43.522207, 172.577668, 0.000000, var=[-1.0, -1.0, -1.0]); GPS(-43.522207, 172.577668, 0.000000, var=[-1.0, -1.0, -1.0]); None; GPS(-43.522207, 172.577668, 15.000000, var=[-1.0, -1.0, -1.0]); GPS(-43.522207, 172.577668, 26.451130, var=[-1, -1, -1]); 0.0; OFFBOARD
13:21:40:804995; [3, 5, 5, 5]4; None; GPS(-43.522207, 172.577668, 0.000000, var=[-1.0, -1.0, -1.0]); GPS(-43.522207, 172.577668, 0.000000, var=[-1.0, -1.0, -1.0]); None; GPS(-43.522207, 172.577668, 15.000000, var=[-1.0, -1.0, -1.0]); GPS(-43.522207, 172.577668, 26.451130, var=[-1, -1, -1]); 0.0; OFFBOARD
13:21:40:806089; [3, 5, 5, 5]4; None; GPS(-43.522207, 172.577668, 0.000000, var=[-1.0, -1.0, -1.0]); GPS(-43.522207, 172.577668, 0.000000, var=[-1.0, -1.0, -1.0]); None; GPS(-43.522207, 172.577668, 15.000000, var=[-1.0, -1.0, -1.0]); GPS(-43.522207, 172.577668, 26.451130, var=[-1, -1, -1]); 0.0; OFFBOARD
13:21:40:806747; [3, 5, 5, 5]4; None; GPS(-43.522207, 172.577668, 0.000000, var=[-1.0, -1.0, -1.0]); GPS(-43.522207, 172.577668, 0.000000, var=[-1.0, -1.0, -1.0]); None; GPS(-43.522207, 172.577668, 15.000000, var=[-1.0, -1.0, -1.0]); GPS(-43.522207, 172.577668, 26.451130, var=[-1, -1, -1]); 0.0; OFFBOARD
13:21:40:807285; [3, 5, 5, 5]4; None; GPS(-43.522207, 172.577668, 0.000000, var=[-1.0, -1.0, -1.0]); GPS(-43.522207, 172.577668, 0.000000, var=[-1.0, -1.0, -1.0]); None; GPS(-43.522207, 172.577668, 15.000000, var=[-1.0, -1.0, -1.0]); GPS(-43.522207, 172.577668, 26.451130, var=[-1, -1, -1]); 0.0; OFFBOARD
13:21:40:808171; [3, 5, 5, 5]4; None; GPS(-43.522207, 172.577668, 0.000000, var=[-1.0, -1.0, -1.0]); GPS(-43.522207, 172.577668, 0.000000, var=[-1.0, -1.0, -1.0]); None; GPS(-43.522207, 172.577668, 15.000000, var=[-1.0, -1.0, -1.0]); GPS(-43.522207, 172.577668, 26.451130, var=[-1, -1, -1]); 0.0; OFFBOARD
13:21:40:810106; [3, 5, 5, 5]4; None; GPS(-43.522207, 172.577668, 0.000000, var=[-1.0, -1.0, -1.0]); GPS(-43.522207, 172.577668, 0.000000, var=[-1.0, -1.0, -1.0]); None; GPS(-43.522207, 172.577668, 15.000000, var=[-1.0, -1.0, -1.0]); GPS(-43.522207, 172.577668, 26.451130, var=[-1, -1, -1]); 0.0; OFFBOARD
13:21:40:812328; [3, 5, 5, 5]4; None; GPS(-43.522207, 172.577668, 0.000000, var=[-1.0, -1.0, -1.0]); GPS(-43.522207, 172.577668, 0.000000, var=[-1.0, -1.0, -1.0]); None; GPS(-43.522207, 172.577668, 15.000000, var=[-1.0, -1.0, -1.0]); GPS(-43.522207, 172.577668, 26.451130, var=[-1, -1, -1]); 0.0; OFFBOARD
13:21:40:813566; [3, 5, 5, 5]4; None; GPS(-43.522207, 172.577668, 0.000000, var=[-1.0, -1.0, -1.0]); GPS(-43.522207, 172.577668, 0.000000, var=[-1.0, -1.0, -1.0]); None; GPS(-43.522207, 172.577668, 15.000000, var=[-1.0, -1.0, -1.0]); GPS(-43.522207, 172.577668, 26.451130, var=[-1, -1, -1]); 0.0; OFFBOARD
13:21:40:814354; [3, 5, 5, 5]4; None; GPS(-43.522207, 172.577668, 0.000000, var=[-1.0, -1.0, -1.0]); GPS(-43.522207, 172.577668, 0.000000, var=[-1.0, -1.0, -1.0]); None; GPS(-43.522207, 172.577668, 15.000000, var=[-1.0, -1.0, -1.0]); GPS(-43.522207, 172.577668, 26.451130, var=[-1, -1, -1]); 0.0; OFFBOARD
13:21:40:815492; [3, 5, 5, 5]4; None; GPS(-43.522207, 172.577668, 0.000000, var=[-1.0, -1.0, -1.0]); GPS(-43.522207, 172.577668, 0.000000, var=[-1.0, -1.0, -1.0]); None; GPS(-43.522207, 172.577668, 15.000000, var=[-1.0, -1.0, -1.0]); GPS(-43.522207, 172.577668, 26.451130, var=[-1, -1, -1]); 0.0; OFFBOARD
13:21:40:816015; [3, 5, 5, 5]4; None; GPS(-43.522207, 172.577668, 0.000000, var=[-1.0, -1.0, -1.0]); GPS(-43.522207, 172.577668, 0.000000, var=[-1.0, -1.0, -1.0]); None; GPS(-43.522207, 172.577668, 15.000000, var=[-1.0, -1.0, -1.0]); GPS(-43.522207, 172.577668, 26.451130, var=[-1, -1, -1]); 0.0; OFFBOARD
13:21:40:816481; [3, 5, 5, 5]4; None; GPS(-43.522207, 172.577668, 0.000000, var=[-1.0, -1.0, -1.0]); GPS(-43.522207, 172.577668, 0.000000, var=[-1.0, -1.0, -1.0]); None; GPS(-43.522207, 172.577668, 15.000000, var=[-1.0, -1.0, -1.0]); GPS(-43.522207, 172.577668, 26.451130, var=[-1, -1, -1]); 0.0; OFFBOARD
13:21:40:816932; [3, 5, 5, 5]4; None; GPS(-43.522207, 172.577668, 0.000000, var=[-1.0, -1.0, -1.0]); GPS(-43.522207, 172.577668, 0.000000, var=[-1.0, -1.0, -1.0]); None; GPS(-43.522207, 172.577668, 15.000000, var=[-1.0, -1.0, -1.0]); GPS(-43.522207, 172.577668, 26.451130, var=[-1, -1, -1]); 0.0; OFFBOARD
13:21:40:817454; [3, 5, 5, 5]4; None; GPS(-43.522207, 172.577668, 0.000000, var=[-1.0, -1.0, -1.0]); GPS(-43.522207, 172.577668, 0.000000, var=[-1.0, -1.0, -1.0]); None; GPS(-43.522207, 172.577668, 15.000000, var=[-1.0, -1.0, -1.0]); GPS(-43.522207, 172.577668, 26.451130, var=[-1, -1, -1]); 0.0; OFFBOARD
13:21:40:817930; [3, 5, 5, 5]4; None; GPS(-43.522207, 172.577668, 0.000000, var=[-1.0, -1.0, -1.0]); GPS(-43.522207, 172.577668, 0.000000, var=[-1.0, -1.0, -1.0]); None; GPS(-43.522207, 172.577668, 15.000000, var=[-1.0, -1.0, -1.0]); GPS(-43.522207, 172.577668, 26.451130, var=[-1, -1, -1]); 0.0; OFFBOARD
13:21:40:818324; [3, 5, 5, 5]4; None; GPS(-43.522207, 172.577668, 0.000000, var=[-1.0, -1.0, -1.0]); GPS(-43.522207, 172.577668, 0.000000, var=[-1.0, -1.0, -1.0]); None; GPS(-43.522207, 172.577668, 15.000000, var=[-1.0, -1.0, -1.0]); GPS(-43.522207, 172.577668, 26.451130, var=[-1, -1, -1]); 0.0; OFFBOARD
13:21:40:818688; [3, 5, 5, 5]4; None; GPS(-43.522207, 172.577668, 0.000000, var=[-1.0, -1.0, -1.0]); GPS(-43.522207, 172.577668, 0.000000, var=[-1.0, -1.0, -1.0]); None; GPS(-43.522207, 172.577668, 15.000000, var=[-1.0, -1.0, -1.0]); GPS(-43.522207, 172.577668, 26.451130, var=[-1, -1, -1]); 0.0; OFFBOARD
13:21:40:819045; [3, 5, 5, 5]4; None; GPS(-43.522207, 172.577668, 0.000000, var=[-1.0, -1.0, -1.0]); GPS(-43.522207, 172.577668, 0.000000, var=[-1.0, -1.0, -1.0]); None; GPS(-43.522207, 172.577668, 15.000000, var=[-1.0, -1.0, -1.0]); GPS(-43.522207, 172.577668, 26.451130, var=[-1, -1, -1]); 0.0; OFFBOARD
13:21:40:819366; [3, 5, 5, 5]4; None; GPS(-43.522207, 172.577668, 0.000000, var=[-1.0, -1.0, -1.0]); GPS(-43.522207, 172.577668, 0.000000, var=[-1.0, -1.0, -1.0]); None; GPS(-43.522207, 172.577668, 15.000000, var=[-1.0, -1.0, -1.0]); GPS(-43.522207, 172.577668, 26.451130, var=[-1, -1, -1]); 0.0; OFFBOARD
13:21:40:819790; [3, 5, 5, 5]4; None; GPS(-43.522207, 172.577668, 0.000000, var=[-1.0, -1.0, -1.0]); GPS(-43.522207, 172.577668, 0.000000, var=[-1.0, -1.0, -1.0]); None; GPS(-43.522207, 172.577668, 15.000000, var=[-1.0, -1.0, -1.0]); GPS(-43.522207, 172.577668, 26.451130, var=[-1, -1, -1]); 0.0; OFFBOARD
13:21:40:820318; [3, 5, 5, 5]4; None; GPS(-43.522207, 172.577668, 0.000000, var=[-1.0, -1.0, -1.0]); GPS(-43.522207, 172.577668, 0.000000, var=[-1.0, -1.0, -1.0]); None; GPS(-43.522207, 172.577668, 15.000000, var=[-1.0, -1.0, -1.0]); GPS(-43.522207, 172.577668, 26.451130, var=[-1, -1, -1]); 0.0; OFFBOARD
13:21:40:821007; [3, 5, 5, 5]4; None; GPS(-43.522207, 172.577668, 0.000000, var=[-1.0, -1.0, -1.0]); GPS(-43.522207, 172.577668, 0.000000, var=[-1.0, -1.0, -1.0]); None; GPS(-43.522207, 172.577668, 15.000000, var=[-1.0, -1.0, -1.0]); GPS(-43.522207, 172.577668, 26.451130, var=[-1, -1, -1]); 0.0; OFFBOARD
13:21:40:822615; [3, 5, 5, 5]4; None; GPS(-43.522207, 172.577668, 0.000000, var=[-1.0, -1.0, -1.0]); GPS(-43.522207, 172.577668, 0.000000, var=[-1.0, -1.0, -1.0]); None; GPS(-43.522207, 172.577668, 15.000000, var=[-1.0, -1.0, -1.0]); GPS(-43.522207, 172.577668, 26.451130, var=[-1, -1, -1]); 0.0; OFFBOARD
13:21:40:822942; [3, 5, 5, 5]4; None; GPS(-43.522207, 172.577668, 0.000000, var=[-1.0, -1.0, -1.0]); GPS(-43.522207, 172.577668, 0.000000, var=[-1.0, -1.0, -1.0]); None; GPS(-43.522207, 172.577668, 15.000000, var=[-1.0, -1.0, -1.0]); GPS(-43.522207, 172.577668, 26.451130, var=[-1, -1, -1]); 0.0; OFFBOARD
13:21:40:823217; [3, 5, 5, 5]4; None; GPS(-43.522207, 172.577668, 0.000000, var=[-1.0, -1.0, -1.0]); GPS(-43.522207, 172.577668, 0.000000, var=[-1.0, -1.0, -1.0]); None; GPS(-43.522207, 172.577668, 15.000000, var=[-1.0, -1.0, -1.0]); GPS(-43.522207, 172.577668, 26.451130, var=[-1, -1, -1]); 0.0; OFFBOARD
13:21:40:823496; [3, 5, 5, 5]4; None; GPS(-43.522207, 172.577668, 0.000000, var=[-1.0, -1.0, -1.0]); GPS(-43.522207, 172.577668, 0.000000, var=[-1.0, -1.0, -1.0]); None; GPS(-43.522207, 172.577668, 15.000000, var=[-1.0, -1.0, -1.0]); GPS(-43.522207, 172.577668, 26.451130, var=[-1, -1, -1]); 0.0; OFFBOARD
13:21:40:823746; [3, 5, 5, 5]4; None; GPS(-43.522207, 172.577668, 0.000000, var=[-1.0, -1.0, -1.0]); GPS(-43.522207, 172.577668, 0.000000, var=[-1.0, -1.0, -1.0]); None; GPS(-43.522207, 172.577668, 15.000000, var=[-1.0, -1.0, -1.0]); GPS(-43.522207, 172.577668, 26.451130, var=[-1, -1, -1]); 0.0; OFFBOARD
13:21:40:824015; [3, 5, 5, 5]4; None; GPS(-43.522207, 172.577668, 0.000000, var=[-1.0, -1.0, -1.0]); GPS(-43.522207, 172.577668, 0.000000, var=[-1.0, -1.0, -1.0]); None; GPS(-43.522207, 172.577668, 15.000000, var=[-1.0, -1.0, -1.0]); GPS(-43.522207, 172.577668, 26.451130, var=[-1, -1, -1]); 0.0; OFFBOARD
13:21:40:824295; [3, 5, 5, 5]4; None; GPS(-43.522207, 172.577668, 0.000000, var=[-1.0, -1.0, -1.0]); GPS(-43.522207, 172.577668, 0.000000, var=[-1.0, -1.0, -1.0]); None; GPS(-43.522207, 172.577668, 15.000000, var=[-1.0, -1.0, -1.0]); GPS(-43.522207, 172.577668, 26.451130, var=[-1, -1, -1]); 0.0; OFFBOARD
13:21:40:824586; [3, 5, 5, 5]4; None; GPS(-43.522207, 172.577668, 0.000000, var=[-1.0, -1.0, -1.0]); GPS(-43.522207, 172.577668, 0.000000, var=[-1.0, -1.0, -1.0]); None; GPS(-43.522207, 172.577668, 15.000000, var=[-1.0, -1.0, -1.0]); GPS(-43.522207, 172.577668, 26.451130, var=[-1, -1, -1]); 0.0; OFFBOARD
13:21:40:824845; [3, 5, 5, 5]4; None; GPS(-43.522207, 172.577668, 0.000000, var=[-1.0, -1.0, -1.0]); GPS(-43.522207, 172.577668, 0.000000, var=[-1.0, -1.0, -1.0]); None; GPS(-43.522207, 172.577668, 15.000000, var=[-1.0, -1.0, -1.0]); GPS(-43.522207, 172.577668, 26.451130, var=[-1, -1, -1]); 0.0; OFFBOARD
13:21:40:825106; [3, 5, 5, 5]4; None; GPS(-43.522207, 172.577668, 0.000000, var=[-1.0, -1.0, -1.0]); GPS(-43.522207, 172.577668, 0.000000, var=[-1.0, -1.0, -1.0]); None; GPS(-43.522207, 172.577668, 15.000000, var=[-1.0, -1.0, -1.0]); GPS(-43.522207, 172.577668, 26.451130, var=[-1, -1, -1]); 0.0; OFFBOARD
13:21:40:825442; [3, 5, 5, 5]4; None; GPS(-43.522207, 172.577668, 0.000000, var=[-1.0, -1.0, -1.0]); GPS(-43.522207, 172.577668, 0.000000, var=[-1.0, -1.0, -1.0]); None; GPS(-43.522207, 172.577668, 15.000000, var=[-1.0, -1.0, -1.0]); GPS(-43.522207, 172.577668, 26.451130, var=[-1, -1, -1]); 0.0; OFFBOARD
13:21:40:825725; [3, 5, 5, 5]4; None; GPS(-43.522207, 172.577668, 0.000000, var=[-1.0, -1.0, -1.0]); GPS(-43.522207, 172.577668, 0.000000, var=[-1.0, -1.0, -1.0]); None; GPS(-43.522207, 172.577668, 15.000000, var=[-1.0, -1.0, -1.0]); GPS(-43.522207, 172.577668, 26.451130, var=[-1, -1, -1]); 0.0; OFFBOARD
13:21:40:825988; [3, 5, 5, 5]4; None; GPS(-43.522207, 172.577668, 0.000000, var=[-1.0, -1.0, -1.0]); GPS(-43.522207, 172.577668, 0.000000, var=[-1.0, -1.0, -1.0]); None; GPS(-43.522207, 172.577668, 15.000000, var=[-1.0, -1.0, -1.0]); GPS(-43.522207, 172.577668, 26.451130, var=[-1, -1, -1]); 0.0; OFFBOARD
13:21:40:826235; [3, 5, 5, 5]4; None; GPS(-43.522207, 172.577668, 0.000000, var=[-1.0, -1.0, -1.0]); GPS(-43.522207, 172.577668, 0.000000, var=[-1.0, -1.0, -1.0]); None; GPS(-43.522207, 172.577668, 15.000000, var=[-1.0, -1.0, -1.0]); GPS(-43.522207, 172.577668, 26.451130, var=[-1, -1, -1]); 0.0; OFFBOARD
13:21:40:826912; [3, 5, 5, 5]4; None; GPS(-43.522207, 172.577668, 0.000000, var=[-1.0, -1.0, -1.0]); GPS(-43.522207, 172.577668, 0.000000, var=[-1.0, -1.0, -1.0]); None; GPS(-43.522207, 172.577668, 15.000000, var=[-1.0, -1.0, -1.0]); GPS(-43.522207, 172.577668, 26.451130, var=[-1, -1, -1]); 0.0; OFFBOARD
13:21:40:827545; [3, 5, 5, 5]4; None; GPS(-43.522207, 172.577668, 0.000000, var=[-1.0, -1.0, -1.0]); GPS(-43.522207, 172.577668, 0.000000, var=[-1.0, -1.0, -1.0]); None; GPS(-43.522207, 172.577668, 15.000000, var=[-1.0, -1.0, -1.0]); GPS(-43.522207, 172.577668, 26.451130, var=[-1, -1, -1]); 0.0; OFFBOARD
13:21:40:827943; [3, 5, 5, 5]4; None; GPS(-43.522207, 172.577668, 0.000000, var=[-1.0, -1.0, -1.0]); GPS(-43.522207, 172.577668, 0.000000, var=[-1.0, -1.0, -1.0]); None; GPS(-43.522207, 172.577668, 15.000000, var=[-1.0, -1.0, -1.0]); GPS(-43.522207, 172.577668, 26.451130, var=[-1, -1, -1]); 0.0; OFFBOARD
13:21:40:828231; [3, 5, 5, 5]4; None; GPS(-43.522207, 172.577668, 0.000000, var=[-1.0, -1.0, -1.0]); GPS(-43.522207, 172.577668, 0.000000, var=[-1.0, -1.0, -1.0]); None; GPS(-43.522207, 172.577668, 15.000000, var=[-1.0, -1.0, -1.0]); GPS(-43.522207, 172.577668, 26.451130, var=[-1, -1, -1]); 0.0; OFFBOARD
13:21:40:828447; [3, 5, 5, 5]4; None; GPS(-43.522207, 172.577668, 0.000000, var=[-1.0, -1.0, -1.0]); GPS(-43.522207, 172.577668, 0.000000, var=[-1.0, -1.0, -1.0]); None; GPS(-43.522207, 172.577668, 15.000000, var=[-1.0, -1.0, -1.0]); GPS(-43.522207, 172.577668, 26.451130, var=[-1, -1, -1]); 0.0; OFFBOARD
13:21:40:828659; [3, 5, 5, 5]4; None; GPS(-43.522207, 172.577668, 0.000000, var=[-1.0, -1.0, -1.0]); GPS(-43.522207, 172.577668, 0.000000, var=[-1.0, -1.0, -1.0]); None; GPS(-43.522207, 172.577668, 15.000000, var=[-1.0, -1.0, -1.0]); GPS(-43.522207, 172.577668, 26.451130, var=[-1, -1, -1]); 0.0; OFFBOARD
13:21:40:828860; [3, 5, 5, 5]4; None; GPS(-43.522207, 172.577668, 0.000000, var=[-1.0, -1.0, -1.0]); GPS(-43.522207, 172.577668, 0.000000, var=[-1.0, -1.0, -1.0]); None; GPS(-43.522207, 172.577668, 15.000000, var=[-1.0, -1.0, -1.0]); GPS(-43.522207, 172.577668, 26.451130, var=[-1, -1, -1]); 0.0; OFFBOARD
13:21:41:661690; [3, 5, 5, 5]4; None; GPS(-43.522207, 172.577668, 0.000000, var=[-1.0, -1.0, -1.0]); GPS(-43.522207, 172.577668, 0.000000, var=[-1.0, -1.0, -1.0]); None; GPS(-43.522207, 172.577668, 15.000000, var=[-1.0, -1.0, -1.0]); GPS(-43.522206, 172.577668, 26.444130, var=[-1, -1, -1]); 0.0; OFFBOARD
13:21:42:613341; [3, 5, 5, 5]4; None; GPS(-43.522207, 172.577668, 0.000000, var=[-1.0, -1.0, -1.0]); GPS(-43.522207, 172.577668, 0.000000, var=[-1.0, -1.0, -1.0]); None; GPS(-43.522207, 172.577668, 15.000000, var=[-1.0, -1.0, -1.0]); GPS(-43.522206, 172.577669, 26.446131, var=[-1, -1, -1]); 0.0; OFFBOARD
13:21:43:610103; [4, 5, 5, 5]4; None; GPS(-43.522207, 172.577668, 0.000000, var=[-1.0, -1.0, -1.0]); GPS(-43.522207, 172.577668, 0.000000, var=[-1.0, -1.0, -1.0]); None; GPS(-43.522207, 172.577668, 15.000000, var=[-1.0, -1.0, -1.0]); GPS(-43.522206, 172.577668, 26.436131, var=[-1, -1, -1]); 0.0; OFFBOARD
13:21:44:616250; [4, 5, 5, 5]4; None; GPS(-43.522207, 172.577668, 0.000000, var=[-1.0, -1.0, -1.0]); GPS(-43.522207, 172.577668, 0.000000, var=[-1.0, -1.0, -1.0]); None; GPS(-43.522207, 172.577668, 15.000000, var=[-1.0, -1.0, -1.0]); GPS(-43.522206, 172.577668, 26.441131, var=[-1, -1, -1]); 0.0; OFFBOARD
13:21:45:612389; [4, 5, 5, 5]4; None; GPS(-43.522207, 172.577668, 0.000000, var=[-1.0, -1.0, -1.0]); GPS(-43.522207, 172.577668, 0.000000, var=[-1.0, -1.0, -1.0]); None; GPS(-43.522207, 172.577668, 15.000000, var=[-1.0, -1.0, -1.0]); GPS(-43.522206, 172.577668, 26.445130, var=[-1, -1, -1]); 0.0; OFFBOARD
13:21:46:610010; [4, 5, 5, 5]4; None; GPS(-43.522207, 172.577668, 0.000000, var=[-1.0, -1.0, -1.0]); GPS(-43.522207, 172.577668, 0.000000, var=[-1.0, -1.0, -1.0]); None; GPS(-43.522207, 172.577668, 15.000000, var=[-1.0, -1.0, -1.0]); GPS(-43.522206, 172.577668, 26.435130, var=[-1, -1, -1]); 0.0; OFFBOARD
13:21:47:611022; [4, 5, 5, 5]4; None; GPS(-43.522207, 172.577668, 0.000000, var=[-1.0, -1.0, -1.0]); GPS(-43.522207, 172.577668, 0.000000, var=[-1.0, -1.0, -1.0]); None; GPS(-43.522207, 172.577668, 15.000000, var=[-1.0, -1.0, -1.0]); GPS(-43.522206, 172.577668, 26.427131, var=[-1, -1, -1]); 0.0; OFFBOARD
13:21:48:625517; [4, 5, 5, 5]4; None; GPS(-43.522207, 172.577668, 0.000000, var=[-1.0, -1.0, -1.0]); GPS(-43.522207, 172.577668, 0.000000, var=[-1.0, -1.0, -1.0]); None; GPS(-43.522207, 172.577668, 15.000000, var=[-1.0, -1.0, -1.0]); GPS(-43.522206, 172.577668, 26.410130, var=[-1, -1, -1]); 0.0; OFFBOARD
13:21:49:620158; [4, 5, 5, 5]4; None; GPS(-43.522207, 172.577668, 0.000000, var=[-1.0, -1.0, -1.0]); GPS(-43.522207, 172.577668, 0.000000, var=[-1.0, -1.0, -1.0]); None; GPS(-43.522207, 172.577668, 15.000000, var=[-1.0, -1.0, -1.0]); GPS(-43.522206, 172.577668, 26.411131, var=[-1, -1, -1]); 0.0; OFFBOARD
13:21:50:609656; [4, 5, 5, 5]4; None; GPS(-43.522207, 172.577668, 0.000000, var=[-1.0, -1.0, -1.0]); GPS(-43.522207, 172.577668, 0.000000, var=[-1.0, -1.0, -1.0]); None; GPS(-43.522207, 172.577668, 15.000000, var=[-1.0, -1.0, -1.0]); GPS(-43.522206, 172.577669, 26.412130, var=[-1, -1, -1]); 0.0; OFFBOARD
13:21:51:648210; [4, 5, 5, 5]4; None; GPS(-43.522207, 172.577668, 0.000000, var=[-1.0, -1.0, -1.0]); GPS(-43.522207, 172.577668, 0.000000, var=[-1.0, -1.0, -1.0]); None; GPS(-43.522207, 172.577668, 15.000000, var=[-1.0, -1.0, -1.0]); GPS(-43.522206, 172.577669, 26.432130, var=[-1, -1, -1]); 0.0; OFFBOARD
13:21:52:608636; [4, 5, 5, 5]4; None; GPS(-43.522207, 172.577668, 0.000000, var=[-1.0, -1.0, -1.0]); GPS(-43.522207, 172.577668, 0.000000, var=[-1.0, -1.0, -1.0]); None; GPS(-43.522207, 172.577668, 15.000000, var=[-1.0, -1.0, -1.0]); GPS(-43.522206, 172.577669, 26.419130, var=[-1, -1, -1]); 0.0; OFFBOARD
13:21:53:607817; [4, 5, 5, 5]4; None; GPS(-43.522207, 172.577668, 0.000000, var=[-1.0, -1.0, -1.0]); GPS(-43.522207, 172.577668, 0.000000, var=[-1.0, -1.0, -1.0]); None; GPS(-43.522207, 172.577668, 15.000000, var=[-1.0, -1.0, -1.0]); GPS(-43.522206, 172.577669, 26.415130, var=[-1, -1, -1]); 0.0; OFFBOARD
13:21:54:621506; [4, 5, 5, 5]4; None; GPS(-43.522207, 172.577668, 0.000000, var=[-1.0, -1.0, -1.0]); GPS(-43.522207, 172.577668, 0.000000, var=[-1.0, -1.0, -1.0]); None; GPS(-43.522207, 172.577668, 15.000000, var=[-1.0, -1.0, -1.0]); GPS(-43.522206, 172.577669, 26.422130, var=[-1, -1, -1]); 0.0; OFFBOARD
13:21:55:617415; [4, 5, 5, 5]4; None; GPS(-43.522207, 172.577668, 0.000000, var=[-1.0, -1.0, -1.0]); GPS(-43.522207, 172.577668, 0.000000, var=[-1.0, -1.0, -1.0]); None; GPS(-43.522207, 172.577668, 15.000000, var=[-1.0, -1.0, -1.0]); GPS(-43.522206, 172.577669, 26.424130, var=[-1, -1, -1]); 0.0; OFFBOARD
13:21:56:613426; [4, 5, 5, 5]4; None; GPS(-43.522207, 172.577668, 0.000000, var=[-1.0, -1.0, -1.0]); GPS(-43.522207, 172.577668, 0.000000, var=[-1.0, -1.0, -1.0]); None; GPS(-43.522207, 172.577668, 15.000000, var=[-1.0, -1.0, -1.0]); GPS(-43.522206, 172.577668, 26.435130, var=[-1, -1, -1]); 0.0; OFFBOARD
13:21:57:614223; [4, 5, 5, 5]4; None; GPS(-43.522207, 172.577668, 0.000000, var=[-1.0, -1.0, -1.0]); GPS(-43.522207, 172.577668, 0.000000, var=[-1.0, -1.0, -1.0]); None; GPS(-43.522207, 172.577668, 15.000000, var=[-1.0, -1.0, -1.0]); GPS(-43.522206, 172.577668, 26.435130, var=[-1, -1, -1]); 0.0; OFFBOARD
13:21:58:612357; [4, 5, 5, 5]4; None; GPS(-43.522207, 172.577668, 0.000000, var=[-1.0, -1.0, -1.0]); GPS(-43.522207, 172.577668, 0.000000, var=[-1.0, -1.0, -1.0]); None; GPS(-43.522207, 172.577668, 15.000000, var=[-1.0, -1.0, -1.0]); GPS(-43.522206, 172.577668, 26.458130, var=[-1, -1, -1]); 0.0; OFFBOARD
13:21:59:615681; [4, 5, 5, 5]4; None; GPS(-43.522207, 172.577668, 0.000000, var=[-1.0, -1.0, -1.0]); GPS(-43.522207, 172.577668, 0.000000, var=[-1.0, -1.0, -1.0]); None; GPS(-43.522207, 172.577668, 15.000000, var=[-1.0, -1.0, -1.0]); GPS(-43.522206, 172.577668, 26.478130, var=[-1, -1, -1]); 0.0; OFFBOARD
13:22:00:623377; [4, 5, 5, 5]4; None