START: 09/24/2021 13:00:11:192390
TIME,            STATES_LIST;          TARGET_FILT_CART;          TARGET_FILT_GPS;          TARGET_REAL_GPS;          TX_FILT_CART;          TX_FILT_GPS;          TX_REAL_GPS;          MULTILATERATION_ERROR;          MODE;          
13:00:34:469923; [1, 1, 1, 1]4; None; GPS(-43.522208, 172.577698, 0.000000, var=[-1.0, -1.0, -1.0]); GPS(-43.522208, 172.577698, 0.000000, var=[-1.0, -1.0, -1.0]); None; GPS(-43.522208, 172.577698, 15.000000, var=[-1.0, -1.0, -1.0]); GPS(-43.522207, 172.577699, 26.439135, var=[-1, -1, -1]); 0.0; OFFBOARD
13:00:37:317185; [2, 2, 2, 2]4; None; GPS(-43.522208, 172.577698, 0.000000, var=[-1.0, -1.0, -1.0]); GPS(-43.522208, 172.577698, 0.000000, var=[-1.0, -1.0, -1.0]); None; GPS(-43.522208, 172.577698, 15.000000, var=[-1.0, -1.0, -1.0]); GPS(-43.522207, 172.577698, 26.407135, var=[-1, -1, -1]); 0.0; OFFBOARD
13:01:06:362383; [3, 3, 3, 3]4; None; GPS(-43.522208, 172.577698, 0.000000, var=[-1.0, -1.0, -1.0]); GPS(-43.522208, 172.577698, 0.000000, var=[-1.0, -1.0, -1.0]); None; GPS(-43.522208, 172.577698, 15.000000, var=[-1.0, -1.0, -1.0]); GPS(-43.522207, 172.577698, 26.451135, var=[-1, -1, -1]); 0.0; OFFBOARD
13:01:06:363190; [4, 4, 4, 4]4; None; GPS(-43.522208, 172.577698, 0.000000, var=[-1.0, -1.0, -1.0]); GPS(-43.522208, 172.577698, 0.000000, var=[-1.0, -1.0, -1.0]); None; GPS(-43.522208, 172.577698, 15.000000, var=[-1.0, -1.0, -1.0]); GPS(-43.522207, 172.577698, 26.451135, var=[-1, -1, -1]); 0.0; OFFBOARD
13:01:10:428465; [4, 4, 4, 4]5; None; GPS(-43.522208, 172.577698, 0.000000, var=[-1.0, -1.0, -1.0]); GPS(-43.522208, 172.577698, 0.000000, var=[-1.0, -1.0, -1.0]); None; GPS(-43.522208, 172.577698, 15.000000, var=[-1.0, -1.0, -1.0]); GPS(-43.522207, 172.577699, 26.441136, var=[-1, -1, -1]); 0.0; OFFBOARD
13:01:11:303060; [4, 4, 4, 4]5; [ 5.29784513 -5.04956477  5.78508621]; GPS(-43.522254, 172.577764, 5.785086, var=[0.015137273697214026, 0.015459853997601525, 0.004671338000076767]); GPS(-43.522208, 172.577698, 0.000000, var=[-1.0, -1.0, -1.0]); [ 0.11848892  0.11836391 26.37493697]; GPS(-43.522254, 172.577764, 20.785086, var=[0.015137273697214026, 0.015459853997601525, 0.004671338000076767]); GPS(-43.522207, 172.577699, 27.067136, var=[-1, -1, -1]); 9.329119393201415; OFFBOARD
13:01:12:142743; [4, 4, 4, 4]5; [ 5.37988218 -5.13125369  6.65438851]; GPS(-43.522255, 172.577765, 6.654389, var=[0.009686016887358791, 0.009912505040445064, 0.003196543812659154]); GPS(-43.522208, 172.577698, 0.000000, var=[-1.0, -1.0, -1.0]); [ 0.60640385 -0.3039708  28.25363967]; GPS(-43.522255, 172.577765, 21.654389, var=[0.009686016887358791, 0.009912505040445064, 0.003196543812659154]); GPS(-43.522218, 172.577717, 29.419121, var=[-1, -1, -1]); 9.977663105517019; OFFBOARD
13:01:13:012983; [4, 4, 4, 4]5; [ 5.38207338 -5.08486272  7.54009092]; GPS(-43.522254, 172.577765, 7.540091, var=[0.00789187350016759, 0.008013333914721091, 0.0023943126688737186]); GPS(-43.522208, 172.577698, 0.000000, var=[-1.0, -1.0, -1.0]); [ 2.88624628 -2.33535472 30.67798064]; GPS(-43.522254, 172.577765, 22.540091, var=[0.00789187350016759, 0.008013333914721091, 0.0023943126688737186]); GPS(-43.522238, 172.577747, 31.626095, var=[-1, -1, -1]); 10.567662561135561; OFFBOARD
13:01:13:902145; [4, 4, 4, 4]5; [ 5.34857869 -5.02911086  8.52241155]; GPS(-43.522254, 172.577765, 8.522412, var=[0.007071299434462083, 0.007126141035802778, 0.002034754873999337]); GPS(-43.522208, 172.577698, 0.000000, var=[-1.0, -1.0, -1.0]); [ 5.15502873 -4.44839794 32.66903753]; GPS(-43.522254, 172.577765, 23.522412, var=[0.007071299434462083, 0.007126141035802778, 0.002034754873999337]); GPS(-43.522251, 172.577765, 33.227078, var=[-1, -1, -1]); 11.248587791424821; OFFBOARD
13:01:14:755611; [4, 4, 4, 4]5; [ 5.25186635 -4.93384124  9.31973198]; GPS(-43.522253, 172.577763, 9.319732, var=[0.006762551968924697, 0.006798774801354863, 0.001994802001128797]); GPS(-43.522208, 172.577698, 0.000000, var=[-1.0, -1.0, -1.0]); [ 6.05883071 -5.56496319 34.04114266]; GPS(-43.522253, 172.577763, 24.319732, var=[0.006762551968924697, 0.006798774801354863, 0.001994802001128797]); GPS(-43.522255, 172.577767, 34.353071, var=[-1, -1, -1]); 11.780588841935197; OFFBOARD
13:01:15:659960; [4, 4, 4, 4]5; [ 5.1253514  -4.82974859  9.8272372 ]; GPS(-43.522252, 172.577762, 9.827237, var=[0.006489642922953929, 0.006546898355057918, 0.002015859877192056]); GPS(-43.522208, 172.577698, 0.000000, var=[-1.0, -1.0, -1.0]); [ 5.78480248 -5.67476793 34.94815402]; GPS(-43.522252, 172.577762, 24.827237, var=[0.006489642922953929, 0.006546898355057918, 0.002015859877192056]); GPS(-43.522255, 172.577763, 35.277070, var=[-1, -1, -1]); 12.090089762549109; OFFBOARD
13:01:16:444352; [4, 4, 4, 4]5; [ 5.02065358 -4.75135142 10.12732457]; GPS(-43.522251, 172.577761, 10.127325, var=[0.005840222774612857, 0.005914905211485786, 0.0019040702641785036]); GPS(-43.522208, 172.577698, 0.000000, var=[-1.0, -1.0, -1.0]); [ 5.22619765 -5.35526239 35.51892782]; GPS(-43.522251, 172.577761, 25.127325, var=[0.005840222774612857, 0.005914905211485786, 0.0019040702641785036]); GPS(-43.522254, 172.577760, 35.861072, var=[-1, -1, -1]); 12.261524687680517; OFFBOARD
13:01:17:251185; [4, 4, 4, 4]5; [ 4.94977606 -4.68281196 10.38109593]; GPS(-43.522251, 172.577760, 10.381096, var=[0.006117658447242517, 0.006197277168768228, 0.002050759847145761]); GPS(-43.522208, 172.577698, 0.000000, var=[-1.0, -1.0, -1.0]); [ 4.81333885 -4.98608521 35.98751848]; GPS(-43.522251, 172.577760, 25.381096, var=[0.006117658447242517, 0.006197277168768228, 0.002050759847145761]); GPS(-43.522252, 172.577757, 36.313074, var=[-1, -1, -1]); 12.417574095782355; OFFBOARD
13:01:18:046612; [4, 4, 4, 4]5; [ 4.91202615 -4.63578991 10.54093443]; GPS(-43.522250, 172.577759, 10.540934, var=[0.005756233184798759, 0.005817410154328572, 0.0019612839952272212]); GPS(-43.522208, 172.577698, 0.000000, var=[-1.0, -1.0, -1.0]); [ 4.65985808 -4.71986883 36.28040424]; GPS(-43.522250, 172.577759, 25.540934, var=[0.005756233184798759, 0.005817410154328572, 0.0019612839952272212]); GPS(-43.522250, 172.577757, 36.659077, var=[-1, -1, -1]); 12.51917852295754; OFFBOARD
13:01:18:901916; [4, 4, 4, 4]5; [ 4.89179638 -4.6041124  10.68258742]; GPS(-43.522250, 172.577759, 10.682587, var=[0.0059057246475232444, 0.0059573139868753875, 0.0020458236809874435]); GPS(-43.522208, 172.577698, 0.000000, var=[-1.0, -1.0, -1.0]); [ 4.65181012 -4.56060312 36.53076573]; GPS(-43.522250, 172.577759, 25.682587, var=[0.0059057246475232444, 0.0059573139868753875, 0.0020458236809874435]); GPS(-43.522250, 172.577757, 36.918078, var=[-1, -1, -1]); 12.619238495699419; OFFBOARD
13:01:19:637671; [4, 4, 4, 4]5; [ 4.88366983 -4.58841745 10.76500359]; GPS(-43.522250, 172.577759, 10.765004, var=[0.005614861816089769, 0.0056599330822060135, 0.001954816482609401]); GPS(-43.522208, 172.577698, 0.000000, var=[-1.0, -1.0, -1.0]); [ 4.72243005 -4.51606051 36.67361847]; GPS(-43.522250, 172.577759, 25.765004, var=[0.005614861816089769, 0.0056599330822060135, 0.001954816482609401]); GPS(-43.522249, 172.577757, 37.051079, var=[-1, -1, -1]); 12.680263862639958; OFFBOARD
13:01:20:406744; [4, 4, 4, 4]5; [ 4.8805505  -4.58450778 10.81997746]; GPS(-43.522250, 172.577759, 10.819977, var=[0.005869182922969974, 0.005913529974975216, 0.002052098600833838]); GPS(-43.522208, 172.577698, 0.000000, var=[-1.0, -1.0, -1.0]); [ 4.7761121  -4.51136868 36.77132375]; GPS(-43.522250, 172.577759, 25.819977, var=[0.005869182922969974, 0.005913529974975216, 0.002052098600833838]); GPS(-43.522249, 172.577758, 37.187079, var=[-1, -1, -1]); 12.72436170170626; OFFBOARD
13:01:21:236740; [4, 4, 4, 4]5; [ 4.87638676 -4.58486526 10.86652098]; GPS(-43.522250, 172.577759, 10.866521, var=[0.005975140658224786, 0.006024359552342303, 0.002089411280289186]); GPS(-43.522208, 172.577698, 0.000000, var=[-1.0, -1.0, -1.0]); [ 4.81236634 -4.51393323 36.85217953]; GPS(-43.522250, 172.577759, 25.866521, var=[0.005975140658224786, 0.006024359552342303, 0.002089411280289186]); GPS(-43.522249, 172.577758, 37.280079, var=[-1, -1, -1]); 12.76249972257431; OFFBOARD
13:01:22:097710; [4, 4, 4, 4]5; [ 4.86889266 -4.58524731 10.90160046]; GPS(-43.522250, 172.577759, 10.901600, var=[0.0056792838577042395, 0.0057353181793260485, 0.0019924365360990655]); GPS(-43.522208, 172.577698, 0.000000, var=[-1.0, -1.0, -1.0]); [ 4.8354293  -4.5091758  36.91382906]; GPS(-43.522250, 172.577759, 25.901600, var=[0.0056792838577042395, 0.0057353181793260485, 0.0019924365360990655]); GPS(-43.522249, 172.577758, 37.340080, var=[-1, -1, -1]); 12.78966320561626; OFFBOARD
13:01:22:924229; [4, 4, 4, 4]5; [ 4.86850259 -4.58455928 10.92441495]; GPS(-43.522250, 172.577759, 10.924415, var=[0.005799916117272742, 0.005859508748290453, 0.0020441428712978187]); GPS(-43.522208, 172.577698, 0.000000, var=[-1.0, -1.0, -1.0]); [ 4.8534375  -4.50113817 36.95452435]; GPS(-43.522250, 172.577759, 25.924415, var=[0.005799916117272742, 0.005859508748290453, 0.0020441428712978187]); GPS(-43.522249, 172.577758, 37.380080, var=[-1, -1, -1]); 12.808720744169326; OFFBOARD
13:01:23:727626; [4, 4, 4, 4]5; [ 4.86880554 -4.58425818 10.93819552]; GPS(-43.522250, 172.577759, 10.938196, var=[0.005781466129644579, 0.00584098732252828, 0.0020396695593704046]); GPS(-43.522208, 172.577698, 0.000000, var=[-1.0, -1.0, -1.0]); [ 4.85829045 -4.51065921 36.97864266]; GPS(-43.522250, 172.577759, 25.938196, var=[0.005781466129644579, 0.00584098732252828, 0.0020396695593704046]); GPS(-43.522249, 172.577759, 37.412079, var=[-1, -1, -1]); 12.820483436110097; OFFBOARD
13:01:24:545914; [4, 4, 4, 4]5; [ 4.8691507  -4.577136   10.95159753]; GPS(-43.522250, 172.577759, 10.951598, var=[0.0056371321948231, 0.0056922646520678015, 0.001991143042278396]); GPS(-43.522208, 172.577698, 0.000000, var=[-1.0, -1.0, -1.0]); [ 4.86293759 -4.51952825 37.00124904]; GPS(-43.522250, 172.577759, 25.951598, var=[0.0056371321948231, 0.0056922646520678015, 0.001991143042278396]); GPS(-43.522249, 172.577759, 37.445079, var=[-1, -1, -1]); 12.829507970757637; OFFBOARD
13:01:25:394859; [4, 4, 4, 4]5; [ 4.86415433 -4.57011001 10.96503169]; GPS(-43.522250, 172.577759, 10.965032, var=[0.006029820589650273, 0.00609048012430052, 0.00212238208319265]); GPS(-43.522208, 172.577698, 0.000000, var=[-1.0, -1.0, -1.0]); [ 4.85677846 -4.52755918 37.0241127 ]; GPS(-43.522250, 172.577759, 25.965032, var=[0.006029820589650273, 0.00609048012430052, 0.00212238208319265]); GPS(-43.522249, 172.577758, 37.467079, var=[-1, -1, -1]); 12.836580798763785; OFFBOARD
13:01:26:247647; [4, 4, 4, 4]5; [ 4.86008376 -4.56147569 10.97276372]; GPS(-43.522249, 172.577759, 10.972764, var=[0.005802393652750414, 0.0058644577287359076, 0.00204611170674568]); GPS(-43.522208, 172.577698, 0.000000, var=[-1.0, -1.0, -1.0]); [ 4.85129461 -4.52797246 37.03951101]; GPS(-43.522249, 172.577759, 25.972764, var=[0.005802393652750414, 0.0058644577287359076, 0.00204611170674568]); GPS(-43.522249, 172.577758, 37.477079, var=[-1, -1, -1]); 12.838574770392688; OFFBOARD
13:01:27:049035; [4, 4, 4, 4]5; [ 4.85831971 -4.56117769 10.9763826 ]; GPS(-43.522249, 172.577759, 10.976383, var=[0.0056578344670018405, 0.005726376839021925, 0.0019972093724040917]); GPS(-43.522208, 172.577698, 0.000000, var=[-1.0, -1.0, -1.0]); [ 4.83998857 -4.51800632 37.04447184]; GPS(-43.522249, 172.577759, 25.976383, var=[0.0056578344670018405, 0.005726376839021925, 0.0019972093724040917]); GPS(-43.522249, 172.577758, 37.480079, var=[-1, -1, -1]); 12.840894490114332; OFFBOARD
13:01:27:923926; [4, 4, 4, 4]5; [ 4.86752003 -4.55825396 10.97411046]; GPS(-43.522249, 172.577759, 10.974110, var=[0.005753074714794709, 0.005814628321725149, 0.0020402542265842176]); GPS(-43.522208, 172.577698, 0.000000, var=[-1.0, -1.0, -1.0]); [ 4.8382505  -4.51382574 37.03853807]; GPS(-43.522249, 172.577759, 25.974110, var=[0.005753074714794709, 0.005814628321725149, 0.0020402542265842176]); GPS(-43.522249, 172.577758, 37.469079, var=[-1, -1, -1]); 12.841398469667325; OFFBOARD
13:01:28:785347; [4, 4, 4, 4]5; [0.34607568 0.02376247 9.22016954]; GPS(-43.522208, 172.577703, 9.220170, var=[0.005692006269073888, 0.00576750532211152, 0.001991178080999097]); GPS(-43.522208, 172.577698, 0.000000, var=[-1.0, -1.0, -1.0]); [ 4.72990391 -4.40868766 37.05910294]; GPS(-43.522208, 172.577703, 24.220170, var=[0.005692006269073888, 0.00576750532211152, 0.001991178080999097]); GPS(-43.522247, 172.577756, 37.179082, var=[-1, -1, -1]); 9.226692768157143; OFFBOARD
13:01:29:599489; [4, 4, 4, 4]5; [-0.71250242  0.84831126  5.91623128]; GPS(-43.522201, 172.577689, 5.916231, var=[0.006502681120833604, 0.006655886685877726, 0.002014367649610538]); GPS(-43.522208, 172.577698, 0.000000, var=[-1.0, -1.0, -1.0]); [ 4.08932122 -3.79719328 36.99212106]; GPS(-43.522201, 172.577689, 20.916231, var=[0.006502681120833604, 0.006655886685877726, 0.002014367649610538]); GPS(-43.522234, 172.577736, 36.549099, var=[-1, -1, -1]); 6.019060083113518; OFFBOARD
13:01:30:491441; [4, 4, 4, 4]5; [-0.4825564   0.50723109  5.11253156]; GPS(-43.522204, 172.577692, 5.112532, var=[0.007358318869473645, 0.007570598804810483, 0.0019054031004969265]); GPS(-43.522208, 172.577698, 0.000000, var=[-1.0, -1.0, -1.0]); [ 1.61532316 -1.54760881 35.83184726]; GPS(-43.522204, 172.577692, 20.112532, var=[0.007358318869473645, 0.007570598804810483, 0.0019054031004969265]); GPS(-43.522214, 172.577705, 35.645126, var=[-1, -1, -1]); 5.160244472450697; OFFBOARD
13:01:31:351726; [4, 4, 4, 4]5; [-0.10506779  0.09795207  4.60036177]; GPS(-43.522208, 172.577697, 4.600362, var=[0.007633760486479945, 0.007859601058392812, 0.0018092370063091303]); GPS(-43.522208, 172.577698, 0.000000, var=[-1.0, -1.0, -1.0]); [-0.67321096  0.50991051 34.88002757]; GPS(-43.522208, 172.577697, 19.600362, var=[0.007633760486479945, 0.007859601058392812, 0.0018092370063091303]); GPS(-43.522203, 172.577689, 34.770140, var=[-1, -1, -1]); 4.602603857066574; OFFBOARD
13:01:32:201611; [4, 4, 4, 4]5; [ 0.12824669 -0.13255659  4.21891339]; GPS(-43.522210, 172.577700, 4.218913, var=[0.007445403652045065, 0.007659240407311122, 0.0017451722801256166]); GPS(-43.522208, 172.577698, 0.000000, var=[-1.0, -1.0, -1.0]); [-1.38575443  1.27859541 34.09898705]; GPS(-43.522210, 172.577700, 19.218913, var=[0.007445403652045065, 0.007659240407311122, 0.0017451722801256166]); GPS(-43.522201, 172.577689, 33.958143, var=[-1, -1, -1]); 4.222943124199303; OFFBOARD
13:01:32:924354; [4, 4, 4, 4]5; [ 0.22434773 -0.22013703  3.82538694]; GPS(-43.522210, 172.577701, 3.825387, var=[0.007412236784849627, 0.0076256350288354015, 0.0016793906817003136]); GPS(-43.522208, 172.577698, 0.000000, var=[-1.0, -1.0, -1.0]); [-0.95209966  1.10605311 33.39059415]; GPS(-43.522210, 172.577701, 18.825387, var=[0.007412236784849627, 0.0076256350288354015, 0.0016793906817003136]); GPS(-43.522203, 172.577695, 33.267141, var=[-1, -1, -1]); 3.8382779240526235; OFFBOARD
13:01:33:758452; [4, 4, 4, 4]5; [ 0.23909861 -0.22979589  3.39760355]; GPS(-43.522210, 172.577701, 3.397604, var=[0.007937638203692362, 0.008168461269715878, 0.0017504544938560873]); GPS(-43.522208, 172.577698, 0.000000, var=[-1.0, -1.0, -1.0]); [-0.13438203  0.54746023 32.64349285]; GPS(-43.522210, 172.577701, 18.397604, var=[0.007937638203692362, 0.008168461269715878, 0.0017504544938560873]); GPS(-43.522207, 172.577701, 32.453136, var=[-1, -1, -1]); 3.4137492875135744; OFFBOARD
13:01:34:503866; [4, 4, 4, 4]5; [ 0.23603826 -0.2222791   2.96975992]; GPS(-43.522210, 172.577701, 2.969760, var=[0.008161232762945381, 0.00841016730497172, 0.0017438930729420602]); GPS(-43.522208, 172.577698, 0.000000, var=[-1.0, -1.0, -1.0]); [4.61110114e-01 2.38765545e-02 3.18865770e+01]; GPS(-43.522210, 172.577701, 17.969760, var=[0.008161232762945381, 0.00841016730497172, 0.0017438930729420602]); GPS(-43.522209, 172.577704, 31.791133, var=[-1, -1, -1]); 2.987406234145268; OFFBOARD
13:01:35:276380; [4, 4, 4, 4]5; [ 0.20368915 -0.18818954  2.63544562]; GPS(-43.522210, 172.577701, 2.635446, var=[0.008140102541457589, 0.008434101724359188, 0.0017186582270782976]); GPS(-43.522208, 172.577698, 0.000000, var=[-1.0, -1.0, -1.0]); [ 0.63153627 -0.23835589 31.27220944]; GPS(-43.522210, 172.577701, 17.635446, var=[0.008140102541457589, 0.008434101724359188, 0.0017186582270782976]); GPS(-43.522210, 172.577704, 31.113131, var=[-1, -1, -1]); 2.649995887291187; OFFBOARD
13:01:36:128847; [4, 4, 4, 4]5; [ 0.158681   -0.14396241  2.22592106]; GPS(-43.522210, 172.577700, 2.225921, var=[0.008364179930718103, 0.008703721599278968, 0.001726158694591836]); GPS(-43.522208, 172.577698, 0.000000, var=[-1.0, -1.0, -1.0]); [ 0.52977207 -0.35432989 30.51294768]; GPS(-43.522210, 172.577700, 17.225921, var=[0.008364179930718103, 0.008703721599278968, 0.001726158694591836]); GPS(-43.522211, 172.577703, 30.302130, var=[-1, -1, -1]); 2.2362087070877554; OFFBOARD
13:01:36:968350; [4, 4, 4, 4]5; [ 0.1363125  -0.12170674  1.7852532 ]; GPS(-43.522209, 172.577700, 1.785253, var=[0.008403394850939761, 0.00873902296199883, 0.0017063711206542127]); GPS(-43.522208, 172.577698, 0.000000, var=[-1.0, -1.0, -1.0]); [ 0.31620367 -0.33483912 29.7229885 ]; GPS(-43.522209, 172.577700, 16.785253, var=[0.008403394850939761, 0.00873902296199883, 0.0017063711206542127]); GPS(-43.522211, 172.577701, 29.527130, var=[-1, -1, -1]); 1.7945814572962575; OFFBOARD
13:01:37:730864; [4, 4, 4, 4]5; [ 0.10979388 -0.09944854  1.36508718]; GPS(-43.522209, 172.577700, 1.365087, var=[0.008644535622121722, 0.008952998770341485, 0.0016960592688131028]); GPS(-43.522208, 172.577698, 0.000000, var=[-1.0, -1.0, -1.0]); [ 0.13498465 -0.25876294 28.95084256]; GPS(-43.522209, 172.577700, 16.365087, var=[0.008644535622121722, 0.008952998770341485, 0.0016960592688131028]); GPS(-43.522210, 172.577700, 28.783130, var=[-1, -1, -1]); 1.3731014944216233; OFFBOARD
13:01:38:437444; [5, 4, 4, 4]5; [ 0.08556178 -0.07688237  1.03683711]; GPS(-43.522209, 172.577699, 1.036837, var=[0.008136107598388793, 0.008383181666184715, 0.0015601855530905516]); GPS(-43.522208, 172.577698, 0.000000, var=[-1.0, -1.0, -1.0]); [ 0.06112232 -0.18709224 28.34294018]; GPS(-43.522209, 172.577699, 16.036837, var=[0.008136107598388793, 0.008383181666184715, 0.0015601855530905516]); GPS(-43.522210, 172.577699, 28.308131, var=[-1, -1, -1]); 1.043198404702943; OFFBOARD
13:01:39:160736; [5, 4, 4, 4]5; [ 0.38388027 -0.36295072  0.66281721]; GPS(-43.522212, 172.577703, 0.662817, var=[0.008754118227677323, 0.008979510259536517, 0.0016551777524855908]); GPS(-43.522208, 172.577698, 0.000000, var=[-1.0, -1.0, -1.0]); [ 0.03549234 -0.13463727 27.83395449]; GPS(-43.522212, 172.577703, 15.662817, var=[0.008754118227677323, 0.008979510259536517, 0.0016551777524855908]); GPS(-43.522210, 172.577699, 27.807131, var=[-1, -1, -1]); 0.8475989190417534; OFFBOARD
13:01:39:943547; [5, 4, 4, 4]5; [ 1.71278191 -1.66614224  0.10108294]; GPS(-43.522223, 172.577720, 0.101083, var=[0.009694182551678327, 0.009869037480486561, 0.0017079066948111573]); GPS(-43.522208, 172.577698, 0.000000, var=[-1.0, -1.0, -1.0]); [ 0.07510329 -0.14823664 27.35966737]; GPS(-43.522223, 172.577720, 15.101083, var=[0.009694182551678327, 0.009869037480486561, 0.0017079066948111573]); GPS(-43.522211, 172.577700, 27.333130, var=[-1, -1, -1]); 2.391624734286049; OFFBOARD
13:01:40:732326; [5, 4, 4, 4]5; [ 3.27770824 -3.2329791  -0.40155036]; GPS(-43.522237, 172.577739, -0.401550, var=[0.009852139104073777, 0.009923174163882862, 0.0016741243607388356]); GPS(-43.522208, 172.577698, 0.000000, var=[-1.0, -1.0, -1.0]); [ 0.38631406 -0.43006334 26.88101406]; GPS(-43.522237, 172.577739, 14.598450, var=[0.009852139104073777, 0.009923174163882862, 0.0016741243607388356]); GPS(-43.522216, 172.577709, 26.811123, var=[-1, -1, -1]); 4.6213377574488925; OFFBOARD
13:01:41:564694; [5, 4, 4, 4]5; [ 4.188062   -4.20204706 -1.04886111]; GPS(-43.522246, 172.577750, -1.048861, var=[0.012107275596412434, 0.012090339048051003, 0.001908831159759822]); GPS(-43.522208, 172.577698, 0.000000, var=[-1.0, -1.0, -1.0]); [ 1.47658045 -1.44712883 26.22994363]; GPS(-43.522246, 172.577750, 13.951139, var=[0.012107275596412434, 0.012090339048051003, 0.001908831159759822]); GPS(-43.522227, 172.577725, 26.280108, var=[-1, -1, -1]); 6.024712561112641; OFFBOARD
13:01:42:374967; [5, 4, 4, 4]5; [ 4.53091395 -4.61785036 -1.58742441]; GPS(-43.522250, 172.577755, -1.587424, var=[0.012887202832057038, 0.012847330857597691, 0.0018043885184308662]); GPS(-43.522208, 172.577698, 0.000000, var=[-1.0, -1.0, -1.0]); [ 2.96645445 -2.83134576 25.61383363]; GPS(-43.522250, 172.577755, 13.412576, var=[0.012887202832057038, 0.012847330857597691, 0.0018043885184308662]); GPS(-43.522239, 172.577742, 25.636093, var=[-1, -1, -1]); 6.66135310795248; OFFBOARD
13:01:43:110495; [5, 4, 4, 4]5; [ 5.11884255 -5.19662984 -1.93482906]; GPS(-43.522255, 172.577762, -1.934829, var=[0.012047974666525626, 0.012065927583908306, 0.0016566901638164744]); GPS(-43.522208, 172.577698, 0.000000, var=[-1.0, -1.0, -1.0]); [ 4.19714147 -4.05512115 25.04331586]; GPS(-43.522255, 172.577762, 13.065171, var=[0.012047974666525626, 0.012065927583908306, 0.0016566901638164744]); GPS(-43.522247, 172.577752, 25.122082, var=[-1, -1, -1]); 7.54659220992547; OFFBOARD
13:01:43:930917; [5, 4, 4, 4]5; [ 5.63130065 -5.63149432 -2.11588973]; GPS(-43.522259, 172.577768, -2.115890, var=[0.012649433220288414, 0.01273133657347855, 0.0017537364907360133]); GPS(-43.522208, 172.577698, 0.000000, var=[-1.0, -1.0, -1.0]); [ 5.00218287 -5.02244217 24.52707786]; GPS(-43.522259, 172.577768, 12.884110, var=[0.012649433220288414, 0.01273133657347855, 0.0017537364907360133]); GPS(-43.522254, 172.577759, 24.710072, var=[-1, -1, -1]); 8.240281425392425; OFFBOARD
13:01:44:713105; [5, 4, 4, 4]5; [ 6.29402669 -6.17694128 -2.30022544]; GPS(-43.522264, 172.577776, -2.300225, var=[0.013699215806917932, 0.013831792738932924, 0.0019125530239936911]); GPS(-43.522208, 172.577698, 0.000000, var=[-1.0, -1.0, -1.0]); [ 5.4578039  -5.66746291 24.19593084]; GPS(-43.522264, 172.577776, 12.699775, var=[0.013699215806917932, 0.013831792738932924, 0.0019125530239936911]); GPS(-43.522258, 172.577764, 24.435065, var=[-1, -1, -1]); 9.113746549701295; OFFBOARD
13:01:45:420776; [5, 4, 4, 4]5; [ 6.60925271 -6.4109109  -2.39879849]; GPS(-43.522266, 172.577780, -2.398798, var=[0.012930648732272029, 0.013038246099954343, 0.001832955500070349]); GPS(-43.522208, 172.577695, 0.000000, var=[-1.0, -1.0, -1.0]); [ 5.7272064  -6.0106456  24.01006825]; GPS(-43.522266, 172.577780, 12.601202, var=[0.012930648732272029, 0.013038246099954343, 0.001832955500070349]); GPS(-43.522262, 172.577769, 24.243061, var=[-1, -1, -1]); 9.703661111843163; OFFBOARD
13:01:46:176143; [5, 4, 4, 4]5; [ 6.66162923 -6.48917575 -2.51187661]; GPS(-43.522267, 172.577781, -2.511877, var=[0.013387312286990045, 0.013423705359044493, 0.001853492112844821]); GPS(-43.522208, 172.577695, 0.000000, var=[-1.0, -1.0, -1.0]); [ 6.1225471  -6.32361917 23.87953869]; GPS(-43.522267, 172.577781, 12.488123, var=[0.013387312286990045, 0.013423705359044493, 0.001853492112844821]); GPS(-43.522265, 172.577776, 24.093057, var=[-1, -1, -1]); 9.820854710330478; OFFBOARD
13:01:46:999688; [5, 4, 4, 4]5; [ 6.55220101 -6.49847976 -2.63086954]; GPS(-43.522267, 172.577780, -2.630870, var=[0.013886424379849199, 0.013864055752002459, 0.0018241783970219495]); GPS(-43.522208, 172.577695, 0.000000, var=[-1.0, -1.0, -1.0]); [ 6.5417113  -6.57457166 23.75925214]; GPS(-43.522267, 172.577780, 12.369130, var=[0.013886424379849199, 0.013864055752002459, 0.0018241783970219495]); GPS(-43.522267, 172.577780, 23.944054, var=[-1, -1, -1]); 9.78147178465033; OFFBOARD
13:01:47:892377; [5, 4, 4, 4]5; [ 6.40713752 -6.45507832 -2.71756237]; GPS(-43.522266, 172.577778, -2.717562, var=[0.014137440923513923, 0.014100447696546788, 0.0017776627244877046]); GPS(-43.522208, 172.577698, 0.000000, var=[-1.0, -1.0, -1.0]); [ 6.73212865 -6.70951189 23.62436659]; GPS(-43.522266, 172.577778, 12.282438, var=[0.014137440923513923, 0.014100447696546788, 0.0017776627244877046]); GPS(-43.522268, 172.577780, 23.800053, var=[-1, -1, -1]); 9.492341810281035; OFFBOARD
13:01:48:665910; [5, 4, 4, 4]5; [ 6.38915001 -6.47879799 -2.77997692]; GPS(-43.522267, 172.577778, -2.779977, var=[0.013975106497085318, 0.013936056482074797, 0.0017555650423737724]); GPS(-43.522207, 172.577705, 0.000000, var=[-1.0, -1.0, -1.0]); [ 6.67260272 -6.69529662 23.52648816]; GPS(-43.522267, 172.577778, 12.220023, var=[0.013975106497085318, 0.013936056482074797, 0.0017555650423737724]); GPS(-43.522268, 172.577779, 23.722053, var=[-1, -1, -1]); 9.294101645428308; OFFBOARD
13:01:49:445679; [5, 4, 4, 4]5; [ 6.44781424 -6.51670276 -2.81364452]; GPS(-43.522267, 172.577778, -2.813645, var=[0.014008807799566786, 0.014008025391512156, 0.0017908603241988644]); GPS(-43.522203, 172.577713, 0.000000, var=[-1.0, -1.0, -1.0]); [ 6.49571348 -6.62433108 23.45590646]; GPS(-43.522267, 172.577778, 12.186355, var=[0.014008807799566786, 0.014008025391512156, 0.0017908603241988644]); GPS(-43.522267, 172.577778, 23.653053, var=[-1, -1, -1]); 9.240133523894142; OFFBOARD
13:01:50:194849; [5, 4, 4, 4]5; [ 6.55436766 -6.55188475 -2.83623143]; GPS(-43.522267, 172.577780, -2.836231, var=[0.013505713730849394, 0.013554663547568933, 0.0017579501370805343]); GPS(-43.522197, 172.577720, 0.000000, var=[-1.0, -1.0, -1.0]); [ 6.36639476 -6.56180118 23.40710667]; GPS(-43.522267, 172.577780, 12.163769, var=[0.013505713730849394, 0.013554663547568933, 0.0017579501370805343]); GPS(-43.522267, 172.577777, 23.597054, var=[-1, -1, -1]); 9.631447930284578; OFFBOARD
STOP: 09/24/2021 13:01:51:400116
