START: 09/24/2021 13:00:11:125172
TIME,            RX_ID;          STATE;          TIMESTAMP;          SEQ_NO;          RX_COORDS;          RANGE_READING;          TARGET_COORDS;          
13:00:11:293314; 3; 1; 1632445210.559443; 0; GPS(-43.522299, 172.577575, 11.427959, var=[-1.0, -1.0, -1.0]); 33.1688773724899; GPS(-43.522208, 172.577698, 0.000000, var=[-1.0, -1.0, -1.0])
13:00:14:421021; 3; 2; 1632445213.658458; 1; GPS(-43.522298, 172.577575, 15.704962, var=[-1.0, -1.0, -1.0]); 36.06531198294289; GPS(-43.522208, 172.577698, 0.000000, var=[-1.0, -1.0, -1.0])
13:00:16:165675; 2; 1; 1632445210.575661; 0; GPS(-43.522118, 172.577823, 11.429305, var=[-1.0, -1.0, -1.0]); 33.206993876707784; GPS(-43.522208, 172.577698, 0.000000, var=[-1.0, -1.0, -1.0])
13:00:16:167437; 4; 1; 1632445211.5220366; 0; GPS(-43.522299, 172.577823, 11.405012, var=[-1.0, -1.0, -1.0]); 33.23727154775092; GPS(-43.522208, 172.577698, 0.000000, var=[-1.0, -1.0, -1.0])
13:00:16:167534; 3; 3; 1632445215.7415242; 2; GPS(-43.522298, 172.577575, 20.613962, var=[-1.0, -1.0, -1.0]); 39.93946283025481; GPS(-43.522208, 172.577698, 0.000000, var=[-1.0, -1.0, -1.0])
13:00:16:167597; 2; 2; 1632445214.0456247; 1; GPS(-43.522118, 172.577823, 16.810307, var=[-1.0, -1.0, -1.0]); 37.03552441097078; GPS(-43.522208, 172.577698, 0.000000, var=[-1.0, -1.0, -1.0])
13:00:16:167652; 4; 2; 1632445214.8100743; 1; GPS(-43.522298, 172.577823, 16.123013, var=[-1.0, -1.0, -1.0]); 36.46231959067842; GPS(-43.522208, 172.577698, 0.000000, var=[-1.0, -1.0, -1.0])
13:00:16:167717; 3; 4; 1632445215.7440572; 3; GPS(-43.522298, 172.577575, 20.613962, var=[-1.0, -1.0, -1.0]); 39.93946283025481; GPS(-43.522208, 172.577698, 0.000000, var=[-1.0, -1.0, -1.0])
13:00:16:167778; 2; 3; 1632445215.942136; 2; GPS(-43.522118, 172.577823, 20.770307, var=[-1.0, -1.0, -1.0]); 40.18821569502286; GPS(-43.522208, 172.577698, 0.000000, var=[-1.0, -1.0, -1.0])
13:00:16:167862; 3; 4; 1632445215.744257; 4; GPS(-43.522298, 172.577575, 20.613962, var=[-1.0, -1.0, -1.0]); 39.93946283025481; GPS(-43.522208, 172.577698, 0.000000, var=[-1.0, -1.0, -1.0])
13:00:16:167999; 2; 4; 1632445215.9442213; 3; GPS(-43.522118, 172.577823, 20.770307, var=[-1.0, -1.0, -1.0]); 40.18821569502286; GPS(-43.522208, 172.577698, 0.000000, var=[-1.0, -1.0, -1.0])
13:00:16:168175; 3; 4; 1632445215.744631; 5; GPS(-43.522298, 172.577575, 20.613962, var=[-1.0, -1.0, -1.0]); 39.93946283025481; GPS(-43.522208, 172.577698, 0.000000, var=[-1.0, -1.0, -1.0])
13:00:16:168271; 2; 4; 1632445215.9445055; 4; GPS(-43.522118, 172.577823, 20.770307, var=[-1.0, -1.0, -1.0]); 40.18821569502286; GPS(-43.522208, 172.577698, 0.000000, var=[-1.0, -1.0, -1.0])
13:00:16:168384; 2; 4; 1632445215.9446304; 5; GPS(-43.522118, 172.577823, 20.770307, var=[-1.0, -1.0, -1.0]); 40.18821569502286; GPS(-43.522208, 172.577698, 0.000000, var=[-1.0, -1.0, -1.0])
13:00:16:370022; 4; 3; 1632445216.3697078; 2; GPS(-43.522298, 172.577823, 20.172013, var=[-1.0, -1.0, -1.0]); 39.64933518604386; GPS(-43.522208, 172.577698, 0.000000, var=[-1.0, -1.0, -1.0])
13:00:16:372706; 4; 4; 1632445216.372502; 3; GPS(-43.522298, 172.577823, 20.172013, var=[-1.0, -1.0, -1.0]); 39.64933518604386; GPS(-43.522208, 172.577698, 0.000000, var=[-1.0, -1.0, -1.0])
13:00:16:372834; 4; 4; 1632445216.3726652; 4; GPS(-43.522298, 172.577823, 20.172013, var=[-1.0, -1.0, -1.0]); 39.64933518604386; GPS(-43.522208, 172.577698, 0.000000, var=[-1.0, -1.0, -1.0])
13:00:16:402925; 4; 4; 1632445216.4024098; 5; GPS(-43.522298, 172.577823, 20.201013, var=[-1.0, -1.0, -1.0]); 39.673073235548884; GPS(-43.522208, 172.577698, 0.000000, var=[-1.0, -1.0, -1.0])
13:00:16:403133; 3; 4; 1632445216.4024258; 6; GPS(-43.522298, 172.577575, 21.043962, var=[-1.0, -1.0, -1.0]); 40.2972304651264; GPS(-43.522208, 172.577698, 0.000000, var=[-1.0, -1.0, -1.0])
13:00:16:403639; 2; 4; 1632445216.4024646; 6; GPS(-43.522118, 172.577823, 21.049307, var=[-1.0, -1.0, -1.0]); 40.414350527350976; GPS(-43.522208, 172.577698, 0.000000, var=[-1.0, -1.0, -1.0])
13:00:17:402227; 4; 4; 1632445217.4017854; 6; GPS(-43.522298, 172.577823, 21.025013, var=[-1.0, -1.0, -1.0]); 40.34574142527647; GPS(-43.522208, 172.577698, 0.000000, var=[-1.0, -1.0, -1.0])
13:00:17:402701; 3; 4; 1632445217.4024358; 7; GPS(-43.522298, 172.577575, 21.317961, var=[-1.0, -1.0, -1.0]); 40.52993789840978; GPS(-43.522208, 172.577698, 0.000000, var=[-1.0, -1.0, -1.0])
13:00:17:402946; 2; 4; 1632445217.40258; 7; GPS(-43.522118, 172.577823, 21.295307, var=[-1.0, -1.0, -1.0]); 40.61408919756595; GPS(-43.522208, 172.577698, 0.000000, var=[-1.0, -1.0, -1.0])
13:00:18:403714; 4; 4; 1632445218.4029653; 7; GPS(-43.522298, 172.577823, 21.282013, var=[-1.0, -1.0, -1.0]); 40.5593332116457; GPS(-43.522208, 172.577698, 0.000000, var=[-1.0, -1.0, -1.0])
13:00:18:404324; 3; 4; 1632445218.4030695; 8; GPS(-43.522298, 172.577575, 21.399961, var=[-1.0, -1.0, -1.0]); 40.598449147588; GPS(-43.522208, 172.577698, 0.000000, var=[-1.0, -1.0, -1.0])
13:00:18:404691; 2; 4; 1632445218.4034982; 8; GPS(-43.522118, 172.577823, 21.388307, var=[-1.0, -1.0, -1.0]); 40.69582774980654; GPS(-43.522208, 172.577698, 0.000000, var=[-1.0, -1.0, -1.0])
13:00:19:403766; 4; 4; 1632445219.4021358; 8; GPS(-43.522298, 172.577823, 21.372013, var=[-1.0, -1.0, -1.0]); 40.638648677058015; GPS(-43.522208, 172.577698, 0.000000, var=[-1.0, -1.0, -1.0])
13:00:19:404557; 3; 4; 1632445219.4022644; 9; GPS(-43.522298, 172.577575, 21.434961, var=[-1.0, -1.0, -1.0]); 40.63279906094772; GPS(-43.522208, 172.577698, 0.000000, var=[-1.0, -1.0, -1.0])
13:00:19:404901; 2; 4; 1632445219.402681; 9; GPS(-43.522118, 172.577823, 21.419307, var=[-1.0, -1.0, -1.0]); 40.717273912113924; GPS(-43.522208, 172.577698, 0.000000, var=[-1.0, -1.0, -1.0])
13:00:20:403042; 2; 4; 1632445220.4022925; 10; GPS(-43.522118, 172.577823, 21.436306, var=[-1.0, -1.0, -1.0]); 40.72587502692693; GPS(-43.522208, 172.577698, 0.000000, var=[-1.0, -1.0, -1.0])
13:00:20:403274; 3; 4; 1632445220.402334; 10; GPS(-43.522298, 172.577575, 21.445961, var=[-1.0, -1.0, -1.0]); 40.64317103838013; GPS(-43.522208, 172.577698, 0.000000, var=[-1.0, -1.0, -1.0])
13:00:20:403394; 4; 4; 1632445220.402244; 9; GPS(-43.522298, 172.577823, 21.401013, var=[-1.0, -1.0, -1.0]); 40.66914303646344; GPS(-43.522208, 172.577698, 0.000000, var=[-1.0, -1.0, -1.0])
13:00:21:401839; 2; 4; 1632445221.4015179; 11; GPS(-43.522118, 172.577823, 21.439307, var=[-1.0, -1.0, -1.0]); 40.73272625391219; GPS(-43.522208, 172.577698, 0.000000, var=[-1.0, -1.0, -1.0])
13:00:21:402038; 3; 4; 1632445221.401506; 11; GPS(-43.522298, 172.577575, 21.455961, var=[-1.0, -1.0, -1.0]); 40.64216002162022; GPS(-43.522208, 172.577698, 0.000000, var=[-1.0, -1.0, -1.0])
13:00:21:402146; 4; 4; 1632445221.4015043; 10; GPS(-43.522298, 172.577823, 21.426013, var=[-1.0, -1.0, -1.0]); 40.68683368253893; GPS(-43.522208, 172.577698, 0.000000, var=[-1.0, -1.0, -1.0])
13:00:22:404820; 2; 4; 1632445222.4024873; 12; GPS(-43.522118, 172.577823, 21.453307, var=[-1.0, -1.0, -1.0]); 40.74995667246249; GPS(-43.522208, 172.577698, 0.000000, var=[-1.0, -1.0, -1.0])
13:00:22:405828; 4; 4; 1632445222.4026144; 11; GPS(-43.522298, 172.577823, 21.432013, var=[-1.0, -1.0, -1.0]); 40.68868520496783; GPS(-43.522208, 172.577698, 0.000000, var=[-1.0, -1.0, -1.0])
13:00:22:409373; 3; 4; 1632445222.4037132; 12; GPS(-43.522298, 172.577575, 21.464961, var=[-1.0, -1.0, -1.0]); 40.65593710192587; GPS(-43.522208, 172.577698, 0.000000, var=[-1.0, -1.0, -1.0])
13:00:23:403568; 2; 4; 1632445223.403027; 13; GPS(-43.522118, 172.577823, 21.461307, var=[-1.0, -1.0, -1.0]); 40.75662216873046; GPS(-43.522208, 172.577698, 0.000000, var=[-1.0, -1.0, -1.0])
13:00:23:403911; 3; 4; 1632445223.403281; 13; GPS(-43.522298, 172.577575, 21.476961, var=[-1.0, -1.0, -1.0]); 40.665977706886466; GPS(-43.522208, 172.577698, 0.000000, var=[-1.0, -1.0, -1.0])
13:00:23:404595; 4; 4; 1632445223.402899; 12; GPS(-43.522298, 172.577823, 21.443013, var=[-1.0, -1.0, -1.0]); 40.7021856949314; GPS(-43.522208, 172.577698, 0.000000, var=[-1.0, -1.0, -1.0])
13:00:24:403528; 2; 4; 1632445224.4032407; 14; GPS(-43.522118, 172.577823, 21.467307, var=[-1.0, -1.0, -1.0]); 40.759700415420774; GPS(-43.522208, 172.577698, 0.000000, var=[-1.0, -1.0, -1.0])
13:00:24:403857; 4; 4; 1632445224.4032474; 13; GPS(-43.522298, 172.577823, 21.451013, var=[-1.0, -1.0, -1.0]); 40.70453899719793; GPS(-43.522208, 172.577698, 0.000000, var=[-1.0, -1.0, -1.0])
13:00:24:404043; 3; 4; 1632445224.4032404; 14; GPS(-43.522298, 172.577575, 21.479961, var=[-1.0, -1.0, -1.0]); 40.66731402693594; GPS(-43.522208, 172.577698, 0.000000, var=[-1.0, -1.0, -1.0])
13:00:25:406374; 2; 4; 1632445225.40604; 15; GPS(-43.522118, 172.577823, 21.472307, var=[-1.0, -1.0, -1.0]); 40.75950686560316; GPS(-43.522208, 172.577698, 0.000000, var=[-1.0, -1.0, -1.0])
13:00:25:409209; 3; 4; 1632445225.4086692; 15; GPS(-43.522298, 172.577575, 21.490961, var=[-1.0, -1.0, -1.0]); 40.6839430831115; GPS(-43.522208, 172.577698, 0.000000, var=[-1.0, -1.0, -1.0])
13:00:25:412853; 4; 4; 1632445225.4119596; 14; GPS(-43.522298, 172.577823, 21.460013, var=[-1.0, -1.0, -1.0]); 40.7045851889675; GPS(-43.522208, 172.577698, 0.000000, var=[-1.0, -1.0, -1.0])
13:00:25:420734; 4; 4; 1632445225.4198167; 15; GPS(-43.522298, 172.577823, 21.461013, var=[-1.0, -1.0, -1.0]); 40.70542006588121; GPS(-43.522208, 172.577698, 0.000000, var=[-1.0, -1.0, -1.0])
13:00:25:421020; 2; 4; 1632445225.419947; 16; GPS(-43.522118, 172.577823, 21.472307, var=[-1.0, -1.0, -1.0]); 40.75950686560316; GPS(-43.522208, 172.577698, 0.000000, var=[-1.0, -1.0, -1.0])
13:00:25:421190; 3; 4; 1632445225.420129; 16; GPS(-43.522298, 172.577575, 21.490961, var=[-1.0, -1.0, -1.0]); 40.6839430831115; GPS(-43.522208, 172.577698, 0.000000, var=[-1.0, -1.0, -1.0])
13:00:26:403287; 4; 4; 1632445226.402314; 16; GPS(-43.522298, 172.577823, 21.452013, var=[-1.0, -1.0, -1.0]); 40.704208293061825; GPS(-43.522208, 172.577698, 0.000000, var=[-1.0, -1.0, -1.0])
13:00:26:404248; 2; 4; 1632445226.4031534; 17; GPS(-43.522118, 172.577823, 21.470307, var=[-1.0, -1.0, -1.0]); 40.76097968573463; GPS(-43.522208, 172.577698, 0.000000, var=[-1.0, -1.0, -1.0])
13:00:26:406187; 3; 4; 1632445226.403575; 17; GPS(-43.522298, 172.577575, 21.477961, var=[-1.0, -1.0, -1.0]); 40.67306635956242; GPS(-43.522208, 172.577698, 0.000000, var=[-1.0, -1.0, -1.0])
13:00:27:402136; 4; 4; 1632445227.401839; 17; GPS(-43.522298, 172.577823, 21.461013, var=[-1.0, -1.0, -1.0]); 40.71487305946525; GPS(-43.522208, 172.577698, 0.000000, var=[-1.0, -1.0, -1.0])
13:00:27:402423; 3; 4; 1632445227.4018846; 18; GPS(-43.522298, 172.577575, 21.481961, var=[-1.0, -1.0, -1.0]); 40.66898777130317; GPS(-43.522208, 172.577698, 0.000000, var=[-1.0, -1.0, -1.0])
13:00:27:402607; 2; 4; 1632445227.401887; 18; GPS(-43.522118, 172.577823, 21.468307, var=[-1.0, -1.0, -1.0]); 40.758099124792665; GPS(-43.522208, 172.577698, 0.000000, var=[-1.0, -1.0, -1.0])
13:00:28:404307; 4; 4; 1632445228.403051; 18; GPS(-43.522298, 172.577823, 21.464013, var=[-1.0, -1.0, -1.0]); 40.71853894825874; GPS(-43.522208, 172.577698, 0.000000, var=[-1.0, -1.0, -1.0])
13:00:28:404537; 3; 4; 1632445228.4030771; 19; GPS(-43.522298, 172.577575, 21.476961, var=[-1.0, -1.0, -1.0]); 40.664803497950054; GPS(-43.522208, 172.577698, 0.000000, var=[-1.0, -1.0, -1.0])
13:00:28:405502; 2; 4; 1632445228.4030874; 19; GPS(-43.522118, 172.577823, 21.472307, var=[-1.0, -1.0, -1.0]); 40.76143305361456; GPS(-43.522208, 172.577698, 0.000000, var=[-1.0, -1.0, -1.0])
13:00:29:402513; 4; 4; 1632445229.4022367; 19; GPS(-43.522298, 172.577823, 21.462013, var=[-1.0, -1.0, -1.0]); 40.712554603523415; GPS(-43.522208, 172.577698, 0.000000, var=[-1.0, -1.0, -1.0])
13:00:29:402759; 3; 4; 1632445229.402247; 20; GPS(-43.522298, 172.577575, 21.480962, var=[-1.0, -1.0, -1.0]); 40.6638563872276; GPS(-43.522208, 172.577698, 0.000000, var=[-1.0, -1.0, -1.0])
13:00:29:403209; 2; 4; 1632445229.4022882; 20; GPS(-43.522118, 172.577823, 21.474307, var=[-1.0, -1.0, -1.0]); 40.76867327641506; GPS(-43.522208, 172.577698, 0.000000, var=[-1.0, -1.0, -1.0])
13:00:30:404516; 3; 4; 1632445230.40389; 21; GPS(-43.522297, 172.577575, 21.481962, var=[-1.0, -1.0, -1.0]); 40.66353130647537; GPS(-43.522208, 172.577698, 0.000000, var=[-1.0, -1.0, -1.0])
13:00:30:404821; 4; 4; 1632445230.4034417; 20; GPS(-43.522298, 172.577823, 21.458013, var=[-1.0, -1.0, -1.0]); 40.698602717127855; GPS(-43.522208, 172.577698, 0.000000, var=[-1.0, -1.0, -1.0])
13:00:30:405808; 2; 4; 1632445230.4034472; 21; GPS(-43.522118, 172.577823, 21.474307, var=[-1.0, -1.0, -1.0]); 40.76553428107645; GPS(-43.522208, 172.577698, 0.000000, var=[-1.0, -1.0, -1.0])
13:00:31:404049; 4; 4; 1632445231.4037335; 21; GPS(-43.522298, 172.577823, 21.445014, var=[-1.0, -1.0, -1.0]); 40.679131994403214; GPS(-43.522208, 172.577698, 0.000000, var=[-1.0, -1.0, -1.0])
13:00:31:404535; 3; 4; 1632445231.4038699; 22; GPS(-43.522297, 172.577575, 21.480962, var=[-1.0, -1.0, -1.0]); 40.65956598074838; GPS(-43.522208, 172.577698, 0.000000, var=[-1.0, -1.0, -1.0])
13:00:31:404679; 2; 4; 1632445231.40387; 22; GPS(-43.522117, 172.577823, 21.477307, var=[-1.0, -1.0, -1.0]); 40.773631039921334; GPS(-43.522208, 172.577698, 0.000000, var=[-1.0, -1.0, -1.0])
13:00:32:405265; 3; 4; 1632445232.404549; 23; GPS(-43.522297, 172.577575, 21.481962, var=[-1.0, -1.0, -1.0]); 40.65183491350416; GPS(-43.522208, 172.577698, 0.000000, var=[-1.0, -1.0, -1.0])
13:00:32:405818; 4; 4; 1632445232.4049609; 22; GPS(-43.522298, 172.577823, 21.459014, var=[-1.0, -1.0, -1.0]); 40.6971281823774; GPS(-43.522208, 172.577698, 0.000000, var=[-1.0, -1.0, -1.0])
13:00:32:406180; 2; 4; 1632445232.404963; 23; GPS(-43.522117, 172.577823, 21.481307, var=[-1.0, -1.0, -1.0]); 40.78637602451601; GPS(-43.522208, 172.577698, 0.000000, var=[-1.0, -1.0, -1.0])
13:00:33:403651; 4; 4; 1632445233.4027743; 23; GPS(-43.522298, 172.577823, 21.456014, var=[-1.0, -1.0, -1.0]); 40.702081520562736; GPS(-43.522208, 172.577698, 0.000000, var=[-1.0, -1.0, -1.0])
13:00:33:403961; 3; 4; 1632445233.4026382; 24; GPS(-43.522297, 172.577575, 21.479962, var=[-1.0, -1.0, -1.0]); 40.65131564844572; GPS(-43.522208, 172.577698, 0.000000, var=[-1.0, -1.0, -1.0])
13:00:33:404355; 2; 4; 1632445233.402551; 24; GPS(-43.522117, 172.577823, 21.461307, var=[-1.0, -1.0, -1.0]); 40.77163854827253; GPS(-43.522208, 172.577698, 0.000000, var=[-1.0, -1.0, -1.0])
13:00:34:403758; 3; 4; 1632445234.4032917; 25; GPS(-43.522298, 172.577575, 21.467962, var=[-1.0, -1.0, -1.0]); 40.6510219014195; GPS(-43.522208, 172.577698, 0.000000, var=[-1.0, -1.0, -1.0])
13:00:34:404042; 2; 4; 1632445234.4033098; 25; GPS(-43.522118, 172.577823, 21.455307, var=[-1.0, -1.0, -1.0]); 40.759130054667345; GPS(-43.522208, 172.577698, 0.000000, var=[-1.0, -1.0, -1.0])
13:00:34:404344; 4; 4; 1632445234.4034252; 24; GPS(-43.522298, 172.577823, 21.436013, var=[-1.0, -1.0, -1.0]); 40.69517551792998; GPS(-43.522208, 172.577698, 0.000000, var=[-1.0, -1.0, -1.0])
13:00:34:469568; 1; 1; 1632445234.5650215; 0; GPS(-43.522121, 172.577557, 22.470245, var=[-1.0, -1.0, -1.0]); 42.00287426685114; GPS(-43.522208, 172.577698, 0.000000, var=[-1.0, -1.0, -1.0])
13:00:35:405342; 2; 4; 1632445235.4047432; 26; GPS(-43.522118, 172.577823, 21.455307, var=[-1.0, -1.0, -1.0]); 52.188223033770484; GPS(-43.522208, 172.577698, 0.000000, var=[-1.0, -1.0, -1.0])
13:00:35:406237; 4; 4; 1632445235.404984; 25; GPS(-43.522298, 172.577823, 21.441013, var=[-1.0, -1.0, -1.0]); 52.13396326232895; GPS(-43.522208, 172.577698, 0.000000, var=[-1.0, -1.0, -1.0])
13:00:35:406564; 3; 4; 1632445235.4059248; 26; GPS(-43.522298, 172.577575, 21.469961, var=[-1.0, -1.0, -1.0]); 52.09868966376892; GPS(-43.522208, 172.577698, 0.000000, var=[-1.0, -1.0, -1.0])
13:00:36:406224; 2; 4; 1632445236.405734; 27; GPS(-43.522118, 172.577823, 21.428307, var=[-1.0, -1.0, -1.0]); 52.15944294208376; GPS(-43.522208, 172.577698, 0.000000, var=[-1.0, -1.0, -1.0])
13:00:36:406505; 3; 4; 1632445236.4057186; 27; GPS(-43.522298, 172.577575, 21.459961, var=[-1.0, -1.0, -1.0]); 52.09775320073079; GPS(-43.522208, 172.577698, 0.000000, var=[-1.0, -1.0, -1.0])
13:00:36:406707; 4; 4; 1632445236.4057565; 26; GPS(-43.522298, 172.577823, 21.433013, var=[-1.0, -1.0, -1.0]); 52.122962930842164; GPS(-43.522208, 172.577698, 0.000000, var=[-1.0, -1.0, -1.0])
13:00:37:316494; 1; 2; 1632445237.4109442; 1; GPS(-43.522121, 172.577557, 22.366245, var=[-1.0, -1.0, -1.0]); 53.36536344067456; GPS(-43.522208, 172.577698, 0.000000, var=[-1.0, -1.0, -1.0])
13:00:37:430897; 3; 4; 1632445237.4306133; 28; GPS(-43.522298, 172.577575, 21.438961, var=[-1.0, -1.0, -1.0]); 52.05117643824049; GPS(-43.522208, 172.577698, 0.000000, var=[-1.0, -1.0, -1.0])
13:00:37:431188; 3; 4; 1632445237.4310207; 29; GPS(-43.522298, 172.577575, 21.438961, var=[-1.0, -1.0, -1.0]); 52.05117643824049; GPS(-43.522208, 172.577698, 0.000000, var=[-1.0, -1.0, -1.0])
13:00:37:432622; 4; 4; 1632445237.4322333; 27; GPS(-43.522298, 172.577823, 21.416013, var=[-1.0, -1.0, -1.0]); 52.07978027329997; GPS(-43.522208, 172.577698, 0.000000, var=[-1.0, -1.0, -1.0])
13:00:37:433031; 4; 4; 1632445237.432883; 28; GPS(-43.522298, 172.577823, 21.416013, var=[-1.0, -1.0, -1.0]); 52.07978027329997; GPS(-43.522208, 172.577698, 0.000000, var=[-1.0, -1.0, -1.0])
13:00:37:434518; 2; 4; 1632445237.4343204; 28; GPS(-43.522118, 172.577823, 21.410307, var=[-1.0, -1.0, -1.0]); 52.111078468559846; GPS(-43.522208, 172.577698, 0.000000, var=[-1.0, -1.0, -1.0])
13:00:37:434903; 2; 4; 1632445237.434694; 29; GPS(-43.522118, 172.577823, 21.410307, var=[-1.0, -1.0, -1.0]); 52.111078468559846; GPS(-43.522208, 172.577698, 0.000000, var=[-1.0, -1.0, -1.0])
13:00:38:404379; 4; 4; 1632445238.4040153; 29; GPS(-43.522298, 172.577823, 21.398013, var=[-1.0, -1.0, -1.0]); 52.06909575293473; GPS(-43.522208, 172.577698, 0.000000, var=[-1.0, -1.0, -1.0])
13:00:38:404661; 3; 4; 1632445238.4040265; 30; GPS(-43.522298, 172.577575, 21.422961, var=[-1.0, -1.0, -1.0]); 52.03897690795041; GPS(-43.522208, 172.577698, 0.000000, var=[-1.0, -1.0, -1.0])
13:00:38:404826; 2; 4; 1632445238.404116; 30; GPS(-43.522118, 172.577823, 21.398307, var=[-1.0, -1.0, -1.0]); 52.10423144701444; GPS(-43.522208, 172.577698, 0.000000, var=[-1.0, -1.0, -1.0])
13:00:39:406626; 3; 4; 1632445239.4056451; 31; GPS(-43.522298, 172.577575, 21.412961, var=[-1.0, -1.0, -1.0]); 52.03375466507965; GPS(-43.522208, 172.577698, 0.000000, var=[-1.0, -1.0, -1.0])
13:00:39:407116; 2; 4; 1632445239.4058688; 31; GPS(-43.522118, 172.577823, 21.401307, var=[-1.0, -1.0, -1.0]); 52.10358219442031; GPS(-43.522208, 172.577698, 0.000000, var=[-1.0, -1.0, -1.0])
13:00:39:408418; 4; 4; 1632445239.4057794; 30; GPS(-43.522298, 172.577823, 21.390013, var=[-1.0, -1.0, -1.0]); 52.05809480048616; GPS(-43.522208, 172.577698, 0.000000, var=[-1.0, -1.0, -1.0])
13:00:40:405771; 4; 4; 1632445240.4054556; 31; GPS(-43.522298, 172.577823, 21.386013, var=[-1.0, -1.0, -1.0]); 52.05791529277424; GPS(-43.522208, 172.577698, 0.000000, var=[-1.0, -1.0, -1.0])
13:00:40:405968; 2; 4; 1632445240.4055474; 32; GPS(-43.522118, 172.577823, 21.396307, var=[-1.0, -1.0, -1.0]); 52.10063990367668; GPS(-43.522208, 172.577698, 0.000000, var=[-1.0, -1.0, -1.0])
13:00:40:406097; 3; 4; 1632445240.405535; 32; GPS(-43.522298, 172.577575, 21.407961, var=[-1.0, -1.0, -1.0]); 52.02212865709546; GPS(-43.522208, 172.577698, 0.000000, var=[-1.0, -1.0, -1.0])
13:00:41:406139; 3; 4; 1632445241.4054887; 33; GPS(-43.522298, 172.577575, 21.394962, var=[-1.0, -1.0, -1.0]); 52.00264838691186; GPS(-43.522208, 172.577698, 0.000000, var=[-1.0, -1.0, -1.0])
13:00:41:406860; 4; 4; 1632445241.4050155; 32; GPS(-43.522298, 172.577823, 21.369013, var=[-1.0, -1.0, -1.0]); 52.04573742053435; GPS(-43.522208, 172.577698, 0.000000, var=[-1.0, -1.0, -1.0])
13:00:41:407208; 2; 4; 1632445241.4056873; 33; GPS(-43.522118, 172.577823, 21.383307, var=[-1.0, -1.0, -1.0]); 52.09296159539606; GPS(-43.522208, 172.577698, 0.000000, var=[-1.0, -1.0, -1.0])
13:00:42:405895; 3; 4; 1632445242.4055378; 34; GPS(-43.522298, 172.577575, 21.379961, var=[-1.0, -1.0, -1.0]); 51.99128179050533; GPS(-43.522208, 172.577698, 0.000000, var=[-1.0, -1.0, -1.0])
13:00:42:406033; 4; 4; 1632445242.4055429; 33; GPS(-43.522298, 172.577823, 21.367014, var=[-1.0, -1.0, -1.0]); 52.046079612291805; GPS(-43.522208, 172.577698, 0.000000, var=[-1.0, -1.0, -1.0])
13:00:42:406121; 2; 4; 1632445242.4055858; 34; GPS(-43.522118, 172.577823, 21.375307, var=[-1.0, -1.0, -1.0]); 52.08945151121481; GPS(-43.522208, 172.577698, 0.000000, var=[-1.0, -1.0, -1.0])
13:00:43:404888; 4; 4; 1632445243.4045248; 34; GPS(-43.522298, 172.577823, 21.355014, var=[-1.0, -1.0, -1.0]); 52.02744290249685; GPS(-43.522208, 172.577698, 0.000000, var=[-1.0, -1.0, -1.0])
13:00:43:405174; 2; 4; 1632445243.404565; 35; GPS(-43.522118, 172.577823, 21.363307, var=[-1.0, -1.0, -1.0]); 52.086992496008655; GPS(-43.522208, 172.577698, 0.000000, var=[-1.0, -1.0, -1.0])
13:00:43:405387; 3; 4; 1632445243.404622; 35; GPS(-43.522297, 172.577575, 21.376962, var=[-1.0, -1.0, -1.0]); 51.97388932057359; GPS(-43.522208, 172.577698, 0.000000, var=[-1.0, -1.0, -1.0])
13:00:44:405812; 4; 4; 1632445244.405526; 35; GPS(-43.522298, 172.577823, 21.358014, var=[-1.0, -1.0, -1.0]); 52.0224615842194; GPS(-43.522208, 172.577698, 0.000000, var=[-1.0, -1.0, -1.0])
13:00:44:406068; 3; 4; 1632445244.4055653; 36; GPS(-43.522297, 172.577575, 21.368962, var=[-1.0, -1.0, -1.0]); 51.956632108578276; GPS(-43.522208, 172.577698, 0.000000, var=[-1.0, -1.0, -1.0])
13:00:44:406314; 2; 4; 1632445244.4055953; 36; GPS(-43.522117, 172.577823, 21.366308, var=[-1.0, -1.0, -1.0]); 52.118420848195925; GPS(-43.522208, 172.577698, 0.000000, var=[-1.0, -1.0, -1.0])
13:00:45:406088; 4; 4; 1632445245.4056041; 36; GPS(-43.522298, 172.577823, 21.359014, var=[-1.0, -1.0, -1.0]); 52.02850540673562; GPS(-43.522208, 172.577698, 0.000000, var=[-1.0, -1.0, -1.0])
13:00:45:406428; 3; 4; 1632445245.4056437; 37; GPS(-43.522297, 172.577576, 21.377962, var=[-1.0, -1.0, -1.0]); 51.95048063128262; GPS(-43.522208, 172.577698, 0.000000, var=[-1.0, -1.0, -1.0])
13:00:45:407047; 2; 4; 1632445245.4056745; 37; GPS(-43.522117, 172.577824, 21.387308, var=[-1.0, -1.0, -1.0]); 52.15097158545937; GPS(-43.522208, 172.577698, 0.000000, var=[-1.0, -1.0, -1.0])
13:00:46:406302; 3; 4; 1632445246.4060192; 38; GPS(-43.522297, 172.577576, 21.392962, var=[-1.0, -1.0, -1.0]); 51.95679617647001; GPS(-43.522208, 172.577698, 0.000000, var=[-1.0, -1.0, -1.0])
13:00:46:406651; 4; 4; 1632445246.4058106; 37; GPS(-43.522298, 172.577824, 21.367014, var=[-1.0, -1.0, -1.0]); 52.052195850336034; GPS(-43.522208, 172.577698, 0.000000, var=[-1.0, -1.0, -1.0])
13:00:46:406827; 2; 4; 1632445246.4061146; 38; GPS(-43.522117, 172.577824, 21.386308, var=[-1.0, -1.0, -1.0]); 52.1520848986787; GPS(-43.522208, 172.577698, 0.000000, var=[-1.0, -1.0, -1.0])
13:00:47:407227; 3; 4; 1632445247.406623; 39; GPS(-43.522297, 172.577576, 21.382962, var=[-1.0, -1.0, -1.0]); 51.948423520329676; GPS(-43.522208, 172.577698, 0.000000, var=[-1.0, -1.0, -1.0])
13:00:47:407538; 2; 4; 1632445247.406979; 39; GPS(-43.522117, 172.577824, 21.395308, var=[-1.0, -1.0, -1.0]); 52.152013232416124; GPS(-43.522208, 172.577698, 0.000000, var=[-1.0, -1.0, -1.0])
13:00:47:407780; 4; 4; 1632445247.4069366; 38; GPS(-43.522298, 172.577824, 21.367014, var=[-1.0, -1.0, -1.0]); 52.052195850336034; GPS(-43.522208, 172.577698, 0.000000, var=[-1.0, -1.0, -1.0])
13:00:48:407868; 4; 4; 1632445248.4075165; 39; GPS(-43.522298, 172.577824, 21.375014, var=[-1.0, -1.0, -1.0]); 52.05886181087489; GPS(-43.522208, 172.577698, 0.000000, var=[-1.0, -1.0, -1.0])
13:00:48:408065; 3; 4; 1632445248.407545; 40; GPS(-43.522297, 172.577576, 21.389962, var=[-1.0, -1.0, -1.0]); 51.95310840658726; GPS(-43.522208, 172.577698, 0.000000, var=[-1.0, -1.0, -1.0])
13:00:48:408212; 2; 4; 1632445248.407628; 40; GPS(-43.522117, 172.577824, 21.404308, var=[-1.0, -1.0, -1.0]); 52.163874338604636; GPS(-43.522208, 172.577698, 0.000000, var=[-1.0, -1.0, -1.0])
13:00:49:406956; 3; 4; 1632445249.4063725; 41; GPS(-43.522297, 172.577575, 21.403963, var=[-1.0, -1.0, -1.0]); 51.96678728891301; GPS(-43.522208, 172.577698, 0.000000, var=[-1.0, -1.0, -1.0])
13:00:49:407324; 4; 4; 1632445249.4064417; 40; GPS(-43.522298, 172.577823, 21.386014, var=[-1.0, -1.0, -1.0]); 52.04898026309515; GPS(-43.522208, 172.577698, 0.000000, var=[-1.0, -1.0, -1.0])
13:00:49:407568; 2; 4; 1632445249.4063408; 41; GPS(-43.522117, 172.577823, 21.410308, var=[-1.0, -1.0, -1.0]); 52.1549975268712; GPS(-43.522208, 172.577698, 0.000000, var=[-1.0, -1.0, -1.0])
13:00:50:406952; 3; 4; 1632445250.4066074; 42; GPS(-43.522297, 172.577575, 21.410962, var=[-1.0, -1.0, -1.0]); 51.983186757101535; GPS(-43.522208, 172.577698, 0.000000, var=[-1.0, -1.0, -1.0])
13:00:50:407149; 2; 4; 1632445250.4066956; 42; GPS(-43.522117, 172.577823, 21.414308, var=[-1.0, -1.0, -1.0]); 52.152013303432035; GPS(-43.522208, 172.577698, 0.000000, var=[-1.0, -1.0, -1.0])
13:00:50:407285; 4; 4; 1632445250.4066052; 41; GPS(-43.522298, 172.577823, 21.408014, var=[-1.0, -1.0, -1.0]); 52.053541230151254; GPS(-43.522208, 172.577698, 0.000000, var=[-1.0, -1.0, -1.0])
13:00:51:407363; 4; 4; 1632445251.4070036; 42; GPS(-43.522298, 172.577823, 21.407014, var=[-1.0, -1.0, -1.0]); 52.059031286796355; GPS(-43.522208, 172.577698, 0.000000, var=[-1.0, -1.0, -1.0])
13:00:51:407601; 3; 4; 1632445251.4070146; 43; GPS(-43.522297, 172.577575, 21.415963, var=[-1.0, -1.0, -1.0]); 51.98308754909189; GPS(-43.522208, 172.577698, 0.000000, var=[-1.0, -1.0, -1.0])
13:00:51:407761; 2; 4; 1632445251.4070482; 43; GPS(-43.522117, 172.577823, 21.422307, var=[-1.0, -1.0, -1.0]); 52.15113922914126; GPS(-43.522208, 172.577698, 0.000000, var=[-1.0, -1.0, -1.0])
13:00:52:407550; 3; 4; 1632445252.4072852; 44; GPS(-43.522297, 172.577575, 21.423962, var=[-1.0, -1.0, -1.0]); 51.99407087600725; GPS(-43.522208, 172.577698, 0.000000, var=[-1.0, -1.0, -1.0])
13:00:52:407780; 2; 4; 1632445252.407303; 44; GPS(-43.522117, 172.577823, 21.434307, var=[-1.0, -1.0, -1.0]); 52.15920813094273; GPS(-43.522208, 172.577698, 0.000000, var=[-1.0, -1.0, -1.0])
13:00:52:407937; 4; 4; 1632445252.4071712; 43; GPS(-43.522298, 172.577823, 21.408014, var=[-1.0, -1.0, -1.0]); 52.055568661892536; GPS(-43.522208, 172.577698, 0.000000, var=[-1.0, -1.0, -1.0])
13:00:53:407695; 3; 4; 1632445253.407402; 45; GPS(-43.522297, 172.577575, 21.434963, var=[-1.0, -1.0, -1.0]); 52.00212598767787; GPS(-43.522208, 172.577698, 0.000000, var=[-1.0, -1.0, -1.0])
13:00:53:407927; 4; 4; 1632445253.4073844; 44; GPS(-43.522298, 172.577823, 21.418014, var=[-1.0, -1.0, -1.0]); 52.06708113166891; GPS(-43.522208, 172.577698, 0.000000, var=[-1.0, -1.0, -1.0])
13:00:53:408118; 2; 4; 1632445253.407509; 45; GPS(-43.522117, 172.577823, 21.438308, var=[-1.0, -1.0, -1.0]); 52.16502058381754; GPS(-43.522208, 172.577698, 0.000000, var=[-1.0, -1.0, -1.0])
13:00:54:408096; 3; 4; 1632445254.407418; 46; GPS(-43.522297, 172.577575, 21.444962, var=[-1.0, -1.0, -1.0]); 52.021038240886476; GPS(-43.522208, 172.577698, 0.000000, var=[-1.0, -1.0, -1.0])
13:00:54:408721; 4; 4; 1632445254.407368; 45; GPS(-43.522298, 172.577823, 21.422014, var=[-1.0, -1.0, -1.0]); 52.07268854421179; GPS(-43.522208, 172.577698, 0.000000, var=[-1.0, -1.0, -1.0])
13:00:54:409096; 2; 4; 1632445254.4082396; 46; GPS(-43.522117, 172.577823, 21.453308, var=[-1.0, -1.0, -1.0]); 52.173123151288294; GPS(-43.522208, 172.577698, 0.000000, var=[-1.0, -1.0, -1.0])
13:00:55:408316; 3; 4; 1632445255.4079232; 47; GPS(-43.522297, 172.577575, 21.461962, var=[-1.0, -1.0, -1.0]); 52.042683622926795; GPS(-43.522208, 172.577698, 0.000000, var=[-1.0, -1.0, -1.0])
13:00:55:408675; 4; 4; 1632445255.4079022; 46; GPS(-43.522298, 172.577823, 21.432014, var=[-1.0, -1.0, -1.0]); 52.08333284980587; GPS(-43.522208, 172.577698, 0.000000, var=[-1.0, -1.0, -1.0])
13:00:55:409185; 2; 4; 1632445255.4080327; 47; GPS(-43.522117, 172.577823, 21.461307, var=[-1.0, -1.0, -1.0]); 52.17854501666105; GPS(-43.522208, 172.577698, 0.000000, var=[-1.0, -1.0, -1.0])
13:00:56:407912; 3; 4; 1632445256.4076219; 48; GPS(-43.522297, 172.577575, 21.467962, var=[-1.0, -1.0, -1.0]); 52.05199111360085; GPS(-43.522208, 172.577698, 0.000000, var=[-1.0, -1.0, -1.0])
13:00:56:408118; 4; 4; 1632445256.407622; 47; GPS(-43.522298, 172.577823, 21.441014, var=[-1.0, -1.0, -1.0]); 52.090845794644856; GPS(-43.522208, 172.577698, 0.000000, var=[-1.0, -1.0, -1.0])
13:00:56:408276; 2; 4; 1632445256.4076464; 48; GPS(-43.522118, 172.577823, 21.466307, var=[-1.0, -1.0, -1.0]); 52.16960211008123; GPS(-43.522208, 172.577698, 0.000000, var=[-1.0, -1.0, -1.0])
13:00:57:406690; 4; 4; 1632445257.4063342; 48; GPS(-43.522298, 172.577823, 21.441013, var=[-1.0, -1.0, -1.0]); 52.09830988677245; GPS(-43.522208, 172.577698, 0.000000, var=[-1.0, -1.0, -1.0])
13:00:57:406948; 3; 4; 1632445257.406419; 49; GPS(-43.522298, 172.577575, 21.478962, var=[-1.0, -1.0, -1.0]); 52.066651836423716; GPS(-43.522208, 172.577698, 0.000000, var=[-1.0, -1.0, -1.0])
13:00:57:407809; 2; 4; 1632445257.4064577; 49; GPS(-43.522118, 172.577823, 21.473307, var=[-1.0, -1.0, -1.0]); 52.167935688669594; GPS(-43.522208, 172.577698, 0.000000, var=[-1.0, -1.0, -1.0])
13:00:58:406686; 4; 4; 1632445258.4063973; 49; GPS(-43.522298, 172.577823, 21.448013, var=[-1.0, -1.0, -1.0]); 52.10099939392782; GPS(-43.522208, 172.577698, 0.000000, var=[-1.0, -1.0, -1.0])
13:00:58:406966; 3; 4; 1632445258.4065669; 50; GPS(-43.522298, 172.577575, 21.477962, var=[-1.0, -1.0, -1.0]); 52.070110200785; GPS(-43.522208, 172.577698, 0.000000, var=[-1.0, -1.0, -1.0])
13:00:58:407118; 2; 4; 1632445258.4064531; 50; GPS(-43.522118, 172.577823, 21.465307, var=[-1.0, -1.0, -1.0]); 52.158129126163345; GPS(-43.522208, 172.577698, 0.000000, var=[-1.0, -1.0, -1.0])
13:00:59:407680; 4; 4; 1632445259.4073765; 50; GPS(-43.522298, 172.577823, 21.451014, var=[-1.0, -1.0, -1.0]); 52.092894906404055; GPS(-43.522208, 172.577698, 0.000000, var=[-1.0, -1.0, -1.0])
13:00:59:407885; 2; 4; 1632445259.407405; 51; GPS(-43.522118, 172.577823, 21.462307, var=[-1.0, -1.0, -1.0]); 52.15562841890304; GPS(-43.522208, 172.577698, 0.000000, var=[-1.0, -1.0, -1.0])
13:00:59:408121; 3; 4; 1632445259.4074047; 51; GPS(-43.522298, 172.577575, 21.467962, var=[-1.0, -1.0, -1.0]); 52.06370053665147; GPS(-43.522208, 172.577698, 0.000000, var=[-1.0, -1.0, -1.0])
13:01:00:408280; 4; 4; 1632445260.408041; 51; GPS(-43.522298, 172.577822, 21.442014, var=[-1.0, -1.0, -1.0]); 52.07908606791804; GPS(-43.522208, 172.577698, 0.000000, var=[-1.0, -1.0, -1.0])
13:01:00:408490; 3; 4; 1632445260.4080684; 52; GPS(-43.522297, 172.577575, 21.458962, var=[-1.0, -1.0, -1.0]); 52.058144711285706; GPS(-43.522208, 172.577698, 0.000000, var=[-1.0, -1.0, -1.0])
13:01:00:408735; 2; 4; 1632445260.4081104; 52; GPS(-43.522117, 172.577823, 21.461307, var=[-1.0, -1.0, -1.0]); 52.16666182127643; GPS(-43.522208, 172.577698, 0.000000, var=[-1.0, -1.0, -1.0])
13:01:01:407964; 4; 4; 1632445261.4074495; 52; GPS(-43.522298, 172.577823, 21.457014, var=[-1.0, -1.0, -1.0]); 52.094759970564354; GPS(-43.522208, 172.577698, 0.000000, var=[-1.0, -1.0, -1.0])
13:01:01:408233; 3; 4; 1632445261.4074478; 53; GPS(-43.522297, 172.577575, 21.470962, var=[-1.0, -1.0, -1.0]); 52.05763240116411; GPS(-43.522208, 172.577698, 0.000000, var=[-1.0, -1.0, -1.0])
13:01:01:408424; 2; 4; 1632445261.4075212; 53; GPS(-43.522117, 172.577823, 21.462307, var=[-1.0, -1.0, -1.0]); 52.17500420097376; GPS(-43.522208, 172.577698, 0.000000, var=[-1.0, -1.0, -1.0])
13:01:02:410462; 2; 4; 1632445262.4091; 54; GPS(-43.522117, 172.577823, 21.462307, var=[-1.0, -1.0, -1.0]); 52.173776487650734; GPS(-43.522208, 172.577698, 0.000000, var=[-1.0, -1.0, -1.0])
13:01:02:411402; 4; 4; 1632445262.4089735; 53; GPS(-43.522298, 172.577823, 21.449014, var=[-1.0, -1.0, -1.0]); 52.090067795292384; GPS(-43.522208, 172.577698, 0.000000, var=[-1.0, -1.0, -1.0])
13:01:02:412038; 3; 4; 1632445262.4107993; 54; GPS(-43.522297, 172.577575, 21.473962, var=[-1.0, -1.0, -1.0]); 52.057014166474964; GPS(-43.522208, 172.577698, 0.000000, var=[-1.0, -1.0, -1.0])
13:01:03:409794; 3; 4; 1632445263.408862; 55; GPS(-43.522298, 172.577575, 21.471962, var=[-1.0, -1.0, -1.0]); 52.05766812716013; GPS(-43.522208, 172.577698, 0.000000, var=[-1.0, -1.0, -1.0])
13:01:03:410874; 4; 4; 1632445263.408908; 54; GPS(-43.522298, 172.577823, 21.450013, var=[-1.0, -1.0, -1.0]); 52.10582160495383; GPS(-43.522208, 172.577698, 0.000000, var=[-1.0, -1.0, -1.0])
13:01:03:411347; 2; 4; 1632445263.4096282; 55; GPS(-43.522118, 172.577823, 21.473307, var=[-1.0, -1.0, -1.0]); 52.18171979708694; GPS(-43.522208, 172.577698, 0.000000, var=[-1.0, -1.0, -1.0])
13:01:04:410879; 4; 4; 1632445264.4097316; 55; GPS(-43.522298, 172.577823, 21.446013, var=[-1.0, -1.0, -1.0]); 52.11742421996938; GPS(-43.522208, 172.577698, 0.000000, var=[-1.0, -1.0, -1.0])
13:01:04:413777; 3; 4; 1632445264.4109013; 56; GPS(-43.522298, 172.577575, 21.483961, var=[-1.0, -1.0, -1.0]); 52.076308661775826; GPS(-43.522208, 172.577698, 0.000000, var=[-1.0, -1.0, -1.0])
13:01:04:414630; 2; 4; 1632445264.4096286; 56; GPS(-43.522118, 172.577823, 21.475307, var=[-1.0, -1.0, -1.0]); 52.17152887356234; GPS(-43.522208, 172.577698, 0.000000, var=[-1.0, -1.0, -1.0])
13:01:05:408638; 3; 4; 1632445265.4082108; 57; GPS(-43.522298, 172.577575, 21.478961, var=[-1.0, -1.0, -1.0]); 52.0858006651709; GPS(-43.522208, 172.577698, 0.000000, var=[-1.0, -1.0, -1.0])
13:01:05:412495; 4; 4; 1632445265.4082282; 56; GPS(-43.522298, 172.577823, 21.450013, var=[-1.0, -1.0, -1.0]); 52.11760506057654; GPS(-43.522208, 172.577698, 0.000000, var=[-1.0, -1.0, -1.0])
13:01:05:412927; 2; 4; 1632445265.4083073; 57; GPS(-43.522118, 172.577823, 21.467307, var=[-1.0, -1.0, -1.0]); 52.169217038390386; GPS(-43.522208, 172.577698, 0.000000, var=[-1.0, -1.0, -1.0])
13:01:06:361816; 1; 3; 1632445266.4497724; 2; GPS(-43.522120, 172.577562, 32.976247, var=[-1.0, -1.0, -1.0]); 62.51385112240606; GPS(-43.522208, 172.577698, 0.000000, var=[-1.0, -1.0, -1.0])
13:01:06:362633; 1; 4; 1632445266.451087; 3; GPS(-43.522120, 172.577562, 32.976247, var=[-1.0, -1.0, -1.0]); 62.51385112240606; GPS(-43.522208, 172.577698, 0.000000, var=[-1.0, -1.0, -1.0])
13:01:10:428073; 1; 4; 1632445266.4511957; 4; GPS(-43.522120, 172.577562, 32.976247, var=[-1.0, -1.0, -1.0]); 62.51385112240606; GPS(-43.522208, 172.577698, 0.000000, var=[-1.0, -1.0, -1.0])
13:01:10:726959; 3; 4; 1632445266.470008; 58; GPS(-43.522298, 172.577575, 21.483961, var=[-1.0, -1.0, -1.0]); 52.12975150737111; GPS(-43.522208, 172.577698, 0.000000, var=[-1.0, -1.0, -1.0])
13:01:10:912424; 2; 4; 1632445266.471861; 58; GPS(-43.522118, 172.577823, 21.461307, var=[-1.0, -1.0, -1.0]); 52.208287535616044; GPS(-43.522208, 172.577698, 0.000000, var=[-1.0, -1.0, -1.0])
13:01:11:124061; 4; 4; 1632445266.4841046; 57; GPS(-43.522298, 172.577823, 21.456013, var=[-1.0, -1.0, -1.0]); 52.16352810420689; GPS(-43.522208, 172.577698, 0.000000, var=[-1.0, -1.0, -1.0])
13:01:11:302265; 1; 4; 1632445266.4512637; 5; GPS(-43.522120, 172.577562, 32.976247, var=[-1.0, -1.0, -1.0]); 62.51385112240606; GPS(-43.522208, 172.577698, 0.000000, var=[-1.0, -1.0, -1.0])
13:01:11:528553; 3; 4; 1632445266.52621; 59; GPS(-43.522298, 172.577575, 21.483961, var=[-1.0, -1.0, -1.0]); 52.12975150737111; GPS(-43.522208, 172.577698, 0.000000, var=[-1.0, -1.0, -1.0])
13:01:11:766324; 2; 4; 1632445266.5310316; 59; GPS(-43.522118, 172.577823, 21.461307, var=[-1.0, -1.0, -1.0]); 52.208287535616044; GPS(-43.522208, 172.577698, 0.000000, var=[-1.0, -1.0, -1.0])
13:01:11:929425; 4; 4; 1632445266.5383654; 58; GPS(-43.522298, 172.577823, 21.457013, var=[-1.0, -1.0, -1.0]); 52.160046667662584; GPS(-43.522208, 172.577698, 0.000000, var=[-1.0, -1.0, -1.0])
13:01:12:141844; 1; 4; 1632445266.4513452; 6; GPS(-43.522120, 172.577562, 32.976247, var=[-1.0, -1.0, -1.0]); 62.51385112240606; GPS(-43.522208, 172.577698, 0.000000, var=[-1.0, -1.0, -1.0])
13:01:12:357904; 3; 4; 1632445267.4098332; 60; GPS(-43.522298, 172.577575, 21.458962, var=[-1.0, -1.0, -1.0]); 52.09711031041155; GPS(-43.522208, 172.577698, 0.000000, var=[-1.0, -1.0, -1.0])
13:01:12:581035; 2; 4; 1632445267.4102376; 60; GPS(-43.522118, 172.577823, 21.462307, var=[-1.0, -1.0, -1.0]); 52.21033930518585; GPS(-43.522208, 172.577698, 0.000000, var=[-1.0, -1.0, -1.0])
13:01:12:809255; 4; 4; 1632445267.410697; 59; GPS(-43.522298, 172.577823, 21.448014, var=[-1.0, -1.0, -1.0]); 52.14391336155179; GPS(-43.522208, 172.577698, 0.000000, var=[-1.0, -1.0, -1.0])
13:01:13:011593; 1; 4; 1632445266.4514115; 7; GPS(-43.522120, 172.577562, 32.976247, var=[-1.0, -1.0, -1.0]); 62.51385112240606; GPS(-43.522208, 172.577698, 0.000000, var=[-1.0, -1.0, -1.0])
13:01:13:253949; 3; 4; 1632445268.4110487; 61; GPS(-43.522297, 172.577575, 21.458962, var=[-1.0, -1.0, -1.0]); 52.09281682309748; GPS(-43.522208, 172.577698, 0.000000, var=[-1.0, -1.0, -1.0])
13:01:13:480427; 2; 4; 1632445268.4109645; 61; GPS(-43.522117, 172.577823, 21.459307, var=[-1.0, -1.0, -1.0]); 52.212205638557606; GPS(-43.522208, 172.577698, 0.000000, var=[-1.0, -1.0, -1.0])
13:01:13:683422; 4; 4; 1632445268.4109693; 60; GPS(-43.522298, 172.577823, 21.446014, var=[-1.0, -1.0, -1.0]); 52.137938577745956; GPS(-43.522208, 172.577698, 0.000000, var=[-1.0, -1.0, -1.0])
13:01:13:901027; 1; 4; 1632445266.45147; 8; GPS(-43.522120, 172.577562, 32.976247, var=[-1.0, -1.0, -1.0]); 62.51385112240606; GPS(-43.522208, 172.577698, 0.000000, var=[-1.0, -1.0, -1.0])
13:01:14:138385; 3; 4; 1632445269.4104586; 62; GPS(-43.522297, 172.577575, 21.463962, var=[-1.0, -1.0, -1.0]); 52.08958438758888; GPS(-43.522208, 172.577698, 0.000000, var=[-1.0, -1.0, -1.0])
13:01:14:334809; 2; 4; 1632445269.4111142; 62; GPS(-43.522117, 172.577823, 21.459307, var=[-1.0, -1.0, -1.0]); 52.218492034139274; GPS(-43.522208, 172.577698, 0.000000, var=[-1.0, -1.0, -1.0])
13:01:14:570652; 4; 4; 1632445269.4099262; 61; GPS(-43.522298, 172.577823, 21.448014, var=[-1.0, -1.0, -1.0]); 52.14908304591104; GPS(-43.522208, 172.577698, 0.000000, var=[-1.0, -1.0, -1.0])
13:01:14:754563; 1; 4; 1632445266.4515278; 9; GPS(-43.522120, 172.577562, 32.976247, var=[-1.0, -1.0, -1.0]); 62.51385112240606; GPS(-43.522208, 172.577698, 0.000000, var=[-1.0, -1.0, -1.0])
13:01:14:996166; 3; 4; 1632445270.4087784; 63; GPS(-43.522297, 172.577575, 21.467962, var=[-1.0, -1.0, -1.0]); 52.08552238827606; GPS(-43.522208, 172.577698, 0.000000, var=[-1.0, -1.0, -1.0])
13:01:15:203021; 2; 4; 1632445270.408815; 63; GPS(-43.522117, 172.577823, 21.467307, var=[-1.0, -1.0, -1.0]); 52.22952279509461; GPS(-43.522208, 172.577698, 0.000000, var=[-1.0, -1.0, -1.0])
13:01:15:417005; 4; 4; 1632445270.4087768; 62; GPS(-43.522298, 172.577823, 21.445014, var=[-1.0, -1.0, -1.0]); 52.15404520017934; GPS(-43.522208, 172.577698, 0.000000, var=[-1.0, -1.0, -1.0])
13:01:15:659036; 1; 4; 1632445266.4515848; 10; GPS(-43.522120, 172.577562, 32.976247, var=[-1.0, -1.0, -1.0]); 62.51385112240606; GPS(-43.522208, 172.577698, 0.000000, var=[-1.0, -1.0, -1.0])
13:01:15:859140; 3; 5; 1632445271.508113; 64; GPS(-43.522297, 172.577575, 21.466962, var=[-1.0, -1.0, -1.0]); 52.715669781858686; GPS(-43.522208, 172.577698, 0.000000, var=[-1.0, -1.0, -1.0])
13:01:16:068841; 2; 5; 1632445271.484753; 64; GPS(-43.522118, 172.577823, 21.478307, var=[-1.0, -1.0, -1.0]); 52.842970287297106; GPS(-43.522208, 172.577698, 0.000000, var=[-1.0, -1.0, -1.0])
13:01:16:238770; 4; 5; 1632445271.4964523; 63; GPS(-43.522298, 172.577823, 21.448013, var=[-1.0, -1.0, -1.0]); 52.77184735904622; GPS(-43.522208, 172.577698, 0.000000, var=[-1.0, -1.0, -1.0])
13:01:16:443317; 1; 4; 1632445266.4516459; 11; GPS(-43.522120, 172.577562, 32.976247, var=[-1.0, -1.0, -1.0]); 62.51385112240606; GPS(-43.522208, 172.577698, 0.000000, var=[-1.0, -1.0, -1.0])
13:01:16:694254; 3; 5; 1632445271.5084372; 65; GPS(-43.522297, 172.577575, 21.466962, var=[-1.0, -1.0, -1.0]); 52.715669781858686; GPS(-43.522208, 172.577698, 0.000000, var=[-1.0, -1.0, -1.0])
13:01:16:871696; 2; 5; 1632445271.4853256; 65; GPS(-43.522118, 172.577823, 21.478307, var=[-1.0, -1.0, -1.0]); 52.842970287297106; GPS(-43.522208, 172.577698, 0.000000, var=[-1.0, -1.0, -1.0])
13:01:17:076547; 4; 5; 1632445271.4966664; 64; GPS(-43.522298, 172.577823, 21.448013, var=[-1.0, -1.0, -1.0]); 52.77184735904622; GPS(-43.522208, 172.577698, 0.000000, var=[-1.0, -1.0, -1.0])
13:01:17:249009; 1; 4; 1632445266.4517033; 12; GPS(-43.522120, 172.577562, 32.976247, var=[-1.0, -1.0, -1.0]); 62.51385112240606; GPS(-43.522208, 172.577698, 0.000000, var=[-1.0, -1.0, -1.0])
13:01:17:501260; 3; 5; 1632445272.4105926; 66; GPS(-43.522305, 172.577586, 21.560952, var=[-1.0, -1.0, -1.0]); 55.22129886442069; GPS(-43.522208, 172.577698, 0.000000, var=[-1.0, -1.0, -1.0])
13:01:17:696093; 2; 5; 1632445272.4107363; 66; GPS(-43.522128, 172.577838, 21.538294, var=[-1.0, -1.0, -1.0]); 55.38430850181205; GPS(-43.522208, 172.577698, 0.000000, var=[-1.0, -1.0, -1.0])
13:01:17:877534; 4; 5; 1632445272.4107363; 65; GPS(-43.522305, 172.577834, 21.544004, var=[-1.0, -1.0, -1.0]); 55.92486519696757; GPS(-43.522208, 172.577698, 0.000000, var=[-1.0, -1.0, -1.0])
13:01:18:045450; 1; 4; 1632445266.451758; 13; GPS(-43.522120, 172.577562, 32.976247, var=[-1.0, -1.0, -1.0]); 62.51385112240606; GPS(-43.522208, 172.577698, 0.000000, var=[-1.0, -1.0, -1.0])
13:01:18:313835; 3; 5; 1632445273.4097927; 67; GPS(-43.522328, 172.577621, 21.483922, var=[-1.0, -1.0, -1.0]); 58.05686791896673; GPS(-43.522208, 172.577698, 0.000000, var=[-1.0, -1.0, -1.0])
13:01:18:516653; 2; 5; 1632445273.4106395; 67; GPS(-43.522150, 172.577873, 21.477264, var=[-1.0, -1.0, -1.0]); 58.517542643675036; GPS(-43.522208, 172.577698, 0.000000, var=[-1.0, -1.0, -1.0])
13:01:18:696711; 4; 5; 1632445273.4095345; 66; GPS(-43.522328, 172.577869, 21.462975, var=[-1.0, -1.0, -1.0]); 60.765148507126206; GPS(-43.522208, 172.577698, 0.000000, var=[-1.0, -1.0, -1.0])
13:01:18:900765; 1; 4; 1632445266.4518151; 14; GPS(-43.522120, 172.577562, 32.976247, var=[-1.0, -1.0, -1.0]); 62.51385112240606; GPS(-43.522208, 172.577698, 0.000000, var=[-1.0, -1.0, -1.0])
13:01:19:144657; 3; 5; 1632445274.4095008; 68; GPS(-43.522343, 172.577643, 21.449901, var=[-1.0, -1.0, -1.0]); 60.54035923839458; GPS(-43.522208, 172.577698, 0.000000, var=[-1.0, -1.0, -1.0])
13:01:19:298966; 2; 5; 1632445274.4093935; 68; GPS(-43.522164, 172.577892, 21.457246, var=[-1.0, -1.0, -1.0]); 60.95457947990013; GPS(-43.522208, 172.577698, 0.000000, var=[-1.0, -1.0, -1.0])
13:01:19:472731; 4; 5; 1632445274.4093168; 67; GPS(-43.522343, 172.577890, 21.423955, var=[-1.0, -1.0, -1.0]); 64.3661614809445; GPS(-43.522208, 172.577698, 0.000000, var=[-1.0, -1.0, -1.0])
13:01:19:636710; 1; 4; 1632445266.4518714; 15; GPS(-43.522120, 172.577562, 32.976247, var=[-1.0, -1.0, -1.0]); 62.51385112240606; GPS(-43.522208, 172.577698, 0.000000, var=[-1.0, -1.0, -1.0])
13:01:19:830507; 3; 5; 1632445275.409427; 69; GPS(-43.522348, 172.577645, 21.480895, var=[-1.0, -1.0, -1.0]); 62.01005413414937; GPS(-43.522208, 172.577698, 0.000000, var=[-1.0, -1.0, -1.0])
13:01:20:031833; 2; 5; 1632445275.4094915; 69; GPS(-43.522168, 172.577893, 21.485239, var=[-1.0, -1.0, -1.0]); 62.15584704822766; GPS(-43.522208, 172.577698, 0.000000, var=[-1.0, -1.0, -1.0])
13:01:20:230861; 4; 5; 1632445275.4094222; 68; GPS(-43.522348, 172.577893, 21.458947, var=[-1.0, -1.0, -1.0]); 65.95373133197417; GPS(-43.522208, 172.577698, 0.000000, var=[-1.0, -1.0, -1.0])
13:01:20:405934; 1; 4; 1632445266.451933; 16; GPS(-43.522120, 172.577562, 32.976247, var=[-1.0, -1.0, -1.0]); 62.51385112240606; GPS(-43.522208, 172.577698, 0.000000, var=[-1.0, -1.0, -1.0])
13:01:20:610937; 3; 5; 1632445276.4146981; 70; GPS(-43.522347, 172.577640, 21.501895, var=[-1.0, -1.0, -1.0]); 62.89366514294464; GPS(-43.522208, 172.577698, 0.000000, var=[-1.0, -1.0, -1.0])
13:01:20:818066; 2; 5; 1632445276.4111388; 70; GPS(-43.522167, 172.577888, 21.512240, var=[-1.0, -1.0, -1.0]); 62.84007422516603; GPS(-43.522208, 172.577698, 0.000000, var=[-1.0, -1.0, -1.0])
13:01:21:035552; 4; 5; 1632445276.4253628; 69; GPS(-43.522347, 172.577888, 21.484948, var=[-1.0, -1.0, -1.0]); 66.58273877126997; GPS(-43.522208, 172.577698, 0.000000, var=[-1.0, -1.0, -1.0])
13:01:21:234616; 1; 4; 1632445266.4519904; 17; GPS(-43.522120, 172.577562, 32.976247, var=[-1.0, -1.0, -1.0]); 62.51385112240606; GPS(-43.522208, 172.577698, 0.000000, var=[-1.0, -1.0, -1.0])
13:01:21:482076; 3; 5; 1632445276.4286375; 71; GPS(-43.522347, 172.577640, 21.502895, var=[-1.0, -1.0, -1.0]); 62.88950155483964; GPS(-43.522208, 172.577698, 0.000000, var=[-1.0, -1.0, -1.0])
13:01:21:660293; 2; 5; 1632445276.4287195; 71; GPS(-43.522167, 172.577888, 21.512241, var=[-1.0, -1.0, -1.0]); 62.837389091396226; GPS(-43.522208, 172.577698, 0.000000, var=[-1.0, -1.0, -1.0])
13:01:21:884044; 4; 5; 1632445276.4285297; 70; GPS(-43.522347, 172.577888, 21.484948, var=[-1.0, -1.0, -1.0]); 66.58273877126997; GPS(-43.522208, 172.577698, 0.000000, var=[-1.0, -1.0, -1.0])
13:01:22:094765; 1; 4; 1632445266.4520466; 18; GPS(-43.522120, 172.577562, 32.976247, var=[-1.0, -1.0, -1.0]); 62.51385112240606; GPS(-43.522208, 172.577698, 0.000000, var=[-1.0, -1.0, -1.0])
13:01:22:345646; 3; 5; 1632445277.428942; 72; GPS(-43.522344, 172.577636, 21.526899, var=[-1.0, -1.0, -1.0]); 63.698370868569455; GPS(-43.522208, 172.577698, 0.000000, var=[-1.0, -1.0, -1.0])
13:01:22:562559; 2; 5; 1632445277.4501588; 72; GPS(-43.522164, 172.577884, 21.526244, var=[-1.0, -1.0, -1.0]); 63.632169096281956; GPS(-43.522208, 172.577698, 0.000000, var=[-1.0, -1.0, -1.0])
13:01:22:765024; 4; 5; 1632445277.4102516; 71; GPS(-43.522344, 172.577884, 21.506951, var=[-1.0, -1.0, -1.0]); 67.19992919881912; GPS(-43.522208, 172.577698, 0.000000, var=[-1.0, -1.0, -1.0])
13:01:22:922860; 1; 4; 1632445266.4521067; 19; GPS(-43.522120, 172.577562, 32.976247, var=[-1.0, -1.0, -1.0]); 62.51385112240606; GPS(-43.522208, 172.577698, 0.000000, var=[-1.0, -1.0, -1.0])
13:01:23:141402; 3; 5; 1632445278.410542; 73; GPS(-43.522342, 172.577635, 21.536902, var=[-1.0, -1.0, -1.0]); 63.90553575324421; GPS(-43.522208, 172.577698, 0.000000, var=[-1.0, -1.0, -1.0])
13:01:23:336877; 2; 5; 1632445277.4503982; 73; GPS(-43.522164, 172.577884, 21.526244, var=[-1.0, -1.0, -1.0]); 63.632169096281956; GPS(-43.522208, 172.577698, 0.000000, var=[-1.0, -1.0, -1.0])
13:01:23:538822; 4; 5; 1632445278.410363; 72; GPS(-43.522342, 172.577882, 21.509955, var=[-1.0, -1.0, -1.0]); 67.29448315863405; GPS(-43.522208, 172.577698, 0.000000, var=[-1.0, -1.0, -1.0])
13:01:23:725428; 1; 4; 1632445266.452162; 20; GPS(-43.522120, 172.577562, 32.976247, var=[-1.0, -1.0, -1.0]); 62.51385112240606; GPS(-43.522208, 172.577698, 0.000000, var=[-1.0, -1.0, -1.0])
13:01:23:961077; 3; 5; 1632445279.4090245; 74; GPS(-43.522340, 172.577635, 21.542905, var=[-1.0, -1.0, -1.0]); 64.049157627661; GPS(-43.522208, 172.577695, 0.000000, var=[-1.0, -1.0, -1.0])
13:01:24:117328; 2; 5; 1632445278.4108531; 74; GPS(-43.522162, 172.577883, 21.521248, var=[-1.0, -1.0, -1.0]); 63.93171641951404; GPS(-43.522208, 172.577698, 0.000000, var=[-1.0, -1.0, -1.0])
13:01:24:313888; 4; 5; 1632445279.4103227; 73; GPS(-43.522340, 172.577882, 21.514957, var=[-1.0, -1.0, -1.0]); 67.6388394101802; GPS(-43.522208, 172.577695, 0.000000, var=[-1.0, -1.0, -1.0])
13:01:24:545152; 1; 4; 1632445266.452214; 21; GPS(-43.522120, 172.577562, 32.976247, var=[-1.0, -1.0, -1.0]); 62.51385112240606; GPS(-43.522208, 172.577698, 0.000000, var=[-1.0, -1.0, -1.0])
13:01:24:789156; 3; 5; 1632445280.5610726; 75; GPS(-43.522340, 172.577635, 21.550906, var=[-1.0, -1.0, -1.0]); 64.28738907470036; GPS(-43.522208, 172.577695, 0.000000, var=[-1.0, -1.0, -1.0])
13:01:25:005503; 2; 5; 1632445279.4108386; 75; GPS(-43.522160, 172.577882, 21.543250, var=[-1.0, -1.0, -1.0]); 64.39444337752654; GPS(-43.522208, 172.577695, 0.000000, var=[-1.0, -1.0, -1.0])
13:01:25:199669; 4; 5; 1632445280.5294852; 74; GPS(-43.522340, 172.577883, 21.523958, var=[-1.0, -1.0, -1.0]); 67.8998279070241; GPS(-43.522208, 172.577695, 0.000000, var=[-1.0, -1.0, -1.0])
13:01:25:389459; 1; 4; 1632445266.4522643; 22; GPS(-43.522120, 172.577562, 32.976247, var=[-1.0, -1.0, -1.0]); 62.51385112240606; GPS(-43.522208, 172.577698, 0.000000, var=[-1.0, -1.0, -1.0])
13:01:25:631068; 3; 5; 1632445280.5615537; 76; GPS(-43.522340, 172.577635, 21.550906, var=[-1.0, -1.0, -1.0]); 64.28738907470036; GPS(-43.522208, 172.577695, 0.000000, var=[-1.0, -1.0, -1.0])
13:01:25:835082; 2; 5; 1632445280.583768; 76; GPS(-43.522160, 172.577883, 21.549251, var=[-1.0, -1.0, -1.0]); 64.68255242723416; GPS(-43.522208, 172.577695, 0.000000, var=[-1.0, -1.0, -1.0])
13:01:26:051652; 4; 5; 1632445280.5304053; 75; GPS(-43.522340, 172.577883, 21.523958, var=[-1.0, -1.0, -1.0]); 67.8998279070241; GPS(-43.522208, 172.577695, 0.000000, var=[-1.0, -1.0, -1.0])
13:01:26:246168; 1; 4; 1632445266.4523144; 23; GPS(-43.522120, 172.577562, 32.976247, var=[-1.0, -1.0, -1.0]); 62.51385112240606; GPS(-43.522208, 172.577698, 0.000000, var=[-1.0, -1.0, -1.0])
13:01:26:484690; 3; 5; 1632445281.4493742; 77; GPS(-43.522340, 172.577635, 21.562906, var=[-1.0, -1.0, -1.0]); 64.38518075237086; GPS(-43.522208, 172.577698, 0.000000, var=[-1.0, -1.0, -1.0])
13:01:26:661629; 2; 5; 1632445280.5848916; 77; GPS(-43.522160, 172.577883, 21.549251, var=[-1.0, -1.0, -1.0]); 64.68255242723416; GPS(-43.522208, 172.577695, 0.000000, var=[-1.0, -1.0, -1.0])
13:01:26:823563; 4; 5; 1632445281.4099004; 76; GPS(-43.522339, 172.577883, 21.535959, var=[-1.0, -1.0, -1.0]); 67.82446859812661; GPS(-43.522208, 172.577698, 0.000000, var=[-1.0, -1.0, -1.0])
13:01:27:048051; 1; 4; 1632445266.4523644; 24; GPS(-43.522120, 172.577562, 32.976247, var=[-1.0, -1.0, -1.0]); 62.51385112240606; GPS(-43.522208, 172.577698, 0.000000, var=[-1.0, -1.0, -1.0])
13:01:27:265908; 3; 5; 1632445282.4092805; 78; GPS(-43.522339, 172.577635, 21.565906, var=[-1.0, -1.0, -1.0]); 64.60462163723194; GPS(-43.522207, 172.577705, 0.000000, var=[-1.0, -1.0, -1.0])
13:01:27:495312; 2; 5; 1632445281.4104638; 78; GPS(-43.522159, 172.577883, 21.541252, var=[-1.0, -1.0, -1.0]); 64.59294849892933; GPS(-43.522208, 172.577698, 0.000000, var=[-1.0, -1.0, -1.0])
13:01:27:693098; 4; 5; 1632445282.4092555; 77; GPS(-43.522339, 172.577883, 21.534959, var=[-1.0, -1.0, -1.0]); 67.66293300441467; GPS(-43.522207, 172.577705, 0.000000, var=[-1.0, -1.0, -1.0])
13:01:27:922885; 1; 4; 1632445266.4524183; 25; GPS(-43.522120, 172.577562, 32.976247, var=[-1.0, -1.0, -1.0]); 62.51385112240606; GPS(-43.522208, 172.577698, 0.000000, var=[-1.0, -1.0, -1.0])
13:01:28:134653; 3; 5; 1632445283.410728; 79; GPS(-43.522339, 172.577635, 21.562906, var=[-1.0, -1.0, -1.0]); 64.97393826965165; GPS(-43.522203, 172.577713, 0.000000, var=[-1.0, -1.0, -1.0])
13:01:28:379397; 2; 5; 1632445282.4097385; 79; GPS(-43.522159, 172.577883, 21.538252, var=[-1.0, -1.0, -1.0]); 64.29610245519414; GPS(-43.522207, 172.577705, 0.000000, var=[-1.0, -1.0, -1.0])
13:01:28:580023; 4; 5; 1632445283.4104095; 78; GPS(-43.522339, 172.577883, 21.519959, var=[-1.0, -1.0, -1.0]); 67.5392330855802; GPS(-43.522203, 172.577713, 0.000000, var=[-1.0, -1.0, -1.0])
13:01:28:783853; 1; 4; 1632445266.4524825; 26; GPS(-43.522120, 172.577562, 32.976247, var=[-1.0, -1.0, -1.0]); 62.51385112240606; GPS(-43.522208, 172.577698, 0.000000, var=[-1.0, -1.0, -1.0])
13:01:28:996154; 3; 5; 1632445284.4112554; 80; GPS(-43.522339, 172.577635, 21.548907, var=[-1.0, -1.0, -1.0]); 65.60153210049825; GPS(-43.522197, 172.577720, 0.000000, var=[-1.0, -1.0, -1.0])
13:01:29:205890; 2; 5; 1632445283.410086; 80; GPS(-43.522159, 172.577883, 21.540252, var=[-1.0, -1.0, -1.0]); 63.88457500336281; GPS(-43.522203, 172.577713, 0.000000, var=[-1.0, -1.0, -1.0])
13:01:29:381812; 4; 5; 1632445284.411558; 79; GPS(-43.522339, 172.577883, 21.534959, var=[-1.0, -1.0, -1.0]); 67.78348200038351; GPS(-43.522197, 172.577720, 0.000000, var=[-1.0, -1.0, -1.0])
13:01:29:596340; 1; 4; 1632445266.4525452; 27; GPS(-43.522120, 172.577562, 32.976247, var=[-1.0, -1.0, -1.0]); 62.51385112240606; GPS(-43.522208, 172.577698, 0.000000, var=[-1.0, -1.0, -1.0])
13:01:29:882746; 3; 5; 1632445285.5827215; 81; GPS(-43.522339, 172.577635, 21.537906, var=[-1.0, -1.0, -1.0]); 65.65046651706437; GPS(-43.522197, 172.577720, 0.000000, var=[-1.0, -1.0, -1.0])
13:01:30:079246; 2; 5; 1632445284.411256; 81; GPS(-43.522159, 172.577883, 21.545252, var=[-1.0, -1.0, -1.0]); 63.56845382608052; GPS(-43.522197, 172.577720, 0.000000, var=[-1.0, -1.0, -1.0])
13:01:30:272355; 4; 5; 1632445285.5392385; 80; GPS(-43.522339, 172.577883, 21.526959, var=[-1.0, -1.0, -1.0]); 67.80870969230132; GPS(-43.522197, 172.577720, 0.000000, var=[-1.0, -1.0, -1.0])
13:01:30:490444; 1; 4; 1632445266.452597; 28; GPS(-43.522120, 172.577562, 32.976247, var=[-1.0, -1.0, -1.0]); 62.51385112240606; GPS(-43.522208, 172.577698, 0.000000, var=[-1.0, -1.0, -1.0])
13:01:30:739798; 3; 5; 1632445285.5829825; 82; GPS(-43.522339, 172.577635, 21.537906, var=[-1.0, -1.0, -1.0]); 66.27383337781771; GPS(-43.522190, 172.577725, 0.000000, var=[-1.0, -1.0, -1.0])
13:01:30:912316; 2; 5; 1632445285.5524929; 82; GPS(-43.522159, 172.577883, 21.536252, var=[-1.0, -1.0, -1.0]); 63.61204862194745; GPS(-43.522197, 172.577720, 0.000000, var=[-1.0, -1.0, -1.0])
13:01:31:137963; 4; 5; 1632445285.5396473; 81; GPS(-43.522339, 172.577883, 21.526959, var=[-1.0, -1.0, -1.0]); 68.12581513567253; GPS(-43.522190, 172.577725, 0.000000, var=[-1.0, -1.0, -1.0])
13:01:31:350391; 1; 4; 1632445266.4526486; 29; GPS(-43.522120, 172.577562, 32.976247, var=[-1.0, -1.0, -1.0]); 62.51385112240606; GPS(-43.522208, 172.577698, 0.000000, var=[-1.0, -1.0, -1.0])
13:01:31:598470; 3; 5; 1632445286.4474032; 83; GPS(-43.522339, 172.577635, 21.541906, var=[-1.0, -1.0, -1.0]); 66.59721289050562; GPS(-43.522187, 172.577727, 0.000000, var=[-1.0, -1.0, -1.0])
13:01:31:803258; 2; 5; 1632445285.5534253; 83; GPS(-43.522159, 172.577883, 21.536252, var=[-1.0, -1.0, -1.0]); 63.385738473772655; GPS(-43.522190, 172.577725, 0.000000, var=[-1.0, -1.0, -1.0])
13:01:31:993173; 4; 5; 1632445286.4614587; 82; GPS(-43.522339, 172.577883, 21.514959, var=[-1.0, -1.0, -1.0]); 68.32593098960773; GPS(-43.522187, 172.577727, 0.000000, var=[-1.0, -1.0, -1.0])
13:01:32:200549; 1; 4; 1632445266.4527001; 30; GPS(-43.522120, 172.577562, 32.976247, var=[-1.0, -1.0, -1.0]); 62.51385112240606; GPS(-43.522208, 172.577698, 0.000000, var=[-1.0, -1.0, -1.0])
13:01:32:416640; 3; 5; 1632445287.4122615; 84; GPS(-43.522339, 172.577635, 21.529906, var=[-1.0, -1.0, -1.0]); 66.59060550267816; GPS(-43.522187, 172.577727, 0.000000, var=[-1.0, -1.0, -1.0])
13:01:32:564753; 2; 5; 1632445286.4279218; 84; GPS(-43.522159, 172.577883, 21.525252, var=[-1.0, -1.0, -1.0]); 63.31711647940844; GPS(-43.522187, 172.577727, 0.000000, var=[-1.0, -1.0, -1.0])
13:01:32:712668; 4; 5; 1632445287.4124963; 83; GPS(-43.522339, 172.577883, 21.497959, var=[-1.0, -1.0, -1.0]); 68.32668879649748; GPS(-43.522187, 172.577727, 0.000000, var=[-1.0, -1.0, -1.0])
13:01:32:923506; 1; 4; 1632445266.4527504; 31; GPS(-43.522120, 172.577562, 32.976247, var=[-1.0, -1.0, -1.0]); 62.51385112240606; GPS(-43.522208, 172.577698, 0.000000, var=[-1.0, -1.0, -1.0])
13:01:33:137376; 3; 5; 1632445288.4103189; 85; GPS(-43.522339, 172.577635, 21.515906, var=[-1.0, -1.0, -1.0]); 66.4530653188873; GPS(-43.522188, 172.577728, 0.000000, var=[-1.0, -1.0, -1.0])
13:01:33:325961; 2; 5; 1632445287.412498; 85; GPS(-43.522159, 172.577883, 21.508252, var=[-1.0, -1.0, -1.0]); 63.30158798703477; GPS(-43.522187, 172.577727, 0.000000, var=[-1.0, -1.0, -1.0])
13:01:33:538366; 4; 5; 1632445288.4101257; 84; GPS(-43.522339, 172.577883, 21.481959, var=[-1.0, -1.0, -1.0]); 68.10644774789141; GPS(-43.522188, 172.577728, 0.000000, var=[-1.0, -1.0, -1.0])
13:01:33:757359; 1; 4; 1632445266.5214539; 32; GPS(-43.522120, 172.577562, 32.989247, var=[-1.0, -1.0, -1.0]); 62.571687750616306; GPS(-43.522208, 172.577698, 0.000000, var=[-1.0, -1.0, -1.0])
13:01:33:958934; 3; 5; 1632445289.4091063; 86; GPS(-43.522339, 172.577634, 21.537907, var=[-1.0, -1.0, -1.0]); 66.46877222763018; GPS(-43.522185, 172.577732, 0.000000, var=[-1.0, -1.0, -1.0])
13:01:34:138501; 2; 5; 1632445288.4102342; 86; GPS(-43.522159, 172.577883, 21.493252, var=[-1.0, -1.0, -1.0]); 63.194052185490904; GPS(-43.522188, 172.577728, 0.000000, var=[-1.0, -1.0, -1.0])
13:01:34:328225; 4; 5; 1632445289.4090548; 85; GPS(-43.522338, 172.577882, 21.514960, var=[-1.0, -1.0, -1.0]); 67.873476574757; GPS(-43.522185, 172.577732, 0.000000, var=[-1.0, -1.0, -1.0])
13:01:34:502996; 1; 4; 1632445267.5025697; 33; GPS(-43.522121, 172.577560, 32.867246, var=[-1.0, -1.0, -1.0]); 62.50481146160118; GPS(-43.522208, 172.577698, 0.000000, var=[-1.0, -1.0, -1.0])
13:01:34:678403; 3; 5; 1632445290.41409; 87; GPS(-43.522320, 172.577606, 21.540932, var=[-1.0, -1.0, -1.0]); 65.40752432875772; GPS(-43.522183, 172.577738, 0.000000, var=[-1.0, -1.0, -1.0])
13:01:34:866841; 2; 5; 1632445289.4092577; 87; GPS(-43.522159, 172.577882, 21.519252, var=[-1.0, -1.0, -1.0]); 62.732177715746275; GPS(-43.522185, 172.577732, 0.000000, var=[-1.0, -1.0, -1.0])
13:01:35:067278; 4; 5; 1632445290.4205408; 86; GPS(-43.522320, 172.577854, 21.523985, var=[-1.0, -1.0, -1.0]); 64.89450895574211; GPS(-43.522183, 172.577738, 0.000000, var=[-1.0, -1.0, -1.0])
13:01:35:275282; 1; 4; 1632445268.5050373; 34; GPS(-43.522121, 172.577561, 32.602246, var=[-1.0, -1.0, -1.0]); 62.23277240964707; GPS(-43.522208, 172.577698, 0.000000, var=[-1.0, -1.0, -1.0])
13:01:35:520002; 3; 5; 1632445291.4994993; 88; GPS(-43.522298, 172.577573, 21.466960, var=[-1.0, -1.0, -1.0]); 63.391619013367574; GPS(-43.522183, 172.577738, 0.000000, var=[-1.0, -1.0, -1.0])
13:01:35:715301; 2; 5; 1632445290.414384; 88; GPS(-43.522140, 172.577854, 21.521278, var=[-1.0, -1.0, -1.0]); 60.92115883288073; GPS(-43.522183, 172.577738, 0.000000, var=[-1.0, -1.0, -1.0])
13:01:35:932846; 4; 5; 1632445291.5522323; 87; GPS(-43.522297, 172.577820, 21.423014, var=[-1.0, -1.0, -1.0]); 60.80043266412659; GPS(-43.522183, 172.577738, 0.000000, var=[-1.0, -1.0, -1.0])
13:01:36:127603; 1; 4; 1632445268.5067408; 35; GPS(-43.522121, 172.577561, 32.602246, var=[-1.0, -1.0, -1.0]); 62.23277240964707; GPS(-43.522208, 172.577698, 0.000000, var=[-1.0, -1.0, -1.0])
13:01:36:359261; 3; 5; 1632445291.4997594; 89; GPS(-43.522298, 172.577573, 21.466960, var=[-1.0, -1.0, -1.0]); 63.47072791205244; GPS(-43.522183, 172.577740, 0.000000, var=[-1.0, -1.0, -1.0])
13:01:36:577992; 2; 5; 1632445291.5629528; 89; GPS(-43.522117, 172.577819, 21.432307, var=[-1.0, -1.0, -1.0]); 58.629444072400716; GPS(-43.522183, 172.577738, 0.000000, var=[-1.0, -1.0, -1.0])
13:01:36:755142; 4; 5; 1632445291.5528276; 88; GPS(-43.522297, 172.577820, 21.423014, var=[-1.0, -1.0, -1.0]); 60.782030268988265; GPS(-43.522183, 172.577740, 0.000000, var=[-1.0, -1.0, -1.0])
13:01:36:966236; 1; 4; 1632445269.5047624; 36; GPS(-43.522120, 172.577563, 32.552248, var=[-1.0, -1.0, -1.0]); 62.1635442714299; GPS(-43.522208, 172.577698, 0.000000, var=[-1.0, -1.0, -1.0])
13:01:37:139698; 3; 5; 1632445292.4117157; 90; GPS(-43.522292, 172.577565, 21.454969, var=[-1.0, -1.0, -1.0]); 62.62981359148974; GPS(-43.522183, 172.577740, 0.000000, var=[-1.0, -1.0, -1.0])
13:01:37:361250; 2; 5; 1632445291.5641694; 90; GPS(-43.522117, 172.577819, 21.432307, var=[-1.0, -1.0, -1.0]); 58.6083340242918; GPS(-43.522183, 172.577740, 0.000000, var=[-1.0, -1.0, -1.0])
13:01:37:550397; 4; 5; 1632445292.4116998; 89; GPS(-43.522291, 172.577813, 21.425022, var=[-1.0, -1.0, -1.0]); 59.509809778589585; GPS(-43.522183, 172.577740, 0.000000, var=[-1.0, -1.0, -1.0])
13:01:37:728141; 1; 4; 1632445270.5054603; 37; GPS(-43.522120, 172.577565, 32.442249, var=[-1.0, -1.0, -1.0]); 62.03014134897603; GPS(-43.522208, 172.577698, 0.000000, var=[-1.0, -1.0, -1.0])
13:01:37:932548; 3; 5; 1632445293.4120867; 91; GPS(-43.522293, 172.577571, 21.456968, var=[-1.0, -1.0, -1.0]); 61.85065551495156; GPS(-43.522180, 172.577738, 0.000000, var=[-1.0, -1.0, -1.0])
13:01:38:107734; 2; 5; 1632445292.4117668; 91; GPS(-43.522112, 172.577812, 21.434315, var=[-1.0, -1.0, -1.0]); 57.87272425888206; GPS(-43.522183, 172.577740, 0.000000, var=[-1.0, -1.0, -1.0])
13:01:38:261778; 4; 5; 1632445293.4215844; 90; GPS(-43.522293, 172.577819, 21.422020, var=[-1.0, -1.0, -1.0]); 59.22259153347862; GPS(-43.522180, 172.577738, 0.000000, var=[-1.0, -1.0, -1.0])
13:01:38:434445; 1; 5; 1632445271.5025961; 38; GPS(-43.522120, 172.577566, 32.430248, var=[-1.0, -1.0, -1.0]); 62.576248673301954; GPS(-43.522208, 172.577698, 0.000000, var=[-1.0, -1.0, -1.0])
13:01:38:653413; 3; 5; 1632445294.4111774; 92; GPS(-43.522297, 172.577577, 21.434963, var=[-1.0, -1.0, -1.0]); 61.526119541141185; GPS(-43.522170, 172.577737, 0.000000, var=[-1.0, -1.0, -1.0])
13:01:38:810254; 2; 5; 1632445293.4117272; 92; GPS(-43.522113, 172.577819, 21.435313, var=[-1.0, -1.0, -1.0]); 57.13989245397907; GPS(-43.522180, 172.577738, 0.000000, var=[-1.0, -1.0, -1.0])
13:01:38:984959; 4; 5; 1632445294.4109874; 91; GPS(-43.522297, 172.577825, 21.413015, var=[-1.0, -1.0, -1.0]); 59.46314994079544; GPS(-43.522170, 172.577737, 0.000000, var=[-1.0, -1.0, -1.0])
13:01:39:159530; 1; 5; 1632445272.5031083; 39; GPS(-43.522132, 172.577588, 32.537234, var=[-1.0, -1.0, -1.0]); 64.26362418412728; GPS(-43.522208, 172.577698, 0.000000, var=[-1.0, -1.0, -1.0])
13:01:39:362955; 3; 5; 1632445295.4810448; 93; GPS(-43.522300, 172.577580, 21.444959, var=[-1.0, -1.0, -1.0]); 60.32205321611816; GPS(-43.522170, 172.577737, 0.000000, var=[-1.0, -1.0, -1.0])
13:01:39:573081; 2; 5; 1632445294.4112048; 93; GPS(-43.522117, 172.577825, 21.432308, var=[-1.0, -1.0, -1.0]); 56.1845464601014; GPS(-43.522170, 172.577737, 0.000000, var=[-1.0, -1.0, -1.0])
13:01:39:756885; 4; 5; 1632445295.49528; 92; GPS(-43.522300, 172.577828, 21.417012, var=[-1.0, -1.0, -1.0]); 58.377536167976494; GPS(-43.522170, 172.577737, 0.000000, var=[-1.0, -1.0, -1.0])
13:01:39:942347; 1; 5; 1632445273.5568404; 40; GPS(-43.522160, 172.577632, 32.862198, var=[-1.0, -1.0, -1.0]); 65.77786027837897; GPS(-43.522208, 172.577698, 0.000000, var=[-1.0, -1.0, -1.0])
13:01:40:129242; 3; 5; 1632445295.4814622; 94; GPS(-43.522300, 172.577580, 21.444959, var=[-1.0, -1.0, -1.0]); 61.82267988816119; GPS(-43.522150, 172.577735, 0.000000, var=[-1.0, -1.0, -1.0])
13:01:40:317314; 2; 5; 1632445295.484769; 94; GPS(-43.522120, 172.577828, 21.436304, var=[-1.0, -1.0, -1.0]); 54.874978132610075; GPS(-43.522170, 172.577737, 0.000000, var=[-1.0, -1.0, -1.0])
13:01:40:506197; 4; 5; 1632445295.4960124; 93; GPS(-43.522300, 172.577828, 21.417012, var=[-1.0, -1.0, -1.0]); 60.05160005462765; GPS(-43.522150, 172.577735, 0.000000, var=[-1.0, -1.0, -1.0])
13:01:40:731195; 1; 5; 1632445274.5042481; 41; GPS(-43.522173, 172.577653, 32.759181, var=[-1.0, -1.0, -1.0]); 67.18457473907786; GPS(-43.522208, 172.577698, 0.000000, var=[-1.0, -1.0, -1.0])
13:01:40:979833; 3; 5; 1632445296.4153779; 95; GPS(-43.522301, 172.577579, 21.451957, var=[-1.0, -1.0, -1.0]); 62.60425541930837; GPS(-43.522133, 172.577733, 0.000000, var=[-1.0, -1.0, -1.0])
13:01:41:168943; 2; 5; 1632445295.4850762; 95; GPS(-43.522120, 172.577828, 21.436304, var=[-1.0, -1.0, -1.0]); 54.87012603522868; GPS(-43.522150, 172.577735, 0.000000, var=[-1.0, -1.0, -1.0])
13:01:41:375300; 4; 5; 1632445296.4147036; 94; GPS(-43.522301, 172.577827, 21.418010, var=[-1.0, -1.0, -1.0]); 60.95540511685191; GPS(-43.522133, 172.577733, 0.000000, var=[-1.0, -1.0, -1.0])
13:01:41:563243; 1; 5; 1632445275.5015705; 42; GPS(-43.522170, 172.577650, 32.405186, var=[-1.0, -1.0, -1.0]); 68.10541356010629; GPS(-43.522208, 172.577698, 0.000000, var=[-1.0, -1.0, -1.0])
13:01:41:769011; 3; 5; 1632445297.4118195; 96; GPS(-43.522301, 172.577577, 21.451957, var=[-1.0, -1.0, -1.0]); 62.74770211320253; GPS(-43.522125, 172.577733, 0.000000, var=[-1.0, -1.0, -1.0])
13:01:41:957533; 2; 5; 1632445296.4129407; 96; GPS(-43.522121, 172.577827, 21.438302, var=[-1.0, -1.0, -1.0]); 54.362439645679146; GPS(-43.522133, 172.577733, 0.000000, var=[-1.0, -1.0, -1.0])
13:01:42:170896; 4; 5; 1632445297.4118407; 95; GPS(-43.522301, 172.577825, 21.430010, var=[-1.0, -1.0, -1.0]); 61.04627196849617; GPS(-43.522125, 172.577733, 0.000000, var=[-1.0, -1.0, -1.0])
13:01:42:364312; 1; 5; 1632445276.512937; 43; GPS(-43.522162, 172.577635, 32.381194, var=[-1.0, -1.0, -1.0]); 69.22468554711911; GPS(-43.522208, 172.577698, 0.000000, var=[-1.0, -1.0, -1.0])
13:01:42:578598; 3; 5; 1632445298.4116492; 97; GPS(-43.522300, 172.577576, 21.464958, var=[-1.0, -1.0, -1.0]); 61.77364604079108; GPS(-43.522128, 172.577735, 0.000000, var=[-1.0, -1.0, -1.0])
13:01:42:760694; 2; 5; 1632445297.4118817; 97; GPS(-43.522121, 172.577825, 21.436302, var=[-1.0, -1.0, -1.0]); 53.81126376149349; GPS(-43.522125, 172.577733, 0.000000, var=[-1.0, -1.0, -1.0])
13:01:42:924301; 4; 5; 1632445298.413608; 96; GPS(-43.522300, 172.577824, 21.445010, var=[-1.0, -1.0, -1.0]); 59.90743284576227; GPS(-43.522128, 172.577735, 0.000000, var=[-1.0, -1.0, -1.0])
13:01:43:107131; 1; 5; 1632445276.520581; 44; GPS(-43.522162, 172.577635, 32.381194, var=[-1.0, -1.0, -1.0]); 69.22468554711911; GPS(-43.522208, 172.577698, 0.000000, var=[-1.0, -1.0, -1.0])
13:01:43:340149; 3; 5; 1632445299.4160688; 98; GPS(-43.522300, 172.577575, 21.457958, var=[-1.0, -1.0, -1.0]); 60.26036186364648; GPS(-43.522133, 172.577733, 0.000000, var=[-1.0, -1.0, -1.0])
13:01:43:527134; 2; 5; 1632445298.4116783; 98; GPS(-43.522121, 172.577824, 21.450302, var=[-1.0, -1.0, -1.0]); 52.94950129757478; GPS(-43.522128, 172.577735, 0.000000, var=[-1.0, -1.0, -1.0])
13:01:43:738639; 4; 5; 1632445299.4131553; 97; GPS(-43.522299, 172.577823, 21.438011, var=[-1.0, -1.0, -1.0]); 58.40076643553013; GPS(-43.522133, 172.577733, 0.000000, var=[-1.0, -1.0, -1.0])
13:01:43:929105; 1; 5; 1632445277.5041132; 45; GPS(-43.522159, 172.577626, 32.302197, var=[-1.0, -1.0, -1.0]); 70.2252589080398; GPS(-43.522208, 172.577698, 0.000000, var=[-1.0, -1.0, -1.0])
13:01:44:165196; 3; 5; 1632445300.413368; 99; GPS(-43.522300, 172.577576, 21.466958, var=[-1.0, -1.0, -1.0]); 58.97038273624551; GPS(-43.522142, 172.577732, 0.000000, var=[-1.0, -1.0, -1.0])
13:01:44:357020; 2; 5; 1632445299.4153283; 99; GPS(-43.522120, 172.577823, 21.450303, var=[-1.0, -1.0, -1.0]); 51.886457569163355; GPS(-43.522133, 172.577733, 0.000000, var=[-1.0, -1.0, -1.0])
13:01:44:542971; 4; 5; 1632445300.4123108; 98; GPS(-43.522300, 172.577824, 21.450010, var=[-1.0, -1.0, -1.0]); 57.22328965318604; GPS(-43.522142, 172.577732, 0.000000, var=[-1.0, -1.0, -1.0])
13:01:44:712034; 1; 5; 1632445278.5025942; 46; GPS(-43.522160, 172.577628, 32.508196, var=[-1.0, -1.0, -1.0]); 70.68280879714706; GPS(-43.522208, 172.577698, 0.000000, var=[-1.0, -1.0, -1.0])
13:01:44:943569; 3; 5; 1632445301.4137125; 100; GPS(-43.522307, 172.577586, 21.470948, var=[-1.0, -1.0, -1.0]); 58.068836992092656; GPS(-43.522148, 172.577732, 0.000000, var=[-1.0, -1.0, -1.0])
13:01:45:086054; 2; 5; 1632445300.4127219; 100; GPS(-43.522120, 172.577824, 21.458303, var=[-1.0, -1.0, -1.0]); 51.335745144515315; GPS(-43.522142, 172.577732, 0.000000, var=[-1.0, -1.0, -1.0])
13:01:45:252944; 4; 5; 1632445301.4131367; 99; GPS(-43.522307, 172.577835, 21.455001, var=[-1.0, -1.0, -1.0]); 56.91308637162936; GPS(-43.522148, 172.577732, 0.000000, var=[-1.0, -1.0, -1.0])
13:01:45:405220; 1; 5; 1632445279.500825; 47; GPS(-43.522162, 172.577634, 32.705195, var=[-1.0, -1.0, -1.0]); 71.01800839221579; GPS(-43.522208, 172.577695, 0.000000, var=[-1.0, -1.0, -1.0])
13:01:45:623984; 3; 5; 1632445302.5473309; 101; GPS(-43.522323, 172.577609, 21.436928, var=[-1.0, -1.0, -1.0]); 58.07337147141075; GPS(-43.522148, 172.577732, 0.000000, var=[-1.0, -1.0, -1.0])
13:01:45:809106; 2; 5; 1632445301.4144042; 101; GPS(-43.522128, 172.577835, 21.451293, var=[-1.0, -1.0, -1.0]); 51.03008882816101; GPS(-43.522148, 172.577732, 0.000000, var=[-1.0, -1.0, -1.0])
13:01:45:971959; 4; 5; 1632445302.5186658; 100; GPS(-43.522322, 172.577857, 21.413981, var=[-1.0, -1.0, -1.0]); 58.10727491865757; GPS(-43.522148, 172.577732, 0.000000, var=[-1.0, -1.0, -1.0])
13:01:46:174840; 1; 5; 1632445280.5361955; 48; GPS(-43.522162, 172.577637, 32.694195, var=[-1.0, -1.0, -1.0]); 71.23322143862904; GPS(-43.522208, 172.577695, 0.000000, var=[-1.0, -1.0, -1.0])
13:01:46:396455; 3; 5; 1632445302.5477023; 102; GPS(-43.522323, 172.577609, 21.436928, var=[-1.0, -1.0, -1.0]); 57.889202963304484; GPS(-43.522150, 172.577732, 0.000000, var=[-1.0, -1.0, -1.0])
13:01:46:607034; 2; 5; 1632445302.5164833; 102; GPS(-43.522142, 172.577857, 21.431274, var=[-1.0, -1.0, -1.0]); 51.22624542389708; GPS(-43.522148, 172.577732, 0.000000, var=[-1.0, -1.0, -1.0])
13:01:46:793886; 4; 5; 1632445302.5193908; 101; GPS(-43.522322, 172.577857, 21.413981, var=[-1.0, -1.0, -1.0]); 57.92350764484823; GPS(-43.522150, 172.577732, 0.000000, var=[-1.0, -1.0, -1.0])
13:01:46:998838; 1; 5; 1632445280.5375738; 49; GPS(-43.522162, 172.577637, 32.694195, var=[-1.0, -1.0, -1.0]); 71.23322143862904; GPS(-43.522208, 172.577695, 0.000000, var=[-1.0, -1.0, -1.0])
13:01:47:235781; 3; 5; 1632445303.4118867; 103; GPS(-43.522334, 172.577624, 21.415913, var=[-1.0, -1.0, -1.0]); 58.037249700690026; GPS(-43.522152, 172.577732, 0.000000, var=[-1.0, -1.0, -1.0])
13:01:47:453896; 2; 5; 1632445302.5171819; 103; GPS(-43.522142, 172.577857, 21.431274, var=[-1.0, -1.0, -1.0]); 51.165305407883324; GPS(-43.522150, 172.577732, 0.000000, var=[-1.0, -1.0, -1.0])
13:01:47:666541; 4; 5; 1632445303.4118445; 102; GPS(-43.522334, 172.577873, 21.387965, var=[-1.0, -1.0, -1.0]); 58.89701777181881; GPS(-43.522152, 172.577732, 0.000000, var=[-1.0, -1.0, -1.0])
13:01:47:891001; 1; 5; 1632445281.502628; 50; GPS(-43.522161, 172.577637, 32.713196, var=[-1.0, -1.0, -1.0]); 71.3597440158631; GPS(-43.522208, 172.577698, 0.000000, var=[-1.0, -1.0, -1.0])
13:01:48:097281; 3; 5; 1632445304.4133399; 104; GPS(-43.522343, 172.577634, 21.405900, var=[-1.0, -1.0, -1.0]); 58.24246850127105; GPS(-43.522153, 172.577730, 0.000000, var=[-1.0, -1.0, -1.0])
13:01:48:274189; 2; 5; 1632445303.41212; 104; GPS(-43.522154, 172.577872, 21.409258, var=[-1.0, -1.0, -1.0]); 51.53759361151647; GPS(-43.522152, 172.577732, 0.000000, var=[-1.0, -1.0, -1.0])
13:01:48:489943; 4; 5; 1632445304.4133482; 103; GPS(-43.522343, 172.577883, 21.381953, var=[-1.0, -1.0, -1.0]); 59.699270574161105; GPS(-43.522153, 172.577730, 0.000000, var=[-1.0, -1.0, -1.0])
13:01:48:663717; 1; 5; 1632445282.5002325; 51; GPS(-43.522162, 172.577634, 32.675195, var=[-1.0, -1.0, -1.0]); 71.43098982208267; GPS(-43.522207, 172.577705, 0.000000, var=[-1.0, -1.0, -1.0])
13:01:48:877606; 3; 5; 1632445305.593031; 105; GPS(-43.522350, 172.577643, 21.398890, var=[-1.0, -1.0, -1.0]); 58.67164215969213; GPS(-43.522153, 172.577730, 0.000000, var=[-1.0, -1.0, -1.0])
13:01:49:081285; 2; 5; 1632445304.413683; 105; GPS(-43.522163, 172.577883, 21.398245, var=[-1.0, -1.0, -1.0]); 51.91912815527982; GPS(-43.522153, 172.577730, 0.000000, var=[-1.0, -1.0, -1.0])
13:01:49:262886; 4; 5; 1632445305.5197325; 104; GPS(-43.522350, 172.577891, 21.385943, var=[-1.0, -1.0, -1.0]); 60.48416537956826; GPS(-43.522153, 172.577730, 0.000000, var=[-1.0, -1.0, -1.0])
13:01:49:443893; 1; 5; 1632445283.501003; 52; GPS(-43.522161, 172.577632, 32.672196, var=[-1.0, -1.0, -1.0]); 71.54260324886872; GPS(-43.522203, 172.577713, 0.000000, var=[-1.0, -1.0, -1.0])
13:01:49:667622; 3; 5; 1632445305.5934162; 106; GPS(-43.522350, 172.577643, 21.398890, var=[-1.0, -1.0, -1.0]); 58.01854758031286; GPS(-43.522158, 172.577727, 0.000000, var=[-1.0, -1.0, -1.0])
13:01:49:835567; 2; 5; 1632445305.5925927; 106; GPS(-43.522170, 172.577892, 21.405236, var=[-1.0, -1.0, -1.0]); 52.400859036038554; GPS(-43.522153, 172.577730, 0.000000, var=[-1.0, -1.0, -1.0])
13:01:50:007231; 4; 5; 1632445305.5200758; 105; GPS(-43.522350, 172.577891, 21.385943, var=[-1.0, -1.0, -1.0]); 60.019218151448385; GPS(-43.522158, 172.577727, 0.000000, var=[-1.0, -1.0, -1.0])
13:01:50:193086; 1; 5; 1632445284.5020096; 53; GPS(-43.522161, 172.577631, 32.648196, var=[-1.0, -1.0, -1.0]); 71.65013039670302; GPS(-43.522197, 172.577720, 0.000000, var=[-1.0, -1.0, -1.0])
13:01:50:400024; 3; 5; 1632445306.4214709; 107; GPS(-43.522354, 172.577650, 21.390885, var=[-1.0, -1.0, -1.0]); 58.06261224704919; GPS(-43.522160, 172.577722, 0.000000, var=[-1.0, -1.0, -1.0])
13:01:50:596138; 2; 5; 1632445305.5932593; 107; GPS(-43.522170, 172.577892, 21.405236, var=[-1.0, -1.0, -1.0]); 52.29714881743057; GPS(-43.522158, 172.577727, 0.000000, var=[-1.0, -1.0, -1.0])
STOP: 09/24/2021 13:01:51:379963
