START: 09/22/2021 13:16:23:416949
TIME,            STATES_LIST;          TARGET_FILT_CART;          TARGET_FILT_GPS;          TARGET_REAL_GPS;          TX_FILT_CART;          TX_FILT_GPS;          TX_REAL_GPS;          MULTILATERATION_ERROR;          MODE;          
13:17:45:312104; [1, 1, 1, 1]4; None; GPS(-43.522410, 172.577285, 20.000000, var=[-1.0, -1.0, -1.0]); GPS(-43.522410, 172.577285, 20.000000, var=[-1.0, -1.0, -1.0]); None; GPS(-43.522410, 172.577285, 35.000000, var=[-1.0, -1.0, -1.0]); GPS(-43.522409, 172.577285, 46.411718, var=[-1, -1, -1]); 0.0; OFFBOARD
13:17:57:186558; [1, 2, 2, 2]4; None; GPS(-43.522410, 172.577285, 20.000000, var=[-1.0, -1.0, -1.0]); GPS(-43.522410, 172.577285, 20.000000, var=[-1.0, -1.0, -1.0]); None; GPS(-43.522410, 172.577285, 35.000000, var=[-1.0, -1.0, -1.0]); GPS(-43.522410, 172.577285, 46.469717, var=[-1, -1, -1]); 0.0; OFFBOARD
13:17:57:963152; [1, 3, 3, 3]4; None; GPS(-43.522410, 172.577285, 20.000000, var=[-1.0, -1.0, -1.0]); GPS(-43.522410, 172.577285, 20.000000, var=[-1.0, -1.0, -1.0]); None; GPS(-43.522410, 172.577285, 35.000000, var=[-1.0, -1.0, -1.0]); GPS(-43.522410, 172.577285, 46.460717, var=[-1, -1, -1]); 0.0; OFFBOARD
13:17:58:532227; [1, 3, 3, 3]4; None; GPS(-43.522410, 172.577285, 20.000000, var=[-1.0, -1.0, -1.0]); GPS(-43.522410, 172.577285, 20.000000, var=[-1.0, -1.0, -1.0]); None; GPS(-43.522410, 172.577285, 35.000000, var=[-1.0, -1.0, -1.0]); GPS(-43.522410, 172.577285, 46.463717, var=[-1, -1, -1]); 0.0; OFFBOARD
13:18:03:695899; [1, 3, 3, 3]4; None; GPS(-43.522410, 172.577285, 20.000000, var=[-1.0, -1.0, -1.0]); GPS(-43.522410, 172.577285, 20.000000, var=[-1.0, -1.0, -1.0]); None; GPS(-43.522410, 172.577285, 35.000000, var=[-1.0, -1.0, -1.0]); GPS(-43.522410, 172.577285, 46.405717, var=[-1, -1, -1]); 0.0; OFFBOARD
13:18:04:363398; [1, 3, 3, 3]4; None; GPS(-43.522410, 172.577285, 20.000000, var=[-1.0, -1.0, -1.0]); GPS(-43.522410, 172.577285, 20.000000, var=[-1.0, -1.0, -1.0]); None; GPS(-43.522410, 172.577285, 35.000000, var=[-1.0, -1.0, -1.0]); GPS(-43.522410, 172.577285, 46.396717, var=[-1, -1, -1]); 0.0; OFFBOARD
13:18:04:968007; [1, 4, 4, 4]4; None; GPS(-43.522410, 172.577285, 20.000000, var=[-1.0, -1.0, -1.0]); GPS(-43.522410, 172.577285, 20.000000, var=[-1.0, -1.0, -1.0]); None; GPS(-43.522410, 172.577285, 35.000000, var=[-1.0, -1.0, -1.0]); GPS(-43.522410, 172.577285, 46.394717, var=[-1, -1, -1]); 0.0; OFFBOARD
13:18:05:607498; [1, 4, 4, 4]4; None; GPS(-43.522410, 172.577285, 20.000000, var=[-1.0, -1.0, -1.0]); GPS(-43.522410, 172.577285, 20.000000, var=[-1.0, -1.0, -1.0]); None; GPS(-43.522410, 172.577285, 35.000000, var=[-1.0, -1.0, -1.0]); GPS(-43.522410, 172.577285, 46.387717, var=[-1, -1, -1]); 0.0; OFFBOARD
13:18:06:650769; [1, 4, 4, 4]4; None; GPS(-43.522410, 172.577285, 20.000000, var=[-1.0, -1.0, -1.0]); GPS(-43.522410, 172.577285, 20.000000, var=[-1.0, -1.0, -1.0]); None; GPS(-43.522410, 172.577285, 35.000000, var=[-1.0, -1.0, -1.0]); GPS(-43.522410, 172.577285, 46.375717, var=[-1, -1, -1]); 0.0; OFFBOARD
13:18:13:197259; [1, 4, 4, 4]4; None; GPS(-43.522410, 172.577285, 20.000000, var=[-1.0, -1.0, -1.0]); GPS(-43.522410, 172.577285, 20.000000, var=[-1.0, -1.0, -1.0]); None; GPS(-43.522410, 172.577285, 35.000000, var=[-1.0, -1.0, -1.0]); GPS(-43.522410, 172.577285, 46.388717, var=[-1, -1, -1]); 0.0; OFFBOARD
13:18:13:850730; [1, 4, 4, 4]4; None; GPS(-43.522410, 172.577285, 20.000000, var=[-1.0, -1.0, -1.0]); GPS(-43.522410, 172.577285, 20.000000, var=[-1.0, -1.0, -1.0]); None; GPS(-43.522410, 172.577285, 35.000000, var=[-1.0, -1.0, -1.0]); GPS(-43.522410, 172.577285, 46.387717, var=[-1, -1, -1]); 0.0; OFFBOARD
13:18:14:715887; [1, 4, 4, 4]4; None; GPS(-43.522410, 172.577285, 20.000000, var=[-1.0, -1.0, -1.0]); GPS(-43.522410, 172.577285, 20.000000, var=[-1.0, -1.0, -1.0]); None; GPS(-43.522410, 172.577285, 35.000000, var=[-1.0, -1.0, -1.0]); GPS(-43.522410, 172.577285, 46.406717, var=[-1, -1, -1]); 0.0; OFFBOARD
13:18:15:477429; [1, 4, 4, 4]4; None; GPS(-43.522410, 172.577285, 20.000000, var=[-1.0, -1.0, -1.0]); GPS(-43.522410, 172.577285, 20.000000, var=[-1.0, -1.0, -1.0]); None; GPS(-43.522410, 172.577285, 35.000000, var=[-1.0, -1.0, -1.0]); GPS(-43.522410, 172.577285, 46.416717, var=[-1, -1, -1]); 0.0; OFFBOARD
13:18:17:078779; [1, 4, 4, 4]4; None; GPS(-43.522410, 172.577285, 20.000000, var=[-1.0, -1.0, -1.0]); GPS(-43.522410, 172.577285, 20.000000, var=[-1.0, -1.0, -1.0]); None; GPS(-43.522410, 172.577285, 35.000000, var=[-1.0, -1.0, -1.0]); GPS(-43.522410, 172.577285, 46.432717, var=[-1, -1, -1]); 0.0; OFFBOARD
13:18:20:147690; [2, 4, 4, 4]4; None; GPS(-43.522410, 172.577285, 20.000000, var=[-1.0, -1.0, -1.0]); GPS(-43.522410, 172.577285, 20.000000, var=[-1.0, -1.0, -1.0]); None; GPS(-43.522410, 172.577285, 35.000000, var=[-1.0, -1.0, -1.0]); GPS(-43.522410, 172.577285, 46.477717, var=[-1, -1, -1]); 0.0; OFFBOARD
13:24:37:572386; [3, 4, 4, 4]4; None; GPS(-43.522410, 172.577285, 20.000000, var=[-1.0, -1.0, -1.0]); GPS(-43.522408, 172.577278, 20.000000, var=[-1.0, -1.0, -1.0]); None; GPS(-43.522410, 172.577285, 35.000000, var=[-1.0, -1.0, -1.0]); GPS(-43.522410, 172.577285, 46.480717, var=[-1, -1, -1]); 0.5685711119159296; OFFBOARD
13:24:37:578472; [3, 4, 4, 4]4; None; GPS(-43.522410, 172.577285, 20.000000, var=[-1.0, -1.0, -1.0]); GPS(-43.522408, 172.577278, 20.000000, var=[-1.0, -1.0, -1.0]); None; GPS(-43.522410, 172.577285, 35.000000, var=[-1.0, -1.0, -1.0]); GPS(-43.522410, 172.577285, 46.480717, var=[-1, -1, -1]); 0.5685711119159296; OFFBOARD
13:24:37:581534; [3, 4, 4, 4]4; None; GPS(-43.522410, 172.577285, 20.000000, var=[-1.0, -1.0, -1.0]); GPS(-43.522408, 172.577278, 20.000000, var=[-1.0, -1.0, -1.0]); None; GPS(-43.522410, 172.577285, 35.000000, var=[-1.0, -1.0, -1.0]); GPS(-43.522410, 172.577285, 46.480717, var=[-1, -1, -1]); 0.5685711119159296; OFFBOARD
13:24:37:586111; [3, 4, 4, 4]4; None; GPS(-43.522410, 172.577285, 20.000000, var=[-1.0, -1.0, -1.0]); GPS(-43.522408, 172.577278, 20.000000, var=[-1.0, -1.0, -1.0]); None; GPS(-43.522410, 172.577285, 35.000000, var=[-1.0, -1.0, -1.0]); GPS(-43.522410, 172.577285, 46.480717, var=[-1, -1, -1]); 0.5685711119159296; OFFBOARD
13:24:37:592119; [3, 4, 4, 4]4; None; GPS(-43.522410, 172.577285, 20.000000, var=[-1.0, -1.0, -1.0]); GPS(-43.522408, 172.577278, 20.000000, var=[-1.0, -1.0, -1.0]); None; GPS(-43.522410, 172.577285, 35.000000, var=[-1.0, -1.0, -1.0]); GPS(-43.522410, 172.577285, 46.480717, var=[-1, -1, -1]); 0.5685711119159296; OFFBOARD
13:24:37:595905; [3, 4, 4, 4]4; None; GPS(-43.522410, 172.577285, 20.000000, var=[-1.0, -1.0, -1.0]); GPS(-43.522408, 172.577278, 20.000000, var=[-1.0, -1.0, -1.0]); None; GPS(-43.522410, 172.577285, 35.000000, var=[-1.0, -1.0, -1.0]); GPS(-43.522410, 172.577285, 46.481717, var=[-1, -1, -1]); 0.5685711119159296; OFFBOARD
13:24:37:597511; [3, 4, 4, 4]4; None; GPS(-43.522410, 172.577285, 20.000000, var=[-1.0, -1.0, -1.0]); GPS(-43.522408, 172.577278, 20.000000, var=[-1.0, -1.0, -1.0]); None; GPS(-43.522410, 172.577285, 35.000000, var=[-1.0, -1.0, -1.0]); GPS(-43.522410, 172.577285, 46.481717, var=[-1, -1, -1]); 0.5685711119159296; OFFBOARD
13:24:37:599260; [3, 4, 4, 4]4; None; GPS(-43.522410, 172.577285, 20.000000, var=[-1.0, -1.0, -1.0]); GPS(-43.522408, 172.577280, 20.000000, var=[-1.0, -1.0, -1.0]); None; GPS(-43.522410, 172.577285, 35.000000, var=[-1.0, -1.0, -1.0]); GPS(-43.522410, 172.577285, 46.481717, var=[-1, -1, -1]); 0.44369719098399846; OFFBOARD
13:24:37:602110; [3, 4, 4, 4]4; None; GPS(-43.522410, 172.577285, 20.000000, var=[-1.0, -1.0, -1.0]); GPS(-43.522408, 172.577280, 20.000000, var=[-1.0, -1.0, -1.0]); None; GPS(-43.522410, 172.577285, 35.000000, var=[-1.0, -1.0, -1.0]); GPS(-43.522410, 172.577285, 46.481717, var=[-1, -1, -1]); 0.44369719098399846; OFFBOARD
13:24:37:609917; [3, 4, 4, 4]4; None; GPS(-43.522410, 172.577285, 20.000000, var=[-1.0, -1.0, -1.0]); GPS(-43.522408, 172.577280, 20.000000, var=[-1.0, -1.0, -1.0]); None; GPS(-43.522410, 172.577285, 35.000000, var=[-1.0, -1.0, -1.0]); GPS(-43.522410, 172.577285, 46.481717, var=[-1, -1, -1]); 0.44369719098399846; OFFBOARD
13:24:37:612509; [3, 4, 4, 4]4; None; GPS(-43.522410, 172.577285, 20.000000, var=[-1.0, -1.0, -1.0]); GPS(-43.522408, 172.577280, 20.000000, var=[-1.0, -1.0, -1.0]); None; GPS(-43.522410, 172.577285, 35.000000, var=[-1.0, -1.0, -1.0]); GPS(-43.522410, 172.577285, 46.481717, var=[-1, -1, -1]); 0.44369719098399846; OFFBOARD
13:24:37:617139; [3, 4, 4, 4]4; None; GPS(-43.522410, 172.577285, 20.000000, var=[-1.0, -1.0, -1.0]); GPS(-43.522408, 172.577280, 20.000000, var=[-1.0, -1.0, -1.0]); None; GPS(-43.522410, 172.577285, 35.000000, var=[-1.0, -1.0, -1.0]); GPS(-43.522410, 172.577285, 46.481717, var=[-1, -1, -1]); 0.44369719098399846; OFFBOARD
13:24:37:618562; [3, 4, 4, 4]4; None; GPS(-43.522410, 172.577285, 20.000000, var=[-1.0, -1.0, -1.0]); GPS(-43.522408, 172.577280, 20.000000, var=[-1.0, -1.0, -1.0]); None; GPS(-43.522410, 172.577285, 35.000000, var=[-1.0, -1.0, -1.0]); GPS(-43.522410, 172.577285, 46.481717, var=[-1, -1, -1]); 0.44369719098399846; OFFBOARD
13:24:37:620681; [3, 4, 4, 4]4; None; GPS(-43.522410, 172.577285, 20.000000, var=[-1.0, -1.0, -1.0]); GPS(-43.522408, 172.577280, 20.000000, var=[-1.0, -1.0, -1.0]); None; GPS(-43.522410, 172.577285, 35.000000, var=[-1.0, -1.0, -1.0]); GPS(-43.522410, 172.577285, 46.481717, var=[-1, -1, -1]); 0.44369719098399846; OFFBOARD
13:24:37:621863; [3, 4, 4, 4]4; None; GPS(-43.522410, 172.577285, 20.000000, var=[-1.0, -1.0, -1.0]); GPS(-43.522408, 172.577280, 20.000000, var=[-1.0, -1.0, -1.0]); None; GPS(-43.522410, 172.577285, 35.000000, var=[-1.0, -1.0, -1.0]); GPS(-43.522410, 172.577285, 46.481717, var=[-1, -1, -1]); 0.44369719098399846; OFFBOARD
13:24:37:624001; [3, 4, 4, 4]4; None; GPS(-43.522410, 172.577285, 20.000000, var=[-1.0, -1.0, -1.0]); GPS(-43.522408, 172.577280, 20.000000, var=[-1.0, -1.0, -1.0]); None; GPS(-43.522410, 172.577285, 35.000000, var=[-1.0, -1.0, -1.0]); GPS(-43.522410, 172.577285, 46.481717, var=[-1, -1, -1]); 0.44369719098399846; OFFBOARD
13:24:37:627293; [3, 4, 4, 4]4; None; GPS(-43.522410, 172.577285, 20.000000, var=[-1.0, -1.0, -1.0]); GPS(-43.522408, 172.577280, 20.000000, var=[-1.0, -1.0, -1.0]); None; GPS(-43.522410, 172.577285, 35.000000, var=[-1.0, -1.0, -1.0]); GPS(-43.522410, 172.577285, 46.481717, var=[-1, -1, -1]); 0.44369719098399846; OFFBOARD
13:24:37:629637; [3, 4, 4, 4]4; None; GPS(-43.522410, 172.577285, 20.000000, var=[-1.0, -1.0, -1.0]); GPS(-43.522408, 172.577280, 20.000000, var=[-1.0, -1.0, -1.0]); None; GPS(-43.522410, 172.577285, 35.000000, var=[-1.0, -1.0, -1.0]); GPS(-43.522410, 172.577285, 46.481717, var=[-1, -1, -1]); 0.44369719098399846; OFFBOARD
13:24:37:631773; [3, 4, 4, 4]4; None; GPS(-43.522410, 172.577285, 20.000000, var=[-1.0, -1.0, -1.0]); GPS(-43.522408, 172.577280, 20.000000, var=[-1.0, -1.0, -1.0]); None; GPS(-43.522410, 172.577285, 35.000000, var=[-1.0, -1.0, -1.0]); GPS(-43.522410, 172.577285, 46.481717, var=[-1, -1, -1]); 0.44369719098399846; OFFBOARD
13:24:37:633358; [3, 4, 4, 4]4; None; GPS(-43.522410, 172.577285, 20.000000, var=[-1.0, -1.0, -1.0]); GPS(-43.522408, 172.577280, 20.000000, var=[-1.0, -1.0, -1.0]); None; GPS(-43.522410, 172.577285, 35.000000, var=[-1.0, -1.0, -1.0]); GPS(-43.522410, 172.577285, 46.481717, var=[-1, -1, -1]); 0.44369719098399846; OFFBOARD
13:24:37:634462; [3, 4, 4, 4]4; None; GPS(-43.522410, 172.577285, 20.000000, var=[-1.0, -1.0, -1.0]); GPS(-43.522408, 172.577280, 20.000000, var=[-1.0, -1.0, -1.0]); None; GPS(-43.522410, 172.577285, 35.000000, var=[-1.0, -1.0, -1.0]); GPS(-43.522410, 172.577285, 46.481717, var=[-1, -1, -1]); 0.44369719098399846; OFFBOARD
13:24:37:636012; [3, 4, 4, 4]4; None; GPS(-43.522410, 172.577285, 20.000000, var=[-1.0, -1.0, -1.0]); GPS(-43.522408, 172.577280, 20.000000, var=[-1.0, -1.0, -1.0]); None; GPS(-43.522410, 172.577285, 35.000000, var=[-1.0, -1.0, -1.0]); GPS(-43.522410, 172.577285, 46.481717, var=[-1, -1, -1]); 0.44369719098399846; OFFBOARD
13:24:37:637302; [3, 4, 4, 4]4; None; GPS(-43.522410, 172.577285, 20.000000, var=[-1.0, -1.0, -1.0]); GPS(-43.522408, 172.577280, 20.000000, var=[-1.0, -1.0, -1.0]); None; GPS(-43.522410, 172.577285, 35.000000, var=[-1.0, -1.0, -1.0]); GPS(-43.522410, 172.577285, 46.481717, var=[-1, -1, -1]); 0.44369719098399846; OFFBOARD
13:24:37:638462; [3, 4, 4, 4]4; None; GPS(-43.522410, 172.577285, 20.000000, var=[-1.0, -1.0, -1.0]); GPS(-43.522408, 172.577280, 20.000000, var=[-1.0, -1.0, -1.0]); None; GPS(-43.522410, 172.577285, 35.000000, var=[-1.0, -1.0, -1.0]); GPS(-43.522410, 172.577285, 46.481717, var=[-1, -1, -1]); 0.44369719098399846; OFFBOARD
13:24:37:640073; [3, 4, 4, 4]4; None; GPS(-43.522410, 172.577285, 20.000000, var=[-1.0, -1.0, -1.0]); GPS(-43.522408, 172.577280, 20.000000, var=[-1.0, -1.0, -1.0]); None; GPS(-43.522410, 172.577285, 35.000000, var=[-1.0, -1.0, -1.0]); GPS(-43.522410, 172.577285, 46.481717, var=[-1, -1, -1]); 0.44369719098399846; OFFBOARD
13:24:37:641296; [3, 4, 4, 4]4; None; GPS(-43.522410, 172.577285, 20.000000, var=[-1.0, -1.0, -1.0]); GPS(-43.522408, 172.577280, 20.000000, var=[-1.0, -1.0, -1.0]); None; GPS(-43.522410, 172.577285, 35.000000, var=[-1.0, -1.0, -1.0]); GPS(-43.522410, 172.577285, 46.481717, var=[-1, -1, -1]); 0.44369719098399846; OFFBOARD
13:24:37:642443; [3, 4, 4, 4]4; None; GPS(-43.522410, 172.577285, 20.000000, var=[-1.0, -1.0, -1.0]); GPS(-43.522408, 172.577280, 20.000000, var=[-1.0, -1.0, -1.0]); None; GPS(-43.522410, 172.577285, 35.000000, var=[-1.0, -1.0, -1.0]); GPS(-43.522410, 172.577285, 46.481717, var=[-1, -1, -1]); 0.44369719098399846; OFFBOARD
13:24:37:643595; [3, 4, 4, 4]4; None; GPS(-43.522410, 172.577285, 20.000000, var=[-1.0, -1.0, -1.0]); GPS(-43.522408, 172.577280, 20.000000, var=[-1.0, -1.0, -1.0]); None; GPS(-43.522410, 172.577285, 35.000000, var=[-1.0, -1.0, -1.0]); GPS(-43.522410, 172.577285, 46.481717, var=[-1, -1, -1]); 0.44369719098399846; OFFBOARD
13:24:37:645214; [3, 4, 4, 4]4; None; GPS(-43.522410, 172.577285, 20.000000, var=[-1.0, -1.0, -1.0]); GPS(-43.522408, 172.577280, 20.000000, var=[-1.0, -1.0, -1.0]); None; GPS(-43.522410, 172.577285, 35.000000, var=[-1.0, -1.0, -1.0]); GPS(-43.522410, 172.577285, 46.481717, var=[-1, -1, -1]); 0.44369719098399846; OFFBOARD
13:24:37:646539; [3, 4, 4, 4]4; None; GPS(-43.522410, 172.577285, 20.000000, var=[-1.0, -1.0, -1.0]); GPS(-43.522408, 172.577280, 20.000000, var=[-1.0, -1.0, -1.0]); None; GPS(-43.522410, 172.577285, 35.000000, var=[-1.0, -1.0, -1.0]); GPS(-43.522410, 172.577285, 46.481717, var=[-1, -1, -1]); 0.44369719098399846; OFFBOARD
13:24:37:648108; [3, 4, 4, 4]4; None; GPS(-43.522410, 172.577285, 20.000000, var=[-1.0, -1.0, -1.0]); GPS(-43.522408, 172.577280, 20.000000, var=[-1.0, -1.0, -1.0]); None; GPS(-43.522410, 172.577285, 35.000000, var=[-1.0, -1.0, -1.0]); GPS(-43.522410, 172.577285, 46.481717, var=[-1, -1, -1]); 0.44369719098399846; OFFBOARD
13:24:37:649515; [3, 4, 4, 4]4; None; GPS(-43.522410, 172.577285, 20.000000, var=[-1.0, -1.0, -1.0]); GPS(-43.522408, 172.577280, 20.000000, var=[-1.0, -1.0, -1.0]); None; GPS(-43.522410, 172.577285, 35.000000, var=[-1.0, -1.0, -1.0]); GPS(-43.522410, 172.577285, 46.481717, var=[-1, -1, -1]); 0.44369719098399846; OFFBOARD
13:24:37:650588; [3, 4, 4, 4]4; None; GPS(-43.522410, 172.577285, 20.000000, var=[-1.0, -1.0, -1.0]); GPS(-43.522408, 172.577280, 20.000000, var=[-1.0, -1.0, -1.0]); None; GPS(-43.522410, 172.577285, 35.000000, var=[-1.0, -1.0, -1.0]); GPS(-43.522410, 172.577285, 46.481717, var=[-1, -1, -1]); 0.44369719098399846; OFFBOARD
13:24:37:652399; [3, 4, 4, 4]4; None; GPS(-43.522410, 172.577285, 20.000000, var=[-1.0, -1.0, -1.0]); GPS(-43.522408, 172.577280, 20.000000, var=[-1.0, -1.0, -1.0]); None; GPS(-43.522410, 172.577285, 35.000000, var=[-1.0, -1.0, -1.0]); GPS(-43.522410, 172.577285, 46.481717, var=[-1, -1, -1]); 0.44369719098399846; OFFBOARD
13:24:37:653512; [3, 4, 4, 4]4; None; GPS(-43.522410, 172.577285, 20.000000, var=[-1.0, -1.0, -1.0]); GPS(-43.522408, 172.577280, 20.000000, var=[-1.0, -1.0, -1.0]); None; GPS(-43.522410, 172.577285, 35.000000, var=[-1.0, -1.0, -1.0]); GPS(-43.522410, 172.577285, 46.481717, var=[-1, -1, -1]); 0.44369719098399846; OFFBOARD
13:24:37:655000; [3, 4, 4, 4]4; None; GPS(-43.522410, 172.577285, 20.000000, var=[-1.0, -1.0, -1.0]); GPS(-43.522408, 172.577280, 20.000000, var=[-1.0, -1.0, -1.0]); None; GPS(-43.522410, 172.577285, 35.000000, var=[-1.0, -1.0, -1.0]); GPS(-43.522410, 172.577285, 46.481717, var=[-1, -1, -1]); 0.44369719098399846; OFFBOARD
13:24:37:657083; [3, 4, 4, 4]4; None; GPS(-43.522410, 172.577285, 20.000000, var=[-1.0, -1.0, -1.0]); GPS(-43.522408, 172.577280, 20.000000, var=[-1.0, -1.0, -1.0]); None; GPS(-43.522410, 172.577285, 35.000000, var=[-1.0, -1.0, -1.0]); GPS(-43.522410, 172.577285, 46.481717, var=[-1, -1, -1]); 0.44369719098399846; OFFBOARD
13:24:37:658155; [3, 4, 4, 4]4; None; GPS(-43.522410, 172.577285, 20.000000, var=[-1.0, -1.0, -1.0]); GPS(-43.522408, 172.577278, 20.000000, var=[-1.0, -1.0, -1.0]); None; GPS(-43.522410, 172.577285, 35.000000, var=[-1.0, -1.0, -1.0]); GPS(-43.522410, 172.577285, 46.481717, var=[-1, -1, -1]); 0.5685711119159296; OFFBOARD
13:24:37:659475; [3, 4, 4, 4]4; None; GPS(-43.522410, 172.577285, 20.000000, var=[-1.0, -1.0, -1.0]); GPS(-43.522408, 172.577278, 20.000000, var=[-1.0, -1.0, -1.0]); None; GPS(-43.522410, 172.577285, 35.000000, var=[-1.0, -1.0, -1.0]); GPS(-43.522410, 172.577285, 46.481717, var=[-1, -1, -1]); 0.5685711119159296; OFFBOARD
13:24:37:661079; [3, 4, 4, 4]4; None; GPS(-43.522410, 172.577285, 20.000000, var=[-1.0, -1.0, -1.0]); GPS(-43.522408, 172.577278, 20.000000, var=[-1.0, -1.0, -1.0]); None; GPS(-43.522410, 172.577285, 35.000000, var=[-1.0, -1.0, -1.0]); GPS(-43.522410, 172.577285, 46.481717, var=[-1, -1, -1]); 0.5685711119159296; OFFBOARD
13:24:37:661850; [3, 4, 4, 4]4; None; GPS(-43.522410, 172.577285, 20.000000, var=[-1.0, -1.0, -1.0]); GPS(-43.522408, 172.577278, 20.000000, var=[-1.0, -1.0, -1.0]); None; GPS(-43.522410, 172.577285, 35.000000, var=[-1.0, -1.0, -1.0]); GPS(-43.522410, 172.577285, 46.481717, var=[-1, -1, -1]); 0.5685711119159296; OFFBOARD
13:24:37:662629; [3, 4, 4, 4]4; None; GPS(-43.522410, 172.577285, 20.000000, var=[-1.0, -1.0, -1.0]); GPS(-43.522408, 172.577278, 20.000000, var=[-1.0, -1.0, -1.0]); None; GPS(-43.522410, 172.577285, 35.000000, var=[-1.0, -1.0, -1.0]); GPS(-43.522410, 172.577285, 46.481717, var=[-1, -1, -1]); 0.5685711119159296; OFFBOARD
13:24:37:664395; [3, 4, 4, 4]4; None; GPS(-43.522410, 172.577285, 20.000000, var=[-1.0, -1.0, -1.0]); GPS(-43.522408, 172.577278, 20.000000, var=[-1.0, -1.0, -1.0]); None; GPS(-43.522410, 172.577285, 35.000000, var=[-1.0, -1.0, -1.0]); GPS(-43.522410, 172.577285, 46.481717, var=[-1, -1, -1]); 0.5685711119159296; OFFBOARD
13:24:37:665518; [3, 4, 4, 4]4; None; GPS(-43.522410, 172.577285, 20.000000, var=[-1.0, -1.0, -1.0]); GPS(-43.522408, 172.577278, 20.000000, var=[-1.0, -1.0, -1.0]); None; GPS(-43.522410, 172.577285, 35.000000, var=[-1.0, -1.0, -1.0]); GPS(-43.522410, 172.577285, 46.481717, var=[-1, -1, -1]); 0.5685711119159296; OFFBOARD
13:24:37:666642; [3, 4, 4, 4]4; None; GPS(-43.522410, 172.577285, 20.000000, var=[-1.0, -1.0, -1.0]); GPS(-43.522408, 172.577278, 20.000000, var=[-1.0, -1.0, -1.0]); None; GPS(-43.522410, 172.577285, 35.000000, var=[-1.0, -1.0, -1.0]); GPS(-43.522410, 172.577285, 46.481717, var=[-1, -1, -1]); 0.5685711119159296; OFFBOARD
13:24:37:668269; [3, 4, 4, 4]4; None; GPS(-43.522410, 172.577285, 20.000000, var=[-1.0, -1.0, -1.0]); GPS(-43.522408, 172.577278, 20.000000, var=[-1.0, -1.0, -1.0]); None; GPS(-43.522410, 172.577285, 35.000000, var=[-1.0, -1.0, -1.0]); GPS(-43.522410, 172.577285, 46.481717, var=[-1, -1, -1]); 0.5685711119159296; OFFBOARD
13:24:37:669254; [3, 4, 4, 4]4; None; GPS(-43.522410, 172.577285, 20.000000, var=[-1.0, -1.0, -1.0]); GPS(-43.522408, 172.577278, 20.000000, var=[-1.0, -1.0, -1.0]); None; GPS(-43.522410, 172.577285, 35.000000, var=[-1.0, -1.0, -1.0]); GPS(-43.522410, 172.577285, 46.481717, var=[-1, -1, -1]); 0.5685711119159296; OFFBOARD
13:24:37:670171; [3, 4, 4, 4]4; None; GPS(-43.522410, 172.577285, 20.000000, var=[-1.0, -1.0, -1.0]); GPS(-43.522408, 172.577278, 20.000000, var=[-1.0, -1.0, -1.0]); None; GPS(-43.522410, 172.577285, 35.000000, var=[-1.0, -1.0, -1.0]); GPS(-43.522410, 172.577285, 46.481717, var=[-1, -1, -1]); 0.5685711119159296; OFFBOARD
13:24:37:671145; [3, 4, 4, 4]4; None; GPS(-43.522410, 172.577285, 20.000000, var=[-1.0, -1.0, -1.0]); GPS(-43.522408, 172.577278, 20.000000, var=[-1.0, -1.0, -1.0]); None; GPS(-43.522410, 172.577285, 35.000000, var=[-1.0, -1.0, -1.0]); GPS(-43.522410, 172.577285, 46.481717, var=[-1, -1, -1]); 0.5685711119159296; OFFBOARD
13:24:37:672295; [3, 4, 4, 4]4; None; GPS(-43.522410, 172.577285, 20.000000, var=[-1.0, -1.0, -1.0]); GPS(-43.522408, 172.577278, 20.000000, var=[-1.0, -1.0, -1.0]); None; GPS(-43.522410, 172.577285, 35.000000, var=[-1.0, -1.0, -1.0]); GPS(-43.522410, 172.577285, 46.481717, var=[-1, -1, -1]); 0.5685711119159296; OFFBOARD
13:24:37:673452; [3, 4, 4, 4]4; None; GPS(-43.522410, 172.577285, 20.000000, var=[-1.0, -1.0, -1.0]); GPS(-43.522408, 172.577278, 20.000000, var=[-1.0, -1.0, -1.0]); None; GPS(-43.522410, 172.577285, 35.000000, var=[-1.0, -1.0, -1.0]); GPS(-43.522410, 172.577285, 46.481717, var=[-1, -1, -1]); 0.5685711119159296; OFFBOARD
13:24:37:674788; [3, 4, 4, 4]4; None; GPS(-43.522410, 172.577285, 20.000000, var=[-1.0, -1.0, -1.0]); GPS(-43.522408, 172.577278, 20.000000, var=[-1.0, -1.0, -1.0]); None; GPS(-43.522410, 172.577285, 35.000000, var=[-1.0, -1.0, -1.0]); GPS(-43.522410, 172.577285, 46.481717, var=[-1, -1, -1]); 0.5685711119159296; OFFBOARD
13:24:37:676943; [3, 4, 4, 4]4; None; GPS(-43.522410, 172.577285, 20.000000, var=[-1.0, -1.0, -1.0]); GPS(-43.522408, 172.577278, 20.000000, var=[-1.0, -1.0, -1.0]); None; GPS(-43.522410, 172.577285, 35.000000, var=[-1.0, -1.0, -1.0]); GPS(-43.522410, 172.577285, 46.481717, var=[-1, -1, -1]); 0.5685711119159296; OFFBOARD
13:24:37:678096; [3, 4, 4, 4]4; None; GPS(-43.522410, 172.577285, 20.000000, var=[-1.0, -1.0, -1.0]); GPS(-43.522408, 172.577278, 20.000000, var=[-1.0, -1.0, -1.0]); None; GPS(-43.522410, 172.577285, 35.000000, var=[-1.0, -1.0, -1.0]); GPS(-43.522410, 172.577285, 46.481717, var=[-1, -1, -1]); 0.5685711119159296; OFFBOARD
13:24:37:679311; [3, 4, 4, 4]4; None; GPS(-43.522410, 172.577285, 20.000000, var=[-1.0, -1.0, -1.0]); GPS(-43.522408, 172.577278, 20.000000, var=[-1.0, -1.0, -1.0]); None; GPS(-43.522410, 172.577285, 35.000000, var=[-1.0, -1.0, -1.0]); GPS(-43.522410, 172.577285, 46.481717, var=[-1, -1, -1]); 0.5685711119159296; OFFBOARD
13:24:37:681202; [3, 4, 4, 4]4; None; GPS(-43.522410, 172.577285, 20.000000, var=[-1.0, -1.0, -1.0]); GPS(-43.522408, 172.577278, 20.000000, var=[-1.0, -1.0, -1.0]); None; GPS(-43.522410, 172.577285, 35.000000, var=[-1.0, -1.0, -1.0]); GPS(-43.522410, 172.577285, 46.481717, var=[-1, -1, -1]); 0.5685711119159296; OFFBOARD
13:24:37:682661; [3, 4, 4, 4]4; None; GPS(-43.522410, 172.577285, 20.000000, var=[-1.0, -1.0, -1.0]); GPS(-43.522408, 172.577278, 20.000000, var=[-1.0, -1.0, -1.0]); None; GPS(-43.522410, 172.577285, 35.000000, var=[-1.0, -1.0, -1.0]); GPS(-43.522410, 172.577285, 46.481717, var=[-1, -1, -1]); 0.5685711119159296; OFFBOARD
13:24:37:684417; [3, 4, 4, 4]4; None; GPS(-43.522410, 172.577285, 20.000000, var=[-1.0, -1.0, -1.0]); GPS(-43.522408, 172.577278, 20.000000, var=[-1.0, -1.0, -1.0]); None; GPS(-43.522410, 172.577285, 35.000000, var=[-1.0, -1.0, -1.0]); GPS(-43.522410, 172.577285, 46.481717, var=[-1, -1, -1]); 0.5685711119159296; OFFBOARD
13:24:37:773377; [3, 4, 4, 4]4; None; GPS(-43.522410, 172.577285, 20.000000, var=[-1.0, -1.0, -1.0]); GPS(-43.522408, 172.577278, 20.000000, var=[-1.0, -1.0, -1.0]); None; GPS(-43.522410, 172.577285, 35.000000, var=[-1.0, -1.0, -1.0]); GPS(-43.522410, 172.577285, 46.480717, var=[-1, -1, -1]); 0.5685711119159296; OFFBOARD
13:24:38:793746; [3, 4, 4, 4]4; None; GPS(-43.522410, 172.577285, 20.000000, var=[-1.0, -1.0, -1.0]); GPS(-43.522408, 172.577278, 20.000000, var=[-1.0, -1.0, -1.0]); None; GPS(-43.522410, 172.577285, 35.000000, var=[-1.0, -1.0, -1.0]); GPS(-43.522410, 172.577285, 46.480717, var=[-1, -1, -1]); 0.5685711119159296; OFFBOARD
13:24:39:748201; [3, 4, 4, 4]4; None; GPS(-43.522410, 172.577285, 20.000000, var=[-1.0, -1.0, -1.0]); GPS(-43.522408, 172.577278, 20.000000, var=[-1.0, -1.0, -1.0]); None; GPS(-43.522410, 172.577285, 35.000000, var=[-1.0, -1.0, -1.0]); GPS(-43.522410, 172.577285, 46.482717, var=[-1, -1, -1]); 0.5685711119159296; OFFBOARD
13:24:40:749083; [4, 4, 4, 4]4; None; GPS(-43.522410, 172.577285, 20.000000, var=[-1.0, -1.0, -1.0]); GPS(-43.522408, 172.577278, 20.000000, var=[-1.0, -1.0, -1.0]); None; GPS(-43.522410, 172.577285, 35.000000, var=[-1.0, -1.0, -1.0]); GPS(-43.522410, 172.577285, 46.479717, var=[-1, -1, -1]); 0.5685711119159296; OFFBOARD
13:24:41:749854; [4, 4, 4, 4]5; None; GPS(-43.522410, 172.577285, 20.000000, var=[-1.0, -1.0, -1.0]); GPS(-43.522408, 172.577278, 20.000000, var=[-1.0, -1.0, -1.0]); None; GPS(-43.522410, 172.577285, 35.000000, var=[-1.0, -1.0, -1.0]); GPS(-43.522410, 172.577285, 46.480717, var=[-1, -1, -1]); 0.5685711119159296; OFFBOARD
13:24:42:784156; [5, 4, 4, 4]5; None; GPS(-43.522410, 172.577285, 20.000000, var=[-1.0, -1.0, -1.0]); GPS(-43.522408, 172.577278, 20.000000, var=[-1.0, -1.0, -1.0]); None; GPS(-43.522410, 172.577285, 35.000000, var=[-1.0, -1.0, -1.0]); GPS(-43.522410, 172.577285, 46.475717, var=[-1, -1, -1]); 0.5685711119159296; OFFBOARD
13:24:43:757065; [5, 4, 4, 4]5; None; GPS(-43.522410, 172.577285, 20.000000, var=[-1.0, -1.0, -1.0]); GPS(-43.522408, 172.577278, 20.000000, var=[-1.0, -1.0, -1.0]); None; GPS(-43.522410, 172.577285, 35.000000, var=[-1.0, -1.0, -1.0]); GPS(-43.522410, 172.577285, 46.468717, var=[-1, -1, -1]); 0.5685711119159296; OFFBOARD
13:24:44:755707; [5, 4, 4, 4]5; None; GPS(-43.522410, 172.577285, 20.000000, var=[-1.0, -1.0, -1.0]); GPS(-43.522408, 172.577278, 20.000000, var=[-1.0, -1.0, -1.0]); None; GPS(-43.522410, 172.577285, 35.000000, var=[-1.0, -1.0, -1.0]); GPS(-43.522410, 172.577285, 46.464717, var=[-1, -1, -1]); 0.5685711119159296; OFFBOARD
13:24:45:785299; [5, 4, 4, 4]5; None; GPS(-43.522410, 172.577285, 20.000000, var=[-1.0, -1.0, -1.0]); GPS(-43.522408, 172.577278, 20.000000, var=[-1.0, -1.0, -1.0]); None; GPS(-43.522410, 172.577285, 35.000000, var=[-1.0, -1.0, -1.0]); GPS(-43.522410, 172.577285, 46.453717, var=[-1, -1, -1]); 0.5685711119159296; OFFBOARD
13:24:46:760254; [5, 4, 4, 4]5; None; GPS(-43.522410, 172.577285, 20.000000, var=[-1.0, -1.0, -1.0]); GPS(-43.522408, 172.577278, 20.000000, var=[-1.0, -1.0, -1.0]); None; GPS(-43.522410, 172.577285, 35.000000, var=[-1.0, -1.0, -1.0]); GPS(-43.522410, 172.577285, 46.439717, var=[-1, -1, -1]); 0.5685711119159296; OFFBOARD
13:24:47:763625; [6, 4, 4, 4]5; None; GPS(-43.522410, 172.577285, 20.000000, var=[-1.0, -1.0, -1.0]); GPS(-43.522408, 172.577278, 20.000000, var=[-1.0, -1.0, -1.0]); None; GPS(-43.522410, 172.577285, 35.000000, var=[-1.0, -1.0, -1.0]); GPS(-43.522410, 172.577285, 46.430717, var=[-1, -1, -1]); 0.5685711119159296; OFFBOARD
13:24:48:811017; [6, 4, 4, 4]5; None; GPS(-43.522410, 172.577285, 20.000000, var=[-1.0, -1.0, -1.0]); GPS(-43.522408, 172.577278, 20.000000, var=[-1.0, -1.0, -1.0]); None; GPS(-43.522410, 172.577285, 35.000000, var=[-1.0, -1.0, -1.0]); GPS(-43.522410, 172.577285, 46.409717, var=[-1, -1, -1]); 0.5685711119159296; OFFBOARD
13:24:48:818457; [6, 4, 4, 4]5; None; GPS(-43.522410, 172.577285, 20.000000, var=[-1.0, -1.0, -1.0]); GPS(-43.522410, 172.577278, 20.000000, var=[-1.0, -1.0, -1.0]); None; GPS(-43.522410, 172.577285, 35.000000, var=[-1.0, -1.0, -1.0]); GPS(-43.522410, 172.577285, 46.409717, var=[-1, -1, -1]); 0.5375200376887489; OFFBOARD
13:24:49:800797; [6, 4, 4, 4]5; None; GPS(-43.522410, 172.577285, 20.000000, var=[-1.0, -1.0, -1.0]); GPS(-43.522410, 172.577278, 20.000000, var=[-1.0, -1.0, -1.0]); None; GPS(-43.522410, 172.577285, 35.000000, var=[-1.0, -1.0, -1.0]); GPS(-43.522410, 172.577285, 46.405717, var=[-1, -1, -1]); 0.5375200376887489; OFFBOARD
13:24:50:862180; [6, 4, 4, 4]5; None; GPS(-43.522410, 172.577285, 20.000000, var=[-1.0, -1.0, -1.0]); GPS(-43.522410, 172.577278, 20.000000, var=[-1.0, -1.0, -1.0]); None; GPS(-43.522410, 172.577285, 35.000000, var=[-1.0, -1.0, -1.0]); GPS(-43.522410, 172.577285, 46.385717, var=[-1, -1, -1]); 0.5375200376887489; OFFBOARD
13:24:50:866400; [6, 4, 4, 4]5; None; GPS(-43.522410, 172.577285, 20.000000, var=[-1.0, -1.0, -1.0]); GPS(-43.522410, 172.577278, 20.000000, var=[-1.0, -1.0, -1.0]); None; GPS(-43.522410, 172.577285, 35.000000, var=[-1.0, -1.0, -1.0]); GPS(-43.522410, 172.577285, 46.386717, var=[-1, -1, -1]); 0.5375200376887489; OFFBOARD
13:24:51:765069; [6, 4, 4, 4]5; None; GPS(-43.522410, 172.577285, 20.000000, var=[-1.0, -1.0, -1.0]); GPS(-43.522410, 172.577278, 20.000000, var=[-1.0, -1.0, -1.0]); None; GPS(-43.522410, 172.577285, 35.000000, var=[-1.0, -1.0, -1.0]); GPS(-43.522410, 172.577285, 46.381717, var=[-1, -1, -1]); 0.5375200376887489; OFFBOARD
13:24:52:769864; [6, 4, 4, 4]5; None; GPS(-43.522410, 172.577285, 20.000000, var=[-1.0, -1.0, -1.0]); GPS(-43.522410, 172.577278, 20.000000, var=[-1.0, -1.0, -1.0]); None; GPS(-43.522410, 172.577285, 35.000000, var=[-1.0, -1.0, -1.0]); GPS(-43.522410, 172.577285, 46.379717, var=[-1, -1, -1]); 0.5375200376887489; OFFBOARD
13:24:53:767403; [6, 4, 4, 4]5; None; GPS(-43.522410, 172.577285, 20.000000, var=[-1.0, -1.0, -1.0]); GPS(-43.522410, 172.577278, 20.000000, var=[-1.0, -1.0, -1.0]); None; GPS(-43.522410, 172.577285, 35.000000, var=[-1.0, -1.0, -1.0]); GPS(-43.522410, 172.577285, 46.368717, var=[-1, -1, -1]); 0.5375200376887489; OFFBOARD
13:24:54:763568; [6, 4, 4, 4]5; None; GPS(-43.522410, 172.577285, 20.000000, var=[-1.0, -1.0, -1.0]); GPS(-43.522410, 172.577278, 20.000000, var=[-1.0, -1.0, -1.0]); None; GPS(-43.522410, 172.577285, 35.000000, var=[-1.0, -1.0, -1.0]); GPS(-43.522410, 172.577285, 46.368718, var=[-1, -1, -1]); 0.5375200376887489; OFFBOARD
13:24:55:755657; [6, 4, 4, 4]5; None; GPS(-43.522410, 172.577285, 20.000000, var=[-1.0, -1.0, -1.0]); GPS(-43.522410, 172.577278, 20.000000, var=[-1.0, -1.0, -1.0]); None; GPS(-43.522410, 172.577285, 35.000000, var=[-1.0, -1.0, -1.0]); GPS(-43.522410, 172.577286, 46.371718, var=[-1, -1, -1]); 0.5375200376887489; OFFBOARD
13:24:56:759514; [6, 4, 4, 4]5; None; GPS(-43.522410, 172.577285, 20.000000, var=[-1.0, -1.0, -1.0]); GPS(-43.522410, 172.577278, 20.000000, var=[-1.0, -1.0, -1.0]); None; GPS(-43.522410, 172.577285, 35.000000, var=[-1.0, -1.0, -1.0]); GPS(-43.522410, 172.577286, 46.375718, var=[-1, -1, -1]); 0.5375200376887489; OFFBOARD
13:24:57:769187; [6, 4, 4, 4]5; None; GPS(-43.522410, 172.577285, 20.000000, var=[-1.0, -1.0, -1.0]); GPS(-43.522410, 172.577278, 20.000000, var=[-1.0, -1.0, -1.0]); None; GPS(-43.522410, 172.577285, 35.000000, var=[-1.0, -1.0, -1.0]); GPS(-43.522410, 172.577285, 46.390718, var=[-1, -1, -1]); 0.5375200376887489; OFFBOARD
13:24:58:800711; [6, 4, 4, 4]5; None; GPS(-43.522410, 172.577285, 20.000000, var=[-1.0, -1.0, -1.0]); GPS(-43.522410, 172.577278, 20.000000, var=[-1.0, -1.0, -1.0]); None; GPS(-43.522410, 172.577285, 35.000000, var=[-1.0, -1.0, -1.0]); GPS(-43.522410, 172.577285, 46.410718, var=[-1, -1, -1]); 0.5375200376887489; OFFBOARD
13:24:59:765342; [6, 4, 4, 4]5; None; GPS(-43.522410, 172.577285, 20.000000, var=[-1.0, -1.0, -1.0]); GPS(-43.522410, 172.577278, 20.000000, var=[-1.0, -1.0, -1.0]); None; GPS(-43.522410, 172.577285, 35.000000, var=[-1.0, -1.0, -1.0]); GPS(-43.522410, 172.577285, 46.413718, var=[-1, -1, -1]); 0.5375200376887489; OFFBOARD
13:25:00:769692; [6, 4, 4, 4]5; None; GPS(-43.522410, 172.577285, 20.000000, var=[-1.0, -1.0, -1.0]); GPS(-43.522410, 172.577278, 20.000000, var=[-1.0, -1.0, -1.0]); None; GPS(-43.522410, 172.577285, 35.000000, var=[-1.0, -1.0, -1.0]); GPS(-43.522410, 172.577285, 46.409718, var=[-1, -1, -1]); 0.5375200376887489; OFFBOARD
13:25:01:764146; [6, 4, 4, 4]5; None; GPS(-43.522410, 172.577285, 20.000000, var=[-1.0, -1.0, -1.0]); GPS(-43.522410, 172.577278, 20.000000, var=[-1.0, -1.0, -1.0]); None; GPS(-43.522410, 172.577285, 35.000000, var=[-1.0, -1.0, -1.0]); GPS(-43.522409, 172.577285, 46.417718, var=[-1, -1, -1]); 0.5375200376887489; OFFBOARD
13:25:02:836970; [6, 4, 4, 4]5; None; GPS(-43.522410, 172.577285, 20.000000, var=[-1.0, -1.0, -1.0]); GPS(-43.522410, 172.577278, 20.000000, var=[-1.0, -1.0, -1.0]); None; GPS(-43.522410, 172.577285, 35.000000, var=[-1.0, -1.0, -1.0]); GPS(-43.522410, 172.577285, 46.432718, var=[-1, -1, -1]); 0.5375200376887489; OFFBOARD
13:25:03:788599; [6, 4, 4, 4]5; None; GPS(-43.522410, 172.577285, 20.000000, var=[-1.0, -1.0, -1.0]); GPS(-43.522410, 172.577278, 20.000000, var=[-1.0, -1.0, -1.0]); None; GPS(-43.522410, 172.577285, 35.000000, var=[-1.0, -1.0, -1.0]); GPS(-43.522409, 172.577285, 46.433718, var=[-1, -1, -1]); 0.5375200376887489; OFFBOARD
13:25:04:776223; [6, 4, 4, 4]5; None; GPS(-43.522410, 172.577285, 20.000000, var=[-1.0, -1.0, -1.0]); GPS(-43.522410, 172.577278, 20.000000, var=[-1.0, -1.0, -1.0]); None; GPS(-43.522410, 172.577285, 35.000000, var=[-1.0, -1.0, -1.0]); GPS(-43.522409, 172.577285, 46.449718, var=[-1, -1, -1]); 0.5375200376887489; OFFBOARD
13:25:05:766788; [6, 4, 4, 4]5; None; GPS(-43.522410, 172.577285, 20.000000, var=[-1.0, -1.0, -1.0]); GPS(-43.522410, 172.577278, 20.000000, var=[-1.0, -1.0, -1.0]); None; GPS(-43.522410, 172.577285, 35.000000, var=[-1.0, -1.0, -1.0]); GPS(-43.522410, 172.577285, 46.456717, var=[-1, -1, -1]); 0.5375200376887489; OFFBOARD
13:25:06:777854; [6, 4, 4, 4]5; None; GPS(-43.522410, 172.577285, 20.000000, var=[-1.0, -1.0, -1.0]); GPS(-43.522410, 172.577278, 20.000000, var=[-1.0, -1.0, -1.0]); None; GPS(-43.522410, 172.577285, 35.000000, var=[-1.0, -1.0, -1.0]); GPS(-43.522410, 172.577285, 46.462717, var=[-1, -1, -1]); 0.5375200376887489; OFFBOARD
13:25:07:761605; [6, 4, 4, 4]5; None; GPS(-43.522410, 172.577285, 20.000000, var=[-1.0, -1.0, -1.0]); GPS(-43.522410, 172.577280, 20.000000, var=[-1.0, -1.0, -1.0]); None; GPS(-43.522410, 172.577285, 35.000000, var=[-1.0, -1.0, -1.0]); GPS(-43.522410, 172.577285, 46.460717, var=[-1, -1, -1]); 0.4031400282665617; OFFBOARD
13:25:08:773520; [6, 4, 4, 4]5; None; GPS(-43.522410, 172.577285, 20.000000, var=[-1.0, -1.0, -1.0]); GPS(-43.522410, 172.577280, 20.000000, var=[-1.0, -1.0, -1.0]); None; GPS(-43.522410, 172.577285, 35.000000, var=[-1.0, -1.0, -1.0]); GPS(-43.522410, 172.577284, 46.453717, var=[-1, -1, -1]); 0.4031400282665617; OFFBOARD
13:25:09:920248; [6, 4, 4, 4]5; None; GPS(-43.522410, 172.577285, 20.000000, var=[-1.0, -1.0, -1.0]); GPS(-43.522410, 172.577280, 20.000000, var=[-1.0, -1.0, -1.0]); None; GPS(-43.522410, 172.577285, 35.000000, var=[-1.0, -1.0, -1.0]); GPS(-43.522410, 172.577285, 46.465717, var=[-1, -1, -1]); 0.4031400282665617; OFFBOARD
13:25:10:761217; [6, 4, 4, 4]5; None; GPS(-43.522410, 172.577285, 20.000000, var=[-1.0, -1.0, -1.0]); GPS(-43.522410, 172.577280, 20.000000, var=[-1.0, -1.0, -1.0]); None; GPS(-43.522410, 172.577285, 35.000000, var=[-1.0, -1.0, -1.0]); GPS(-43.522410, 172.577285, 46.467717, var=[-1, -1, -1]); 0.4031400282665617; OFFBOARD
13:25:11:766151; [6, 4, 4, 4]5; None; GPS(-43.522410, 172.577285, 20.000000, var=[-1.0, -1.0, -1.0]); GPS(-43.522410, 172.577280, 20.000000, var=[-1.0, -1.0, -1.0]); None; GPS(-43.522410, 172.577285, 35.000000, var=[-1.0, -1.0, -1.0]); GPS(-43.522410, 172.577285, 46.478717, var=[-1, -1, -1]); 0.4031400282665617; OFFBOARD
13:25:12:810368; [6, 4, 4, 4]5; None; GPS(-43.522410, 172.577285, 20.000000, var=[-1.0, -1.0, -1.0]); GPS(-43.522410, 172.577280, 20.000000, var=[-1.0, -1.0, -1.0]); None; GPS(-43.522410, 172.577285, 35.000000, var=[-1.0, -1.0, -1.0]); GPS(-43.522410, 172.577285, 46.480718, var=[-1, -1, -1]); 0.4031400282665617; OFFBOARD
13:25:13:808457; [6, 4, 4, 4]5; None; GPS(-43.522410, 172.577285, 20.000000, var=[-1.0, -1.0, -1.0]); GPS(-43.522410, 172.577280, 20.000000, var=[-1.0, -1.0, -1.0]); None; GPS(-43.522410, 172.577285, 35.000000, var=[-1.0, -1.0, -1.0]); GPS(-43.522410, 172.577285, 46.471717, var=[-1, -1, -1]); 0.4031400282665617; OFFBOARD
13:25:14:769768; [6, 4, 4, 4]5; None; GPS(-43.522410, 172.577285, 20.000000, var=[-1.0, -1.0, -1.0]); GPS(-43.522410, 172.577280, 20.000000, var=[-1.0, -1.0, -1.0]); None; GPS(-43.522410, 172.577285, 35.000000, var=[-1.0, -1.0, -1.0]); GPS(-43.522410, 172.577285, 46.470717, var=[-1, -1, -1]); 0.4031400282665617; OFFBOARD
13:25:16:363673; [6, 4, 4, 4]5; None; GPS(-43.522410, 172.577285, 20.000000, var=[-1.0, -1.0, -1.0]); GPS(-43.522410, 172.577280, 20.000000, var=[-1.0, -1.0, -1.0]); None; GPS(-43.522410, 172.577285, 35.000000, var=[-1.0, -1.0, -1.0]); GPS(-43.522410, 172.577285, 46.468717, var=[-1, -1, -1]); 0.4031400282665617; OFFBOARD
STOP: 09/22/2021 13:28:56:993561
