START: 09/27/2021 14:09:10:206873
TIME,            RX_ID,          STATE,          TIMESTAMP,          SEQ_NO,          RX_COORDS,          RANGE_READING,          TARGET_COORDS,          
14:09:18:823355, 1, 1, 1632704958.7965925, 0, GPS(-43.520555, 172.582937, 21.424898, var=[1.0, 1.0, 1.0]), 37.57728465229542, GPS(-43.520600, 172.583000, 0.000000, var=[-1.0, -1.0, -1.0])
14:09:18:823485, 4, 1, 1632704958.811511, 0, GPS(-43.520645, 172.583063, 21.343781, var=[1.0, 1.0, 1.0]), 37.49784533314674, GPS(-43.520600, 172.583000, 0.000000, var=[-1.0, -1.0, -1.0])
14:09:18:823564, 2, 1, 1632704958.797983, 0, GPS(-43.520555, 172.583063, 21.315925, var=[1.0, 1.0, 1.0]), 37.49296599268719, GPS(-43.520600, 172.583000, 0.000000, var=[-1.0, -1.0, -1.0])
14:09:18:823594, 3, 1, 1632704958.8032024, 0, GPS(-43.520645, 172.582939, 21.377755, var=[1.0, 1.0, 1.0]), 37.49724815848403, GPS(-43.520600, 172.583000, 0.000000, var=[-1.0, -1.0, -1.0])
14:09:19:797908, 1, 1, 1632704959.797782, 1, GPS(-43.520555, 172.582937, 21.444899, var=[1.0, 1.0, 1.0]), 48.662824215266134, GPS(-43.520600, 172.583000, 0.000000, var=[-1.0, -1.0, -1.0])
14:09:19:799728, 2, 1, 1632704959.7996364, 1, GPS(-43.520555, 172.583063, 21.357925, var=[1.0, 1.0, 1.0]), 48.59684137534312, GPS(-43.520600, 172.583000, 0.000000, var=[-1.0, -1.0, -1.0])
14:09:19:805360, 3, 1, 1632704959.805242, 1, GPS(-43.520645, 172.582939, 21.393755, var=[1.0, 1.0, 1.0]), 48.57166204940586, GPS(-43.520600, 172.583000, 0.000000, var=[-1.0, -1.0, -1.0])
14:09:19:812969, 4, 1, 1632704959.812729, 1, GPS(-43.520645, 172.583063, 21.374781, var=[1.0, 1.0, 1.0]), 48.59314862079695, GPS(-43.520600, 172.583000, 0.000000, var=[-1.0, -1.0, -1.0])
14:09:20:210864, 1, 1, 1632704960.2107468, 2, GPS(-43.520555, 172.582937, 21.451899, var=[1.0, 1.0, 1.0]), 48.915444272569886, GPS(-43.520600, 172.583000, 0.000000, var=[-1.0, -1.0, -1.0])
14:09:20:210925, 2, 1, 1632704960.210795, 2, GPS(-43.520555, 172.583063, 21.376925, var=[1.0, 1.0, 1.0]), 48.86082981638733, GPS(-43.520600, 172.583000, 0.000000, var=[-1.0, -1.0, -1.0])
14:09:20:210962, 3, 1, 1632704960.2107594, 2, GPS(-43.520645, 172.582939, 21.402755, var=[1.0, 1.0, 1.0]), 48.823742305060264, GPS(-43.520600, 172.583000, 0.000000, var=[-1.0, -1.0, -1.0])
14:09:20:211002, 4, 1, 1632704960.2107842, 2, GPS(-43.520645, 172.583063, 21.375781, var=[1.0, 1.0, 1.0]), 48.84007428662926, GPS(-43.520600, 172.583000, 0.000000, var=[-1.0, -1.0, -1.0])
14:09:21:211417, 4, 1, 1632704961.2112906, 3, GPS(-43.520645, 172.583063, 21.389781, var=[1.0, 1.0, 1.0]), 48.898432613206445, GPS(-43.520600, 172.583000, 0.000000, var=[-1.0, -1.0, -1.0])
14:09:21:211853, 3, 1, 1632704961.2117646, 3, GPS(-43.520645, 172.582939, 21.415755, var=[1.0, 1.0, 1.0]), 48.88434573792103, GPS(-43.520600, 172.583000, 0.000000, var=[-1.0, -1.0, -1.0])
14:09:21:212194, 2, 1, 1632704961.2121081, 3, GPS(-43.520554, 172.583063, 21.386925, var=[1.0, 1.0, 1.0]), 48.9246265346499, GPS(-43.520600, 172.583000, 0.000000, var=[-1.0, -1.0, -1.0])
14:09:21:212291, 3, 1, 1632704961.2122178, 4, GPS(-43.520645, 172.582939, 21.415755, var=[1.0, 1.0, 1.0]), 48.88434573792103, GPS(-43.520600, 172.583000, 0.000000, var=[-1.0, -1.0, -1.0])
14:09:21:212330, 4, 1, 1632704961.212244, 4, GPS(-43.520645, 172.583063, 21.389781, var=[1.0, 1.0, 1.0]), 48.898432613206445, GPS(-43.520600, 172.583000, 0.000000, var=[-1.0, -1.0, -1.0])
14:09:21:212358, 1, 1, 1632704961.2122238, 3, GPS(-43.520555, 172.582937, 21.454899, var=[1.0, 1.0, 1.0]), 48.97076629518243, GPS(-43.520600, 172.583000, 0.000000, var=[-1.0, -1.0, -1.0])
14:09:21:213728, 2, 1, 1632704961.2122495, 4, GPS(-43.520554, 172.583063, 21.386925, var=[1.0, 1.0, 1.0]), 48.9246265346499, GPS(-43.520600, 172.583000, 0.000000, var=[-1.0, -1.0, -1.0])
14:09:22:212746, 2, 1, 1632704962.2125494, 5, GPS(-43.520554, 172.583063, 21.392926, var=[1.0, 1.0, 1.0]), 49.00032103523934, GPS(-43.520600, 172.583000, 0.000000, var=[-1.0, -1.0, -1.0])
14:09:22:213647, 1, 1, 1632704962.2134657, 4, GPS(-43.520555, 172.582937, 21.462899, var=[1.0, 1.0, 1.0]), 49.043358029715904, GPS(-43.520600, 172.583000, 0.000000, var=[-1.0, -1.0, -1.0])
14:09:22:215545, 1, 1, 1632704962.2141678, 5, GPS(-43.520555, 172.582937, 21.462899, var=[1.0, 1.0, 1.0]), 49.043358029715904, GPS(-43.520600, 172.583000, 0.000000, var=[-1.0, -1.0, -1.0])
14:09:22:215640, 3, 1, 1632704962.2137253, 5, GPS(-43.520645, 172.582939, 21.423755, var=[1.0, 1.0, 1.0]), 48.9587084872879, GPS(-43.520600, 172.583000, 0.000000, var=[-1.0, -1.0, -1.0])
14:09:22:215693, 4, 1, 1632704962.2139337, 5, GPS(-43.520645, 172.583063, 21.404781, var=[1.0, 1.0, 1.0]), 48.9770253778339, GPS(-43.520600, 172.583000, 0.000000, var=[-1.0, -1.0, -1.0])
14:09:22:217488, 2, 1, 1632704962.2140296, 6, GPS(-43.520554, 172.583063, 21.392926, var=[1.0, 1.0, 1.0]), 49.00032103523934, GPS(-43.520600, 172.583000, 0.000000, var=[-1.0, -1.0, -1.0])
14:09:22:217635, 4, 1, 1632704962.2141085, 6, GPS(-43.520645, 172.583063, 21.404781, var=[1.0, 1.0, 1.0]), 48.9770253778339, GPS(-43.520600, 172.583000, 0.000000, var=[-1.0, -1.0, -1.0])
14:09:22:217979, 3, 1, 1632704962.2140853, 6, GPS(-43.520645, 172.582939, 21.423755, var=[1.0, 1.0, 1.0]), 48.9587084872879, GPS(-43.520600, 172.583000, 0.000000, var=[-1.0, -1.0, -1.0])
14:09:23:214886, 1, 1, 1632704963.2147543, 6, GPS(-43.520555, 172.582937, 21.467899, var=[1.0, 1.0, 1.0]), 49.06257493940511, GPS(-43.520600, 172.583000, 0.000000, var=[-1.0, -1.0, -1.0])
14:09:23:216102, 1, 1, 1632704963.2156599, 7, GPS(-43.520555, 172.582937, 21.467899, var=[1.0, 1.0, 1.0]), 49.06257493940511, GPS(-43.520600, 172.583000, 0.000000, var=[-1.0, -1.0, -1.0])
14:09:23:216162, 4, 1, 1632704963.2148829, 7, GPS(-43.520645, 172.583063, 21.413781, var=[1.0, 1.0, 1.0]), 48.995114331269136, GPS(-43.520600, 172.583000, 0.000000, var=[-1.0, -1.0, -1.0])
14:09:23:216208, 2, 1, 1632704963.2156653, 7, GPS(-43.520554, 172.583063, 21.423926, var=[1.0, 1.0, 1.0]), 49.04420324269636, GPS(-43.520600, 172.583000, 0.000000, var=[-1.0, -1.0, -1.0])
14:09:23:216252, 3, 1, 1632704963.2156742, 7, GPS(-43.520645, 172.582939, 21.429755, var=[1.0, 1.0, 1.0]), 48.97816472075066, GPS(-43.520600, 172.583000, 0.000000, var=[-1.0, -1.0, -1.0])
14:09:23:217371, 2, 1, 1632704963.215797, 8, GPS(-43.520554, 172.583063, 21.423926, var=[1.0, 1.0, 1.0]), 49.04420324269636, GPS(-43.520600, 172.583000, 0.000000, var=[-1.0, -1.0, -1.0])
14:09:23:217544, 4, 1, 1632704963.215681, 8, GPS(-43.520645, 172.583063, 21.413781, var=[1.0, 1.0, 1.0]), 48.995114331269136, GPS(-43.520600, 172.583000, 0.000000, var=[-1.0, -1.0, -1.0])
14:09:24:216342, 3, 1, 1632704964.216184, 8, GPS(-43.520645, 172.582939, 21.425756, var=[1.0, 1.0, 1.0]), 48.99692624402606, GPS(-43.520600, 172.583000, 0.000000, var=[-1.0, -1.0, -1.0])
14:09:24:216416, 4, 1, 1632704964.2162056, 9, GPS(-43.520645, 172.583063, 21.410781, var=[1.0, 1.0, 1.0]), 49.019086802709936, GPS(-43.520600, 172.583000, 0.000000, var=[-1.0, -1.0, -1.0])
14:09:24:216454, 2, 1, 1632704964.2162206, 9, GPS(-43.520554, 172.583063, 21.430926, var=[1.0, 1.0, 1.0]), 49.07654338171801, GPS(-43.520600, 172.583000, 0.000000, var=[-1.0, -1.0, -1.0])
14:09:24:216494, 1, 1, 1632704964.2162066, 8, GPS(-43.520555, 172.582938, 21.472899, var=[1.0, 1.0, 1.0]), 49.09053124298346, GPS(-43.520600, 172.583000, 0.000000, var=[-1.0, -1.0, -1.0])
14:09:25:217531, 1, 2, 1632704965.217405, 9, GPS(-43.520555, 172.582937, 21.472899, var=[1.0, 1.0, 1.0]), 49.10685088698973, GPS(-43.520600, 172.583000, 0.000000, var=[-1.0, -1.0, -1.0])
14:09:25:217604, 3, 1, 1632704965.217519, 9, GPS(-43.520644, 172.582939, 21.423756, var=[1.0, 1.0, 1.0]), 49.00110926746184, GPS(-43.520600, 172.583000, 0.000000, var=[-1.0, -1.0, -1.0])
14:09:25:219019, 3, 1, 1632704965.218306, 10, GPS(-43.520644, 172.582939, 21.423756, var=[1.0, 1.0, 1.0]), 49.00110926746184, GPS(-43.520600, 172.583000, 0.000000, var=[-1.0, -1.0, -1.0])
14:09:25:219108, 4, 1, 1632704965.2177658, 10, GPS(-43.520645, 172.583063, 21.407781, var=[1.0, 1.0, 1.0]), 49.024023591896274, GPS(-43.520600, 172.583000, 0.000000, var=[-1.0, -1.0, -1.0])
14:09:25:219153, 2, 1, 1632704965.2178745, 10, GPS(-43.520554, 172.583063, 21.434926, var=[1.0, 1.0, 1.0]), 49.092373446379426, GPS(-43.520600, 172.583000, 0.000000, var=[-1.0, -1.0, -1.0])
14:09:25:219232, 1, 2, 1632704965.218298, 10, GPS(-43.520555, 172.582937, 21.472899, var=[1.0, 1.0, 1.0]), 49.10685088698973, GPS(-43.520600, 172.583000, 0.000000, var=[-1.0, -1.0, -1.0])
14:09:25:220516, 2, 1, 1632704965.2186005, 11, GPS(-43.520554, 172.583063, 21.434926, var=[1.0, 1.0, 1.0]), 49.092373446379426, GPS(-43.520600, 172.583000, 0.000000, var=[-1.0, -1.0, -1.0])
14:09:25:220569, 4, 1, 1632704965.218335, 11, GPS(-43.520645, 172.583063, 21.407781, var=[1.0, 1.0, 1.0]), 49.024023591896274, GPS(-43.520600, 172.583000, 0.000000, var=[-1.0, -1.0, -1.0])
14:09:26:219270, 1, 2, 1632704966.2190943, 11, GPS(-43.520555, 172.582937, 21.483899, var=[1.0, 1.0, 1.0]), 49.12327232267681, GPS(-43.520600, 172.583000, 0.000000, var=[-1.0, -1.0, -1.0])
14:09:26:219327, 3, 1, 1632704966.2191215, 11, GPS(-43.520644, 172.582939, 21.428756, var=[1.0, 1.0, 1.0]), 49.01117098813427, GPS(-43.520600, 172.583000, 0.000000, var=[-1.0, -1.0, -1.0])
14:09:26:220699, 2, 1, 1632704966.219125, 12, GPS(-43.520554, 172.583063, 21.427926, var=[1.0, 1.0, 1.0]), 49.093539074190346, GPS(-43.520600, 172.583000, 0.000000, var=[-1.0, -1.0, -1.0])
14:09:26:220752, 4, 1, 1632704966.2191255, 12, GPS(-43.520645, 172.583063, 21.413782, var=[1.0, 1.0, 1.0]), 49.03933028098952, GPS(-43.520600, 172.583000, 0.000000, var=[-1.0, -1.0, -1.0])
14:09:27:219874, 2, 1, 1632704967.2197444, 13, GPS(-43.520554, 172.583063, 21.432926, var=[1.0, 1.0, 1.0]), 49.10826468911865, GPS(-43.520600, 172.583000, 0.000000, var=[-1.0, -1.0, -1.0])
14:09:27:220348, 1, 2, 1632704967.2202563, 12, GPS(-43.520555, 172.582938, 21.494899, var=[1.0, 1.0, 1.0]), 49.141902260021425, GPS(-43.520600, 172.583000, 0.000000, var=[-1.0, -1.0, -1.0])
14:09:27:220692, 4, 1, 1632704967.2206113, 13, GPS(-43.520645, 172.583063, 21.417782, var=[1.0, 1.0, 1.0]), 49.05311482580245, GPS(-43.520600, 172.583000, 0.000000, var=[-1.0, -1.0, -1.0])
14:09:27:220869, 1, 2, 1632704967.220774, 13, GPS(-43.520555, 172.582938, 21.494899, var=[1.0, 1.0, 1.0]), 49.141902260021425, GPS(-43.520600, 172.583000, 0.000000, var=[-1.0, -1.0, -1.0])
14:09:27:220937, 3, 1, 1632704967.2207913, 12, GPS(-43.520644, 172.582939, 21.445756, var=[1.0, 1.0, 1.0]), 49.03976042907911, GPS(-43.520600, 172.583000, 0.000000, var=[-1.0, -1.0, -1.0])
14:09:27:222123, 4, 1, 1632704967.220798, 14, GPS(-43.520645, 172.583063, 21.417782, var=[1.0, 1.0, 1.0]), 49.05311482580245, GPS(-43.520600, 172.583000, 0.000000, var=[-1.0, -1.0, -1.0])
14:09:27:222199, 2, 1, 1632704967.220811, 14, GPS(-43.520554, 172.583063, 21.432926, var=[1.0, 1.0, 1.0]), 49.10826468911865, GPS(-43.520600, 172.583000, 0.000000, var=[-1.0, -1.0, -1.0])
14:09:28:221217, 4, 1, 1632704968.221062, 15, GPS(-43.520644, 172.583063, 21.424782, var=[1.0, 1.0, 1.0]), 49.052685489807075, GPS(-43.520600, 172.583000, 0.000000, var=[-1.0, -1.0, -1.0])
14:09:28:221298, 3, 1, 1632704968.2210968, 13, GPS(-43.520644, 172.582939, 21.433756, var=[1.0, 1.0, 1.0]), 49.03085171330639, GPS(-43.520600, 172.583000, 0.000000, var=[-1.0, -1.0, -1.0])
14:09:28:222401, 4, 1, 1632704968.2222679, 16, GPS(-43.520644, 172.583063, 21.424782, var=[1.0, 1.0, 1.0]), 49.052685489807075, GPS(-43.520600, 172.583000, 0.000000, var=[-1.0, -1.0, -1.0])
14:09:28:222461, 3, 1, 1632704968.222254, 14, GPS(-43.520644, 172.582939, 21.433756, var=[1.0, 1.0, 1.0]), 49.03085171330639, GPS(-43.520600, 172.583000, 0.000000, var=[-1.0, -1.0, -1.0])
14:09:28:222513, 1, 2, 1632704968.221709, 14, GPS(-43.520555, 172.582938, 21.502899, var=[1.0, 1.0, 1.0]), 49.14847972875182, GPS(-43.520600, 172.583000, 0.000000, var=[-1.0, -1.0, -1.0])
14:09:28:223507, 2, 1, 1632704968.222268, 15, GPS(-43.520554, 172.583063, 21.415926, var=[1.0, 1.0, 1.0]), 49.086117106633125, GPS(-43.520600, 172.583000, 0.000000, var=[-1.0, -1.0, -1.0])
14:09:28:224007, 1, 2, 1632704968.2222226, 15, GPS(-43.520555, 172.582938, 21.502899, var=[1.0, 1.0, 1.0]), 49.14847972875182, GPS(-43.520600, 172.583000, 0.000000, var=[-1.0, -1.0, -1.0])
14:09:29:222690, 3, 1, 1632704969.2224348, 15, GPS(-43.520644, 172.582939, 21.441756, var=[1.0, 1.0, 1.0]), 49.0388933903316, GPS(-43.520600, 172.583000, 0.000000, var=[-1.0, -1.0, -1.0])
14:09:29:225712, 4, 1, 1632704969.2240164, 17, GPS(-43.520644, 172.583063, 21.414782, var=[1.0, 1.0, 1.0]), 49.039568667577946, GPS(-43.520600, 172.583000, 0.000000, var=[-1.0, -1.0, -1.0])
14:09:29:225823, 2, 1, 1632704969.2234342, 16, GPS(-43.520554, 172.583063, 21.420926, var=[1.0, 1.0, 1.0]), 49.09154241136719, GPS(-43.520600, 172.583000, 0.000000, var=[-1.0, -1.0, -1.0])
14:09:29:225926, 1, 2, 1632704969.2235854, 16, GPS(-43.520555, 172.582937, 21.494899, var=[1.0, 1.0, 1.0]), 49.142677156443, GPS(-43.520600, 172.583000, 0.000000, var=[-1.0, -1.0, -1.0])
14:09:30:224652, 2, 1, 1632704970.2242365, 17, GPS(-43.520554, 172.583063, 21.421926, var=[1.0, 1.0, 1.0]), 49.10215850724717, GPS(-43.520600, 172.583000, 0.000000, var=[-1.0, -1.0, -1.0])
14:09:30:224870, 3, 1, 1632704970.2245948, 16, GPS(-43.520644, 172.582939, 21.423756, var=[1.0, 1.0, 1.0]), 49.03361760719873, GPS(-43.520600, 172.583000, 0.000000, var=[-1.0, -1.0, -1.0])
14:09:30:226890, 4, 1, 1632704970.2252812, 18, GPS(-43.520644, 172.583062, 21.411782, var=[1.0, 1.0, 1.0]), 49.03536234021635, GPS(-43.520600, 172.583000, 0.000000, var=[-1.0, -1.0, -1.0])
14:09:30:226982, 1, 2, 1632704970.225232, 17, GPS(-43.520554, 172.582937, 21.493899, var=[1.0, 1.0, 1.0]), 49.16578938371726, GPS(-43.520600, 172.583000, 0.000000, var=[-1.0, -1.0, -1.0])
STOP: 09/27/2021 14:09:31:038819
