START: 09/16/2021 21:55:20:319780
TIME,            RX_ID,          STATE,          TIMESTAMP,          SEQ_NO,          RX_COORDS,          RANGE_READING,          TARGET_COORDS,          
21:55:20:856743, 3, 1, 1631786120.8237648, 70, GPS(-43.520643, 172.582936, 11.714758, var=[1.0, 1.0, 1.0]), 41.260899188510116, GPS(-43.520623, 172.583227, 0.000000, var=[-1.0, -1.0, -1.0])
21:55:20:858388, 4, 1, 1631786120.8388357, 70, GPS(-43.520644, 172.583061, 11.771782, var=[1.0, 1.0, 1.0]), 32.95231753581742, GPS(-43.520623, 172.583227, 0.000000, var=[-1.0, -1.0, -1.0])
21:55:20:859670, 2, 1, 1631786120.8338583, 70, GPS(-43.520555, 172.583061, 11.727924, var=[1.0, 1.0, 1.0]), 34.35701738114292, GPS(-43.520623, 172.583227, 0.000000, var=[-1.0, -1.0, -1.0])
21:55:21:826655, 3, 1, 1631786121.825048, 71, GPS(-43.520643, 172.582936, 11.772758, var=[1.0, 1.0, 1.0]), 40.30360484568164, GPS(-43.520620, 172.583212, 0.000000, var=[-1.0, -1.0, -1.0])
21:55:21:837900, 2, 1, 1631786121.8358943, 71, GPS(-43.520555, 172.583061, 11.802924, var=[1.0, 1.0, 1.0]), 33.49779744141303, GPS(-43.520620, 172.583212, 0.000000, var=[-1.0, -1.0, -1.0])
21:55:21:840443, 4, 1, 1631786121.8391805, 71, GPS(-43.520644, 172.583061, 11.824782, var=[1.0, 1.0, 1.0]), 32.20937822839577, GPS(-43.520620, 172.583212, 0.000000, var=[-1.0, -1.0, -1.0])
21:55:21:943996, 4, 1, 1631786121.9415054, 71, GPS(-43.520644, 172.583061, 11.830782, var=[1.0, 1.0, 1.0]), 32.213514249866826, GPS(-43.520620, 172.583212, 0.000000, var=[-1.0, -1.0, -1.0])
21:55:21:945687, 3, 1, 1631786121.9427674, 71, GPS(-43.520643, 172.582936, 11.782758, var=[1.0, 1.0, 1.0]), 40.30826880694073, GPS(-43.520620, 172.583212, 0.000000, var=[-1.0, -1.0, -1.0])
21:55:21:947125, 2, 1, 1631786121.9423723, 71, GPS(-43.520555, 172.583061, 11.807924, var=[1.0, 1.0, 1.0]), 33.500997410624926, GPS(-43.520620, 172.583212, 0.000000, var=[-1.0, -1.0, -1.0])
21:55:21:949093, 1, 1, 1631786121.9425166, 71, GPS(-43.520556, 172.582939, 11.818896, var=[1.0, 1.0, 1.0]), 40.97737964761538, GPS(-43.520620, 172.583212, 0.000000, var=[-1.0, -1.0, -1.0])
21:55:22:944517, 4, 1, 1631786122.943024, 72, GPS(-43.520645, 172.583062, 12.770781, var=[1.0, 1.0, 1.0]), 36.756525906287465, GPS(-43.520610, 172.583195, 0.000000, var=[-1.0, -1.0, -1.0])
21:55:22:946112, 3, 1, 1631786122.944318, 72, GPS(-43.520643, 172.582937, 12.748757, var=[1.0, 1.0, 1.0]), 44.28119558145653, GPS(-43.520610, 172.583195, 0.000000, var=[-1.0, -1.0, -1.0])
21:55:22:947247, 2, 1, 1631786122.9433172, 72, GPS(-43.520555, 172.583061, 12.737923, var=[1.0, 1.0, 1.0]), 37.37978468663282, GPS(-43.520610, 172.583195, 0.000000, var=[-1.0, -1.0, -1.0])
21:55:22:948241, 1, 1, 1631786122.9447963, 72, GPS(-43.520556, 172.582939, 11.891896, var=[1.0, 1.0, 1.0]), 44.21725220423771, GPS(-43.520610, 172.583195, 0.000000, var=[-1.0, -1.0, -1.0])
21:55:23:058826, 1, 1, 1631786123.0576553, 72, GPS(-43.520556, 172.582939, 11.909896, var=[1.0, 1.0, 1.0]), 44.44903365888147, GPS(-43.520610, 172.583195, 0.000000, var=[-1.0, -1.0, -1.0])
STOP: 09/16/2021 21:55:23:059849
