START: 09/16/2021 22:04:18:183854
TIME,            RX_ID,          STATE,          TIMESTAMP,          SEQ_NO,          RX_COORDS,          RANGE_READING,          TARGET_COORDS,          
22:04:27:823952, 2, 1, 1631786667.7900727, 0, GPS(-43.520555, 172.583063, 21.444924, var=[1.0, 1.0, 1.0]), 37.58956099656291, GPS(-43.520600, 172.583000, 0.000000, var=[-1.0, -1.0, -1.0])
22:04:27:825481, 4, 1, 1631786667.8173337, 0, GPS(-43.520645, 172.583064, 21.470780, var=[1.0, 1.0, 1.0]), 37.64274573205972, GPS(-43.520600, 172.583000, 0.000000, var=[-1.0, -1.0, -1.0])
22:04:27:826411, 3, 1, 1631786667.7986608, 0, GPS(-43.520644, 172.582939, 21.456756, var=[1.0, 1.0, 1.0]), 37.560530040450296, GPS(-43.520600, 172.583000, 0.000000, var=[-1.0, -1.0, -1.0])
22:04:27:855130, 1, 1, 1631786667.852852, 0, GPS(-43.520555, 172.582939, 21.475899, var=[1.0, 1.0, 1.0]), 37.609922519999934, GPS(-43.520600, 172.583000, 0.000000, var=[-1.0, -1.0, -1.0])
22:04:28:579021, 3, 1, 1631786668.5748234, 1, GPS(-43.520644, 172.582939, 21.492756, var=[1.0, 1.0, 1.0]), 48.97347808036811, GPS(-43.520600, 172.583000, 0.000000, var=[-1.0, -1.0, -1.0])
22:04:28:580321, 4, 1, 1631786668.574799, 1, GPS(-43.520646, 172.583064, 21.502780, var=[1.0, 1.0, 1.0]), 49.05251140721081, GPS(-43.520600, 172.583000, 0.000000, var=[-1.0, -1.0, -1.0])
22:04:28:581320, 1, 1, 1631786668.5748086, 1, GPS(-43.520555, 172.582939, 21.490899, var=[1.0, 1.0, 1.0]), 49.00287785109723, GPS(-43.520600, 172.583000, 0.000000, var=[-1.0, -1.0, -1.0])
22:04:28:582758, 2, 1, 1631786668.5747955, 1, GPS(-43.520555, 172.583063, 21.465924, var=[1.0, 1.0, 1.0]), 48.98578796746655, GPS(-43.520600, 172.583000, 0.000000, var=[-1.0, -1.0, -1.0])
22:04:29:578241, 3, 1, 1631786669.5755894, 2, GPS(-43.520644, 172.582938, 21.509756, var=[1.0, 1.0, 1.0]), 49.06743056524668, GPS(-43.520600, 172.583000, 0.000000, var=[-1.0, -1.0, -1.0])
22:04:29:579032, 4, 1, 1631786669.5767324, 2, GPS(-43.520646, 172.583063, 21.512780, var=[1.0, 1.0, 1.0]), 49.12660261898082, GPS(-43.520600, 172.583000, 0.000000, var=[-1.0, -1.0, -1.0])
22:04:29:579880, 1, 1, 1631786669.575868, 2, GPS(-43.520555, 172.582938, 21.511899, var=[1.0, 1.0, 1.0]), 49.09641740030109, GPS(-43.520600, 172.583000, 0.000000, var=[-1.0, -1.0, -1.0])
22:04:29:580913, 2, 1, 1631786669.5766842, 2, GPS(-43.520555, 172.583063, 21.488924, var=[1.0, 1.0, 1.0]), 49.075882052560104, GPS(-43.520600, 172.583000, 0.000000, var=[-1.0, -1.0, -1.0])
22:04:29:687009, 2, 1, 1631786669.6842654, 3, GPS(-43.520555, 172.583063, 21.487924, var=[1.0, 1.0, 1.0]), 49.104135019464664, GPS(-43.520600, 172.583000, 0.000000, var=[-1.0, -1.0, -1.0])
22:04:29:688354, 3, 1, 1631786669.6843064, 3, GPS(-43.520644, 172.582938, 21.508756, var=[1.0, 1.0, 1.0]), 49.09747948209858, GPS(-43.520600, 172.583000, 0.000000, var=[-1.0, -1.0, -1.0])
22:04:29:689757, 4, 1, 1631786669.6842608, 3, GPS(-43.520646, 172.583063, 21.510780, var=[1.0, 1.0, 1.0]), 49.155705338385985, GPS(-43.520600, 172.583000, 0.000000, var=[-1.0, -1.0, -1.0])
22:04:29:691674, 1, 1, 1631786669.6842809, 3, GPS(-43.520555, 172.582938, 21.511899, var=[1.0, 1.0, 1.0]), 49.12741721439336, GPS(-43.520600, 172.583000, 0.000000, var=[-1.0, -1.0, -1.0])
22:04:30:690890, 1, 1, 1631786670.684545, 4, GPS(-43.520555, 172.582938, 21.486899, var=[1.0, 1.0, 1.0]), 49.108195558179986, GPS(-43.520600, 172.583000, 0.000000, var=[-1.0, -1.0, -1.0])
22:04:30:692326, 4, 1, 1631786670.6858988, 4, GPS(-43.520646, 172.583063, 21.500780, var=[1.0, 1.0, 1.0]), 49.156850733080745, GPS(-43.520600, 172.583000, 0.000000, var=[-1.0, -1.0, -1.0])
22:04:30:693600, 2, 1, 1631786670.6860182, 4, GPS(-43.520555, 172.583063, 21.486924, var=[1.0, 1.0, 1.0]), 49.111982586155676, GPS(-43.520600, 172.583000, 0.000000, var=[-1.0, -1.0, -1.0])
22:04:30:694738, 3, 1, 1631786670.6859653, 4, GPS(-43.520644, 172.582938, 21.510756, var=[1.0, 1.0, 1.0]), 49.11057940313531, GPS(-43.520600, 172.583000, 0.000000, var=[-1.0, -1.0, -1.0])
22:04:30:797822, 4, 1, 1631786670.7940683, 5, GPS(-43.520646, 172.583063, 21.496780, var=[1.0, 1.0, 1.0]), 49.162027152795574, GPS(-43.520600, 172.583000, 0.000000, var=[-1.0, -1.0, -1.0])
22:04:30:799049, 2, 1, 1631786670.7940571, 5, GPS(-43.520555, 172.583063, 21.484924, var=[1.0, 1.0, 1.0]), 49.11905313630708, GPS(-43.520600, 172.583000, 0.000000, var=[-1.0, -1.0, -1.0])
22:04:30:800375, 3, 1, 1631786670.7941113, 5, GPS(-43.520644, 172.582938, 21.508756, var=[1.0, 1.0, 1.0]), 49.115873198345845, GPS(-43.520600, 172.583000, 0.000000, var=[-1.0, -1.0, -1.0])
22:04:30:801366, 1, 1, 1631786670.7940972, 5, GPS(-43.520555, 172.582938, 21.484899, var=[1.0, 1.0, 1.0]), 49.11526579260307, GPS(-43.520600, 172.583000, 0.000000, var=[-1.0, -1.0, -1.0])
22:04:31:798129, 3, 1, 1631786671.7955856, 6, GPS(-43.520645, 172.582938, 21.478755, var=[1.0, 1.0, 1.0]), 49.09178356261497, GPS(-43.520600, 172.583000, 0.000000, var=[-1.0, -1.0, -1.0])
22:04:31:799040, 1, 1, 1631786671.7962303, 6, GPS(-43.520555, 172.582939, 21.478899, var=[1.0, 1.0, 1.0]), 49.10308149493672, GPS(-43.520600, 172.583000, 0.000000, var=[-1.0, -1.0, -1.0])
22:04:31:799976, 2, 1, 1631786671.7957091, 6, GPS(-43.520555, 172.583063, 21.458924, var=[1.0, 1.0, 1.0]), 49.09571869209768, GPS(-43.520600, 172.583000, 0.000000, var=[-1.0, -1.0, -1.0])
22:04:31:801300, 4, 1, 1631786671.7958007, 6, GPS(-43.520646, 172.583064, 21.483780, var=[1.0, 1.0, 1.0]), 49.155343364144564, GPS(-43.520600, 172.583000, 0.000000, var=[-1.0, -1.0, -1.0])
22:04:31:906238, 3, 1, 1631786671.9026663, 7, GPS(-43.520645, 172.582938, 21.479755, var=[1.0, 1.0, 1.0]), 49.0857508645291, GPS(-43.520600, 172.583000, 0.000000, var=[-1.0, -1.0, -1.0])
22:04:31:907485, 4, 1, 1631786671.9026518, 7, GPS(-43.520646, 172.583064, 21.482780, var=[1.0, 1.0, 1.0]), 49.149238204836166, GPS(-43.520600, 172.583000, 0.000000, var=[-1.0, -1.0, -1.0])
22:04:31:909861, 2, 1, 1631786671.9026253, 7, GPS(-43.520555, 172.583063, 21.458924, var=[1.0, 1.0, 1.0]), 49.08873542853252, GPS(-43.520600, 172.583000, 0.000000, var=[-1.0, -1.0, -1.0])
22:04:31:911519, 1, 1, 1631786671.9026575, 7, GPS(-43.520555, 172.582939, 21.477899, var=[1.0, 1.0, 1.0]), 49.09514813889214, GPS(-43.520600, 172.583000, 0.000000, var=[-1.0, -1.0, -1.0])
22:04:32:905263, 1, 1, 1631786672.9028993, 8, GPS(-43.520555, 172.582939, 21.467899, var=[1.0, 1.0, 1.0]), 49.081539571096144, GPS(-43.520600, 172.583000, 0.000000, var=[-1.0, -1.0, -1.0])
22:04:32:906006, 4, 1, 1631786672.9035964, 8, GPS(-43.520645, 172.583064, 21.476780, var=[1.0, 1.0, 1.0]), 49.142731461863235, GPS(-43.520600, 172.583000, 0.000000, var=[-1.0, -1.0, -1.0])
22:04:32:906728, 2, 1, 1631786672.9034026, 8, GPS(-43.520555, 172.583063, 21.455924, var=[1.0, 1.0, 1.0]), 49.089948445689025, GPS(-43.520600, 172.583000, 0.000000, var=[-1.0, -1.0, -1.0])
22:04:32:907495, 3, 1, 1631786672.9045887, 8, GPS(-43.520645, 172.582939, 21.475756, var=[1.0, 1.0, 1.0]), 49.074634659907346, GPS(-43.520600, 172.583000, 0.000000, var=[-1.0, -1.0, -1.0])
22:04:33:017687, 1, 1, 1631786673.014122, 9, GPS(-43.520555, 172.582939, 21.465899, var=[1.0, 1.0, 1.0]), 49.06957261533405, GPS(-43.520600, 172.583000, 0.000000, var=[-1.0, -1.0, -1.0])
22:04:33:018678, 2, 1, 1631786673.0141125, 9, GPS(-43.520555, 172.583063, 21.451924, var=[1.0, 1.0, 1.0]), 49.07853860120765, GPS(-43.520600, 172.583000, 0.000000, var=[-1.0, -1.0, -1.0])
22:04:33:019450, 3, 1, 1631786673.0141337, 9, GPS(-43.520645, 172.582939, 21.475756, var=[1.0, 1.0, 1.0]), 49.06456796732769, GPS(-43.520600, 172.583000, 0.000000, var=[-1.0, -1.0, -1.0])
22:04:33:020094, 4, 1, 1631786673.014115, 9, GPS(-43.520645, 172.583064, 21.476780, var=[1.0, 1.0, 1.0]), 49.13449981463499, GPS(-43.520600, 172.583000, 0.000000, var=[-1.0, -1.0, -1.0])
22:04:34:017248, 3, 1, 1631786674.0146987, 10, GPS(-43.520644, 172.582939, 21.455756, var=[1.0, 1.0, 1.0]), 49.03439325911238, GPS(-43.520600, 172.583000, 0.000000, var=[-1.0, -1.0, -1.0])
22:04:34:018011, 4, 1, 1631786674.0155396, 10, GPS(-43.520645, 172.583064, 21.464781, var=[1.0, 1.0, 1.0]), 49.1171787335978, GPS(-43.520600, 172.583000, 0.000000, var=[-1.0, -1.0, -1.0])
22:04:34:018687, 2, 1, 1631786674.0150046, 10, GPS(-43.520555, 172.583063, 21.443925, var=[1.0, 1.0, 1.0]), 49.0784951174999, GPS(-43.520600, 172.583000, 0.000000, var=[-1.0, -1.0, -1.0])
22:04:34:019354, 1, 1, 1631786674.016072, 10, GPS(-43.520554, 172.582939, 21.452900, var=[1.0, 1.0, 1.0]), 49.06442851340108, GPS(-43.520600, 172.583000, 0.000000, var=[-1.0, -1.0, -1.0])
22:04:34:127943, 4, 1, 1631786674.1224182, 11, GPS(-43.520645, 172.583064, 21.460781, var=[1.0, 1.0, 1.0]), 49.093329502339834, GPS(-43.520600, 172.583000, 0.000000, var=[-1.0, -1.0, -1.0])
22:04:34:129230, 3, 1, 1631786674.122402, 11, GPS(-43.520644, 172.582939, 21.454756, var=[1.0, 1.0, 1.0]), 49.01095960507557, GPS(-43.520600, 172.583000, 0.000000, var=[-1.0, -1.0, -1.0])
22:04:34:130225, 1, 1, 1631786674.1223938, 11, GPS(-43.520554, 172.582939, 21.454900, var=[1.0, 1.0, 1.0]), 49.04627085992706, GPS(-43.520600, 172.583000, 0.000000, var=[-1.0, -1.0, -1.0])
22:04:34:130924, 2, 1, 1631786674.1223695, 11, GPS(-43.520555, 172.583063, 21.442925, var=[1.0, 1.0, 1.0]), 49.055675566283256, GPS(-43.520600, 172.583000, 0.000000, var=[-1.0, -1.0, -1.0])
22:04:35:126547, 2, 1, 1631786675.1233478, 12, GPS(-43.520555, 172.583063, 21.432925, var=[1.0, 1.0, 1.0]), 49.046658893328235, GPS(-43.520600, 172.583000, 0.000000, var=[-1.0, -1.0, -1.0])
22:04:35:127658, 4, 1, 1631786675.123775, 12, GPS(-43.520645, 172.583064, 21.439781, var=[1.0, 1.0, 1.0]), 49.07326308267062, GPS(-43.520600, 172.583000, 0.000000, var=[-1.0, -1.0, -1.0])
22:04:35:128504, 1, 1, 1631786675.1237218, 12, GPS(-43.520554, 172.582939, 21.460900, var=[1.0, 1.0, 1.0]), 49.04896851689155, GPS(-43.520600, 172.583000, 0.000000, var=[-1.0, -1.0, -1.0])
22:04:35:129185, 3, 1, 1631786675.1239743, 12, GPS(-43.520644, 172.582939, 21.456757, var=[1.0, 1.0, 1.0]), 49.000100135405305, GPS(-43.520600, 172.583000, 0.000000, var=[-1.0, -1.0, -1.0])
22:04:35:235648, 3, 1, 1631786675.2320964, 13, GPS(-43.520644, 172.582939, 21.455757, var=[1.0, 1.0, 1.0]), 48.991135487591606, GPS(-43.520600, 172.583000, 0.000000, var=[-1.0, -1.0, -1.0])
22:04:35:236835, 1, 1, 1631786675.2320874, 13, GPS(-43.520554, 172.582939, 21.457900, var=[1.0, 1.0, 1.0]), 49.03810615560895, GPS(-43.520600, 172.583000, 0.000000, var=[-1.0, -1.0, -1.0])
22:04:35:237790, 2, 1, 1631786675.2320707, 13, GPS(-43.520555, 172.583063, 21.432925, var=[1.0, 1.0, 1.0]), 49.03864592121633, GPS(-43.520600, 172.583000, 0.000000, var=[-1.0, -1.0, -1.0])
22:04:35:238727, 4, 1, 1631786675.2321177, 13, GPS(-43.520645, 172.583064, 21.438781, var=[1.0, 1.0, 1.0]), 49.064302263737915, GPS(-43.520600, 172.583000, 0.000000, var=[-1.0, -1.0, -1.0])
22:04:36:234422, 3, 1, 1631786676.2321124, 14, GPS(-43.520644, 172.582939, 21.445756, var=[1.0, 1.0, 1.0]), 48.981271041568114, GPS(-43.520600, 172.583000, 0.000000, var=[-1.0, -1.0, -1.0])
22:04:36:235132, 1, 1, 1631786676.2322779, 14, GPS(-43.520554, 172.582939, 21.448900, var=[1.0, 1.0, 1.0]), 49.02780132778388, GPS(-43.520600, 172.583000, 0.000000, var=[-1.0, -1.0, -1.0])
22:04:36:236152, 2, 1, 1631786676.2320805, 14, GPS(-43.520555, 172.583063, 21.421925, var=[1.0, 1.0, 1.0]), 49.02539487366717, GPS(-43.520600, 172.583000, 0.000000, var=[-1.0, -1.0, -1.0])
22:04:36:236880, 4, 1, 1631786676.2339146, 14, GPS(-43.520645, 172.583064, 21.442781, var=[1.0, 1.0, 1.0]), 49.05727473517574, GPS(-43.520600, 172.583000, 0.000000, var=[-1.0, -1.0, -1.0])
22:04:36:342971, 2, 1, 1631786676.340183, 15, GPS(-43.520555, 172.583063, 21.421925, var=[1.0, 1.0, 1.0]), 49.014401731657856, GPS(-43.520600, 172.583000, 0.000000, var=[-1.0, -1.0, -1.0])
22:04:36:344271, 4, 1, 1631786676.3401942, 15, GPS(-43.520645, 172.583064, 21.443781, var=[1.0, 1.0, 1.0]), 49.04722986936906, GPS(-43.520600, 172.583000, 0.000000, var=[-1.0, -1.0, -1.0])
22:04:36:345349, 3, 1, 1631786676.3402116, 15, GPS(-43.520644, 172.582939, 21.443756, var=[1.0, 1.0, 1.0]), 48.96837469983538, GPS(-43.520600, 172.583000, 0.000000, var=[-1.0, -1.0, -1.0])
22:04:36:346106, 1, 1, 1631786676.340199, 15, GPS(-43.520554, 172.582939, 21.450900, var=[1.0, 1.0, 1.0]), 49.02046217639932, GPS(-43.520600, 172.583000, 0.000000, var=[-1.0, -1.0, -1.0])
22:04:37:343610, 4, 1, 1631786677.3404038, 16, GPS(-43.520645, 172.583064, 21.442781, var=[1.0, 1.0, 1.0]), 49.042988027208125, GPS(-43.520600, 172.583000, 0.000000, var=[-1.0, -1.0, -1.0])
22:04:37:344825, 3, 1, 1631786677.341443, 16, GPS(-43.520644, 172.582939, 21.452756, var=[1.0, 1.0, 1.0]), 48.983211812961116, GPS(-43.520600, 172.583000, 0.000000, var=[-1.0, -1.0, -1.0])
22:04:37:345796, 2, 1, 1631786677.3421748, 16, GPS(-43.520555, 172.583063, 21.410925, var=[1.0, 1.0, 1.0]), 49.003155946942314, GPS(-43.520600, 172.583000, 0.000000, var=[-1.0, -1.0, -1.0])
22:04:37:346512, 1, 1, 1631786677.341532, 16, GPS(-43.520554, 172.582939, 21.454900, var=[1.0, 1.0, 1.0]), 49.02877754830776, GPS(-43.520600, 172.583000, 0.000000, var=[-1.0, -1.0, -1.0])
22:04:37:451311, 3, 1, 1631786677.4475398, 17, GPS(-43.520644, 172.582939, 21.453756, var=[1.0, 1.0, 1.0]), 48.98717301928279, GPS(-43.520600, 172.583000, 0.000000, var=[-1.0, -1.0, -1.0])
22:04:37:453327, 2, 1, 1631786677.4474962, 17, GPS(-43.520555, 172.583063, 21.410925, var=[1.0, 1.0, 1.0]), 49.00616574031205, GPS(-43.520600, 172.583000, 0.000000, var=[-1.0, -1.0, -1.0])
22:04:37:454188, 1, 1, 1631786677.4475157, 17, GPS(-43.520554, 172.582939, 21.453900, var=[1.0, 1.0, 1.0]), 49.0326001752563, GPS(-43.520600, 172.583000, 0.000000, var=[-1.0, -1.0, -1.0])
22:04:37:454899, 4, 1, 1631786677.4475157, 17, GPS(-43.520645, 172.583064, 21.441781, var=[1.0, 1.0, 1.0]), 49.045049368729664, GPS(-43.520600, 172.583000, 0.000000, var=[-1.0, -1.0, -1.0])
22:04:38:451398, 2, 1, 1631786678.447513, 18, GPS(-43.520555, 172.583063, 21.399925, var=[1.0, 1.0, 1.0]), 48.99821036417924, GPS(-43.520600, 172.583000, 0.000000, var=[-1.0, -1.0, -1.0])
22:04:38:452732, 3, 1, 1631786678.4493954, 18, GPS(-43.520644, 172.582939, 21.453756, var=[1.0, 1.0, 1.0]), 48.99070165476798, GPS(-43.520600, 172.583000, 0.000000, var=[-1.0, -1.0, -1.0])
22:04:38:453803, 4, 1, 1631786678.4477794, 18, GPS(-43.520645, 172.583064, 21.436781, var=[1.0, 1.0, 1.0]), 49.04341296452481, GPS(-43.520600, 172.583000, 0.000000, var=[-1.0, -1.0, -1.0])
22:04:38:454600, 1, 1, 1631786678.447728, 18, GPS(-43.520554, 172.582939, 21.436900, var=[1.0, 1.0, 1.0]), 49.01645915978998, GPS(-43.520600, 172.583000, 0.000000, var=[-1.0, -1.0, -1.0])
22:04:38:562129, 1, 1, 1631786678.5591068, 19, GPS(-43.520554, 172.582939, 21.435900, var=[1.0, 1.0, 1.0]), 49.019288994578716, GPS(-43.520600, 172.583000, 0.000000, var=[-1.0, -1.0, -1.0])
22:04:38:563034, 2, 1, 1631786678.5590854, 19, GPS(-43.520555, 172.583063, 21.399925, var=[1.0, 1.0, 1.0]), 48.998414763106666, GPS(-43.520600, 172.583000, 0.000000, var=[-1.0, -1.0, -1.0])
22:04:38:563848, 3, 1, 1631786678.5591056, 19, GPS(-43.520644, 172.582939, 21.450756, var=[1.0, 1.0, 1.0]), 48.98986064808233, GPS(-43.520600, 172.583000, 0.000000, var=[-1.0, -1.0, -1.0])
22:04:38:564998, 4, 1, 1631786678.5590985, 19, GPS(-43.520645, 172.583064, 21.435781, var=[1.0, 1.0, 1.0]), 49.044477442585915, GPS(-43.520600, 172.583000, 0.000000, var=[-1.0, -1.0, -1.0])
22:04:39:562041, 2, 1, 1631786679.5591147, 20, GPS(-43.520555, 172.583062, 21.398925, var=[1.0, 1.0, 1.0]), 48.991057203003336, GPS(-43.520600, 172.583000, 0.000000, var=[-1.0, -1.0, -1.0])
22:04:39:563204, 3, 1, 1631786679.5594232, 20, GPS(-43.520644, 172.582939, 21.430756, var=[1.0, 1.0, 1.0]), 48.971606574295805, GPS(-43.520600, 172.583000, 0.000000, var=[-1.0, -1.0, -1.0])
22:04:39:563933, 1, 1, 1631786679.5592105, 20, GPS(-43.520554, 172.582939, 21.421900, var=[1.0, 1.0, 1.0]), 49.00499844379181, GPS(-43.520600, 172.583000, 0.000000, var=[-1.0, -1.0, -1.0])
22:04:39:564606, 4, 1, 1631786679.5610576, 20, GPS(-43.520645, 172.583064, 21.427781, var=[1.0, 1.0, 1.0]), 49.035891245469486, GPS(-43.520600, 172.583000, 0.000000, var=[-1.0, -1.0, -1.0])
22:04:39:669716, 4, 1, 1631786679.666331, 21, GPS(-43.520645, 172.583064, 21.427781, var=[1.0, 1.0, 1.0]), 49.031927577173605, GPS(-43.520600, 172.583000, 0.000000, var=[-1.0, -1.0, -1.0])
22:04:39:670810, 2, 1, 1631786679.6663094, 21, GPS(-43.520555, 172.583062, 21.398925, var=[1.0, 1.0, 1.0]), 48.987093534707455, GPS(-43.520600, 172.583000, 0.000000, var=[-1.0, -1.0, -1.0])
22:04:39:671964, 1, 1, 1631786679.6663482, 21, GPS(-43.520554, 172.582939, 21.416900, var=[1.0, 1.0, 1.0]), 48.99628835774007, GPS(-43.520600, 172.583000, 0.000000, var=[-1.0, -1.0, -1.0])
22:04:39:672674, 3, 1, 1631786679.6663435, 21, GPS(-43.520644, 172.582939, 21.429756, var=[1.0, 1.0, 1.0]), 48.966691813767326, GPS(-43.520600, 172.583000, 0.000000, var=[-1.0, -1.0, -1.0])
22:04:40:671528, 2, 1, 1631786680.6664798, 22, GPS(-43.520555, 172.583062, 21.389924, var=[1.0, 1.0, 1.0]), 48.9726134397217, GPS(-43.520600, 172.583000, 0.000000, var=[-1.0, -1.0, -1.0])
22:04:40:672793, 3, 1, 1631786680.667782, 22, GPS(-43.520644, 172.582939, 21.414756, var=[1.0, 1.0, 1.0]), 48.95386285799098, GPS(-43.520600, 172.583000, 0.000000, var=[-1.0, -1.0, -1.0])
22:04:40:674332, 1, 1, 1631786680.667327, 22, GPS(-43.520555, 172.582939, 21.414899, var=[1.0, 1.0, 1.0]), 48.98768847471763, GPS(-43.520600, 172.583000, 0.000000, var=[-1.0, -1.0, -1.0])
22:04:40:675917, 4, 1, 1631786680.66647, 22, GPS(-43.520645, 172.583063, 21.417780, var=[1.0, 1.0, 1.0]), 49.018470095056365, GPS(-43.520600, 172.583000, 0.000000, var=[-1.0, -1.0, -1.0])
22:04:40:682270, 3, 1, 1631786680.6747365, 23, GPS(-43.520644, 172.582939, 21.414756, var=[1.0, 1.0, 1.0]), 48.95386285799098, GPS(-43.520600, 172.583000, 0.000000, var=[-1.0, -1.0, -1.0])
22:04:40:683533, 1, 1, 1631786680.6747541, 23, GPS(-43.520555, 172.582939, 21.414899, var=[1.0, 1.0, 1.0]), 48.98768847471763, GPS(-43.520600, 172.583000, 0.000000, var=[-1.0, -1.0, -1.0])
22:04:40:684627, 4, 1, 1631786680.6747239, 23, GPS(-43.520645, 172.583063, 21.417780, var=[1.0, 1.0, 1.0]), 49.018470095056365, GPS(-43.520600, 172.583000, 0.000000, var=[-1.0, -1.0, -1.0])
22:04:40:685968, 2, 1, 1631786680.6747055, 23, GPS(-43.520555, 172.583062, 21.388924, var=[1.0, 1.0, 1.0]), 48.97166441038047, GPS(-43.520600, 172.583000, 0.000000, var=[-1.0, -1.0, -1.0])
22:04:41:677574, 4, 1, 1631786681.6751812, 24, GPS(-43.520645, 172.583063, 21.423780, var=[1.0, 1.0, 1.0]), 49.00783636223876, GPS(-43.520600, 172.583000, 0.000000, var=[-1.0, -1.0, -1.0])
22:04:41:678533, 2, 1, 1631786681.6758804, 24, GPS(-43.520555, 172.583062, 21.384924, var=[1.0, 1.0, 1.0]), 48.945940813753325, GPS(-43.520600, 172.583000, 0.000000, var=[-1.0, -1.0, -1.0])
22:04:41:679242, 1, 1, 1631786681.6757665, 24, GPS(-43.520555, 172.582938, 21.414899, var=[1.0, 1.0, 1.0]), 48.96750691316072, GPS(-43.520600, 172.583000, 0.000000, var=[-1.0, -1.0, -1.0])
22:04:41:679937, 3, 1, 1631786681.67594, 24, GPS(-43.520644, 172.582938, 21.417756, var=[1.0, 1.0, 1.0]), 48.95056213410331, GPS(-43.520600, 172.583000, 0.000000, var=[-1.0, -1.0, -1.0])
22:04:41:793659, 2, 1, 1631786681.7879205, 25, GPS(-43.520555, 172.583062, 21.384924, var=[1.0, 1.0, 1.0]), 48.94024846199176, GPS(-43.520600, 172.583000, 0.000000, var=[-1.0, -1.0, -1.0])
22:04:41:796263, 4, 1, 1631786681.7879515, 25, GPS(-43.520645, 172.583063, 21.421780, var=[1.0, 1.0, 1.0]), 49.00204669237972, GPS(-43.520600, 172.583000, 0.000000, var=[-1.0, -1.0, -1.0])
22:04:41:797945, 1, 1, 1631786681.7879784, 25, GPS(-43.520555, 172.582938, 21.415899, var=[1.0, 1.0, 1.0]), 48.96456354918252, GPS(-43.520600, 172.583000, 0.000000, var=[-1.0, -1.0, -1.0])
22:04:41:799706, 3, 1, 1631786681.7879813, 25, GPS(-43.520645, 172.582938, 21.416755, var=[1.0, 1.0, 1.0]), 48.948157463210485, GPS(-43.520600, 172.583000, 0.000000, var=[-1.0, -1.0, -1.0])
22:04:42:793858, 4, 1, 1631786682.7891803, 26, GPS(-43.520646, 172.583063, 21.418780, var=[1.0, 1.0, 1.0]), 49.00071977993778, GPS(-43.520600, 172.583000, 0.000000, var=[-1.0, -1.0, -1.0])
22:04:42:795415, 2, 1, 1631786682.7881675, 26, GPS(-43.520555, 172.583062, 21.391924, var=[1.0, 1.0, 1.0]), 48.94346269548437, GPS(-43.520600, 172.583000, 0.000000, var=[-1.0, -1.0, -1.0])
22:04:42:796528, 1, 1, 1631786682.7881505, 26, GPS(-43.520555, 172.582938, 21.425899, var=[1.0, 1.0, 1.0]), 48.976646099268905, GPS(-43.520600, 172.583000, 0.000000, var=[-1.0, -1.0, -1.0])
22:04:42:797447, 3, 1, 1631786682.789279, 26, GPS(-43.520645, 172.582938, 21.420755, var=[1.0, 1.0, 1.0]), 48.955210873483864, GPS(-43.520600, 172.583000, 0.000000, var=[-1.0, -1.0, -1.0])
22:04:42:827087, 4, 1, 1631786682.8243084, 27, GPS(-43.520646, 172.583063, 21.418780, var=[1.0, 1.0, 1.0]), 49.011562987968176, GPS(-43.520600, 172.583000, 0.000000, var=[-1.0, -1.0, -1.0])
22:04:42:827946, 2, 1, 1631786682.8254273, 27, GPS(-43.520555, 172.583062, 21.391924, var=[1.0, 1.0, 1.0]), 48.952488430294125, GPS(-43.520600, 172.583000, 0.000000, var=[-1.0, -1.0, -1.0])
22:04:42:828680, 1, 1, 1631786682.824291, 27, GPS(-43.520555, 172.582938, 21.425899, var=[1.0, 1.0, 1.0]), 48.98745375687331, GPS(-43.520600, 172.583000, 0.000000, var=[-1.0, -1.0, -1.0])
22:04:42:829510, 3, 1, 1631786682.8250754, 27, GPS(-43.520645, 172.582938, 21.421755, var=[1.0, 1.0, 1.0]), 48.965186822353814, GPS(-43.520600, 172.583000, 0.000000, var=[-1.0, -1.0, -1.0])
22:04:43:828184, 3, 1, 1631786683.825107, 28, GPS(-43.520644, 172.582938, 21.428756, var=[1.0, 1.0, 1.0]), 48.97052222418347, GPS(-43.520600, 172.583000, 0.000000, var=[-1.0, -1.0, -1.0])
22:04:43:828882, 2, 1, 1631786683.8266509, 28, GPS(-43.520555, 172.583062, 21.399924, var=[1.0, 1.0, 1.0]), 48.95649540427392, GPS(-43.520600, 172.583000, 0.000000, var=[-1.0, -1.0, -1.0])
22:04:43:829509, 4, 1, 1631786683.8254964, 28, GPS(-43.520646, 172.583063, 21.420780, var=[1.0, 1.0, 1.0]), 49.01164194384681, GPS(-43.520600, 172.583000, 0.000000, var=[-1.0, -1.0, -1.0])
22:04:43:830235, 1, 1, 1631786683.8259037, 28, GPS(-43.520555, 172.582938, 21.431899, var=[1.0, 1.0, 1.0]), 48.99741330516122, GPS(-43.520600, 172.583000, 0.000000, var=[-1.0, -1.0, -1.0])
22:04:43:935778, 4, 1, 1631786683.9322042, 29, GPS(-43.520646, 172.583063, 21.419780, var=[1.0, 1.0, 1.0]), 49.02169163625414, GPS(-43.520600, 172.583000, 0.000000, var=[-1.0, -1.0, -1.0])
22:04:43:937287, 2, 1, 1631786683.9321818, 29, GPS(-43.520555, 172.583062, 21.398924, var=[1.0, 1.0, 1.0]), 48.96654370171343, GPS(-43.520600, 172.583000, 0.000000, var=[-1.0, -1.0, -1.0])
22:04:43:938950, 3, 1, 1631786683.932221, 29, GPS(-43.520644, 172.582938, 21.428756, var=[1.0, 1.0, 1.0]), 48.98152013337352, GPS(-43.520600, 172.583000, 0.000000, var=[-1.0, -1.0, -1.0])
22:04:43:940110, 1, 1, 1631786683.9322064, 29, GPS(-43.520555, 172.582938, 21.428899, var=[1.0, 1.0, 1.0]), 49.00804730780759, GPS(-43.520600, 172.583000, 0.000000, var=[-1.0, -1.0, -1.0])
22:04:44:935559, 4, 1, 1631786684.932553, 30, GPS(-43.520646, 172.583063, 21.421780, var=[1.0, 1.0, 1.0]), 49.02440532856224, GPS(-43.520600, 172.583000, 0.000000, var=[-1.0, -1.0, -1.0])
22:04:44:936449, 1, 1, 1631786684.9334824, 30, GPS(-43.520555, 172.582938, 21.409899, var=[1.0, 1.0, 1.0]), 48.99150466427116, GPS(-43.520600, 172.583000, 0.000000, var=[-1.0, -1.0, -1.0])
22:04:44:937156, 3, 1, 1631786684.9329078, 30, GPS(-43.520644, 172.582938, 21.415756, var=[1.0, 1.0, 1.0]), 48.9657334695339, GPS(-43.520600, 172.583000, 0.000000, var=[-1.0, -1.0, -1.0])
22:04:44:937818, 2, 1, 1631786684.9341247, 30, GPS(-43.520555, 172.583062, 21.386924, var=[1.0, 1.0, 1.0]), 48.954148710800965, GPS(-43.520600, 172.583000, 0.000000, var=[-1.0, -1.0, -1.0])
22:04:45:044781, 2, 1, 1631786685.041669, 31, GPS(-43.520555, 172.583062, 21.387924, var=[1.0, 1.0, 1.0]), 48.94428169488013, GPS(-43.520600, 172.583000, 0.000000, var=[-1.0, -1.0, -1.0])
22:04:45:045822, 4, 1, 1631786685.0416942, 31, GPS(-43.520646, 172.583063, 21.421780, var=[1.0, 1.0, 1.0]), 49.015379839791564, GPS(-43.520600, 172.583000, 0.000000, var=[-1.0, -1.0, -1.0])
22:04:45:046812, 1, 1, 1631786685.0416994, 31, GPS(-43.520555, 172.582938, 21.411899, var=[1.0, 1.0, 1.0]), 48.98259206660329, GPS(-43.520600, 172.583000, 0.000000, var=[-1.0, -1.0, -1.0])
22:04:45:047807, 3, 1, 1631786685.041708, 31, GPS(-43.520644, 172.582938, 21.409756, var=[1.0, 1.0, 1.0]), 48.94857746358199, GPS(-43.520600, 172.583000, 0.000000, var=[-1.0, -1.0, -1.0])
22:04:46:044967, 4, 1, 1631786686.0417562, 32, GPS(-43.520646, 172.583063, 21.410780, var=[1.0, 1.0, 1.0]), 49.00495049106877, GPS(-43.520600, 172.583000, 0.000000, var=[-1.0, -1.0, -1.0])
22:04:46:045792, 1, 1, 1631786686.0417511, 32, GPS(-43.520555, 172.582938, 21.415899, var=[1.0, 1.0, 1.0]), 48.984606366883995, GPS(-43.520600, 172.583000, 0.000000, var=[-1.0, -1.0, -1.0])
22:04:46:046513, 2, 1, 1631786686.0431259, 32, GPS(-43.520555, 172.583062, 21.397924, var=[1.0, 1.0, 1.0]), 48.95982246764251, GPS(-43.520600, 172.583000, 0.000000, var=[-1.0, -1.0, -1.0])
22:04:46:047488, 3, 1, 1631786686.0432844, 32, GPS(-43.520644, 172.582938, 21.416756, var=[1.0, 1.0, 1.0]), 48.95523054491669, GPS(-43.520600, 172.583000, 0.000000, var=[-1.0, -1.0, -1.0])
22:04:46:152525, 3, 1, 1631786686.1490834, 33, GPS(-43.520644, 172.582938, 21.417756, var=[1.0, 1.0, 1.0]), 48.955131835640714, GPS(-43.520600, 172.583000, 0.000000, var=[-1.0, -1.0, -1.0])
22:04:46:153420, 2, 1, 1631786686.14906, 33, GPS(-43.520555, 172.583062, 21.395924, var=[1.0, 1.0, 1.0]), 48.95687445779254, GPS(-43.520600, 172.583000, 0.000000, var=[-1.0, -1.0, -1.0])
22:04:46:154320, 1, 1, 1631786686.1490743, 33, GPS(-43.520555, 172.582938, 21.414899, var=[1.0, 1.0, 1.0]), 48.98260802268767, GPS(-43.520600, 172.583000, 0.000000, var=[-1.0, -1.0, -1.0])
22:04:46:155351, 4, 1, 1631786686.1490717, 33, GPS(-43.520646, 172.583063, 21.409780, var=[1.0, 1.0, 1.0]), 49.00295322868485, GPS(-43.520600, 172.583000, 0.000000, var=[-1.0, -1.0, -1.0])
22:04:47:153680, 1, 1, 1631786687.149502, 34, GPS(-43.520555, 172.582938, 21.397899, var=[1.0, 1.0, 1.0]), 48.95793276778349, GPS(-43.520600, 172.583000, 0.000000, var=[-1.0, -1.0, -1.0])
22:04:47:154870, 2, 1, 1631786687.1504495, 34, GPS(-43.520555, 172.583062, 21.371924, var=[1.0, 1.0, 1.0]), 48.93162622914903, GPS(-43.520600, 172.583000, 0.000000, var=[-1.0, -1.0, -1.0])
22:04:47:156132, 4, 1, 1631786687.1495008, 34, GPS(-43.520646, 172.583063, 21.393780, var=[1.0, 1.0, 1.0]), 48.99210161169247, GPS(-43.520600, 172.583000, 0.000000, var=[-1.0, -1.0, -1.0])
22:04:47:157304, 3, 1, 1631786687.15046, 34, GPS(-43.520644, 172.582938, 21.414756, var=[1.0, 1.0, 1.0]), 48.9511422046409, GPS(-43.520600, 172.583000, 0.000000, var=[-1.0, -1.0, -1.0])
22:04:47:261566, 2, 1, 1631786687.2568028, 35, GPS(-43.520555, 172.583062, 21.370924, var=[1.0, 1.0, 1.0]), 48.923472046337764, GPS(-43.520600, 172.583000, 0.000000, var=[-1.0, -1.0, -1.0])
22:04:47:263677, 3, 1, 1631786687.2568386, 35, GPS(-43.520644, 172.582938, 21.415756, var=[1.0, 1.0, 1.0]), 48.943090070893305, GPS(-43.520600, 172.583000, 0.000000, var=[-1.0, -1.0, -1.0])
22:04:47:265416, 4, 1, 1631786687.2568262, 35, GPS(-43.520646, 172.583063, 21.387780, var=[1.0, 1.0, 1.0]), 48.97991304077466, GPS(-43.520600, 172.583000, 0.000000, var=[-1.0, -1.0, -1.0])
22:04:47:266783, 1, 1, 1631786687.2568386, 35, GPS(-43.520555, 172.582938, 21.393899, var=[1.0, 1.0, 1.0]), 48.946910971204495, GPS(-43.520600, 172.583000, 0.000000, var=[-1.0, -1.0, -1.0])
22:04:48:261043, 2, 1, 1631786688.2574008, 36, GPS(-43.520555, 172.583062, 21.332924, var=[1.0, 1.0, 1.0]), 48.88574205509459, GPS(-43.520600, 172.583000, 0.000000, var=[-1.0, -1.0, -1.0])
22:04:48:262098, 1, 1, 1631786688.258871, 36, GPS(-43.520555, 172.582938, 21.369898, var=[1.0, 1.0, 1.0]), 48.91390538274305, GPS(-43.520600, 172.583000, 0.000000, var=[-1.0, -1.0, -1.0])
22:04:48:263097, 3, 1, 1631786688.2581522, 36, GPS(-43.520645, 172.582938, 21.382755, var=[1.0, 1.0, 1.0]), 48.915604961483396, GPS(-43.520600, 172.583000, 0.000000, var=[-1.0, -1.0, -1.0])
22:04:48:264461, 4, 1, 1631786688.2587385, 36, GPS(-43.520646, 172.583063, 21.366779, var=[1.0, 1.0, 1.0]), 48.957876182250295, GPS(-43.520600, 172.583000, 0.000000, var=[-1.0, -1.0, -1.0])
22:04:48:372516, 4, 1, 1631786688.3693933, 37, GPS(-43.520646, 172.583063, 21.361779, var=[1.0, 1.0, 1.0]), 48.913310624283284, GPS(-43.520600, 172.583000, 0.000000, var=[-1.0, -1.0, -1.0])
22:04:48:374661, 3, 1, 1631786688.3694217, 37, GPS(-43.520645, 172.582938, 21.380755, var=[1.0, 1.0, 1.0]), 48.87636241296792, GPS(-43.520600, 172.583000, 0.000000, var=[-1.0, -1.0, -1.0])
22:04:48:376518, 1, 1, 1631786688.3694217, 37, GPS(-43.520555, 172.582938, 21.365898, var=[1.0, 1.0, 1.0]), 48.87209799012198, GPS(-43.520600, 172.583000, 0.000000, var=[-1.0, -1.0, -1.0])
22:04:48:377790, 2, 1, 1631786688.3693936, 37, GPS(-43.520555, 172.583062, 21.331924, var=[1.0, 1.0, 1.0]), 48.84678403964405, GPS(-43.520600, 172.583000, 0.000000, var=[-1.0, -1.0, -1.0])
22:04:49:373304, 3, 1, 1631786689.3695555, 38, GPS(-43.520645, 172.582938, 21.361755, var=[1.0, 1.0, 1.0]), 48.85822617707208, GPS(-43.520600, 172.583000, 0.000000, var=[-1.0, -1.0, -1.0])
22:04:49:374956, 4, 1, 1631786689.3704476, 38, GPS(-43.520646, 172.583063, 21.335779, var=[1.0, 1.0, 1.0]), 48.88549207123533, GPS(-43.520600, 172.583000, 0.000000, var=[-1.0, -1.0, -1.0])
22:04:49:376297, 2, 1, 1631786689.3695443, 38, GPS(-43.520556, 172.583062, 21.328923, var=[1.0, 1.0, 1.0]), 48.83042153575164, GPS(-43.520600, 172.583000, 0.000000, var=[-1.0, -1.0, -1.0])
22:04:49:377240, 1, 1, 1631786689.3697603, 38, GPS(-43.520555, 172.582938, 21.354898, var=[1.0, 1.0, 1.0]), 48.855963014232344, GPS(-43.520600, 172.583000, 0.000000, var=[-1.0, -1.0, -1.0])
22:04:49:483032, 4, 1, 1631786689.479409, 39, GPS(-43.520646, 172.583063, 21.338779, var=[1.0, 1.0, 1.0]), 48.87942792350753, GPS(-43.520600, 172.583000, 0.000000, var=[-1.0, -1.0, -1.0])
22:04:49:484754, 2, 1, 1631786689.479407, 39, GPS(-43.520556, 172.583062, 21.325923, var=[1.0, 1.0, 1.0]), 48.81866620911361, GPS(-43.520600, 172.583000, 0.000000, var=[-1.0, -1.0, -1.0])
22:04:49:486377, 1, 1, 1631786689.4794176, 39, GPS(-43.520555, 172.582938, 21.357898, var=[1.0, 1.0, 1.0]), 48.84990514885902, GPS(-43.520600, 172.583000, 0.000000, var=[-1.0, -1.0, -1.0])
22:04:49:487430, 3, 1, 1631786689.4794424, 39, GPS(-43.520645, 172.582938, 21.358755, var=[1.0, 1.0, 1.0]), 48.846469992594564, GPS(-43.520600, 172.583000, 0.000000, var=[-1.0, -1.0, -1.0])
22:04:50:483086, 2, 1, 1631786690.4798667, 40, GPS(-43.520556, 172.583062, 21.316923, var=[1.0, 1.0, 1.0]), 48.809672382963214, GPS(-43.520600, 172.583000, 0.000000, var=[-1.0, -1.0, -1.0])
22:04:50:483987, 1, 1, 1631786690.4808657, 40, GPS(-43.520555, 172.582938, 21.333898, var=[1.0, 1.0, 1.0]), 48.826646891723136, GPS(-43.520600, 172.583000, 0.000000, var=[-1.0, -1.0, -1.0])
22:04:50:484785, 4, 1, 1631786690.480175, 40, GPS(-43.520646, 172.583063, 21.327779, var=[1.0, 1.0, 1.0]), 48.8753470965914, GPS(-43.520600, 172.583000, 0.000000, var=[-1.0, -1.0, -1.0])
22:04:50:486237, 3, 1, 1631786690.4809206, 40, GPS(-43.520645, 172.582938, 21.351755, var=[1.0, 1.0, 1.0]), 48.846070431670924, GPS(-43.520600, 172.583000, 0.000000, var=[-1.0, -1.0, -1.0])
22:04:50:595178, 3, 1, 1631786690.5899582, 41, GPS(-43.520645, 172.582938, 21.346755, var=[1.0, 1.0, 1.0]), 48.814388162569294, GPS(-43.520600, 172.583000, 0.000000, var=[-1.0, -1.0, -1.0])
22:04:50:596518, 2, 1, 1631786690.589915, 41, GPS(-43.520556, 172.583062, 21.311923, var=[1.0, 1.0, 1.0]), 48.77979330826649, GPS(-43.520600, 172.583000, 0.000000, var=[-1.0, -1.0, -1.0])
22:04:50:598687, 4, 1, 1631786690.5899277, 41, GPS(-43.520646, 172.583063, 21.329779, var=[1.0, 1.0, 1.0]), 48.85030739286455, GPS(-43.520600, 172.583000, 0.000000, var=[-1.0, -1.0, -1.0])
22:04:50:600017, 1, 1, 1631786690.5899713, 41, GPS(-43.520555, 172.582938, 21.333898, var=[1.0, 1.0, 1.0]), 48.80218099221693, GPS(-43.520600, 172.583000, 0.000000, var=[-1.0, -1.0, -1.0])
22:04:51:593750, 3, 1, 1631786691.5909526, 42, GPS(-43.520645, 172.582938, 21.332755, var=[1.0, 1.0, 1.0]), 48.79784201806525, GPS(-43.520600, 172.583000, 0.000000, var=[-1.0, -1.0, -1.0])
22:04:51:594555, 2, 1, 1631786691.5917668, 42, GPS(-43.520556, 172.583062, 21.309923, var=[1.0, 1.0, 1.0]), 48.78070036039004, GPS(-43.520600, 172.583000, 0.000000, var=[-1.0, -1.0, -1.0])
22:04:51:595256, 4, 1, 1631786691.591387, 42, GPS(-43.520646, 172.583063, 21.324779, var=[1.0, 1.0, 1.0]), 48.846570882805665, GPS(-43.520600, 172.583000, 0.000000, var=[-1.0, -1.0, -1.0])
22:04:51:595873, 1, 1, 1631786691.5918853, 42, GPS(-43.520555, 172.582938, 21.324898, var=[1.0, 1.0, 1.0]), 48.79285083320272, GPS(-43.520600, 172.583000, 0.000000, var=[-1.0, -1.0, -1.0])
22:04:51:707044, 1, 1, 1631786691.7038, 43, GPS(-43.520555, 172.582938, 21.322898, var=[1.0, 1.0, 1.0]), 48.77588647118688, GPS(-43.520600, 172.583000, 0.000000, var=[-1.0, -1.0, -1.0])
22:04:51:708108, 2, 1, 1631786691.7037895, 43, GPS(-43.520556, 172.583063, 21.310923, var=[1.0, 1.0, 1.0]), 48.768393230359216, GPS(-43.520600, 172.583000, 0.000000, var=[-1.0, -1.0, -1.0])
22:04:51:709292, 4, 1, 1631786691.7038047, 43, GPS(-43.520646, 172.583063, 21.325779, var=[1.0, 1.0, 1.0]), 48.83427944103278, GPS(-43.520600, 172.583000, 0.000000, var=[-1.0, -1.0, -1.0])
22:04:51:710320, 3, 1, 1631786691.7038198, 43, GPS(-43.520645, 172.582938, 21.335755, var=[1.0, 1.0, 1.0]), 48.78562587995094, GPS(-43.520600, 172.583000, 0.000000, var=[-1.0, -1.0, -1.0])
22:04:52:710036, 4, 1, 1631786692.704722, 44, GPS(-43.520646, 172.583064, 21.327780, var=[1.0, 1.0, 1.0]), 48.837152284819055, GPS(-43.520600, 172.583000, 0.000000, var=[-1.0, -1.0, -1.0])
22:04:52:711706, 2, 1, 1631786692.7050593, 44, GPS(-43.520555, 172.583063, 21.296924, var=[1.0, 1.0, 1.0]), 48.75981985697313, GPS(-43.520600, 172.583000, 0.000000, var=[-1.0, -1.0, -1.0])
22:04:52:713064, 1, 1, 1631786692.7043827, 44, GPS(-43.520555, 172.582939, 21.310899, var=[1.0, 1.0, 1.0]), 48.76815433038385, GPS(-43.520600, 172.583000, 0.000000, var=[-1.0, -1.0, -1.0])
22:04:52:714808, 3, 1, 1631786692.7051172, 44, GPS(-43.520645, 172.582939, 21.317755, var=[1.0, 1.0, 1.0]), 48.7622842602182, GPS(-43.520600, 172.583000, 0.000000, var=[-1.0, -1.0, -1.0])
22:04:52:816051, 4, 1, 1631786692.811703, 45, GPS(-43.520646, 172.583064, 21.323780, var=[1.0, 1.0, 1.0]), 48.82883307489144, GPS(-43.520600, 172.583000, 0.000000, var=[-1.0, -1.0, -1.0])
22:04:52:818196, 2, 1, 1631786692.81169, 45, GPS(-43.520555, 172.583063, 21.298924, var=[1.0, 1.0, 1.0]), 48.75969935544886, GPS(-43.520600, 172.583000, 0.000000, var=[-1.0, -1.0, -1.0])
22:04:52:820121, 1, 1, 1631786692.8117225, 45, GPS(-43.520555, 172.582939, 21.308899, var=[1.0, 1.0, 1.0]), 48.76245761392737, GPS(-43.520600, 172.583000, 0.000000, var=[-1.0, -1.0, -1.0])
22:04:52:821594, 3, 1, 1631786692.8117337, 45, GPS(-43.520645, 172.582939, 21.317755, var=[1.0, 1.0, 1.0]), 48.75780605943441, GPS(-43.520600, 172.583000, 0.000000, var=[-1.0, -1.0, -1.0])
22:04:53:816396, 4, 1, 1631786693.8120954, 46, GPS(-43.520646, 172.583064, 21.316780, var=[1.0, 1.0, 1.0]), 48.816031334883135, GPS(-43.520600, 172.583000, 0.000000, var=[-1.0, -1.0, -1.0])
22:04:53:817618, 3, 1, 1631786693.8131492, 46, GPS(-43.520645, 172.582939, 21.315756, var=[1.0, 1.0, 1.0]), 48.74867100898365, GPS(-43.520600, 172.583000, 0.000000, var=[-1.0, -1.0, -1.0])
22:04:53:819153, 1, 1, 1631786693.8126495, 46, GPS(-43.520555, 172.582939, 21.326899, var=[1.0, 1.0, 1.0]), 48.77477059078385, GPS(-43.520600, 172.583000, 0.000000, var=[-1.0, -1.0, -1.0])
22:04:53:820308, 2, 1, 1631786693.8129215, 46, GPS(-43.520555, 172.583063, 21.299924, var=[1.0, 1.0, 1.0]), 48.75764838345653, GPS(-43.520600, 172.583000, 0.000000, var=[-1.0, -1.0, -1.0])
22:04:53:927310, 1, 1, 1631786693.9238431, 47, GPS(-43.520555, 172.582939, 21.327899, var=[1.0, 1.0, 1.0]), 48.774650690699474, GPS(-43.520600, 172.583000, 0.000000, var=[-1.0, -1.0, -1.0])
22:04:53:928233, 2, 1, 1631786693.9238267, 47, GPS(-43.520555, 172.583063, 21.298924, var=[1.0, 1.0, 1.0]), 48.75744473978992, GPS(-43.520600, 172.583000, 0.000000, var=[-1.0, -1.0, -1.0])
22:04:53:929011, 4, 1, 1631786693.9238338, 47, GPS(-43.520646, 172.583064, 21.319780, var=[1.0, 1.0, 1.0]), 48.81780383964153, GPS(-43.520600, 172.583000, 0.000000, var=[-1.0, -1.0, -1.0])
22:04:53:929915, 3, 1, 1631786693.9238536, 47, GPS(-43.520645, 172.582939, 21.316756, var=[1.0, 1.0, 1.0]), 48.7485517167379, GPS(-43.520600, 172.583000, 0.000000, var=[-1.0, -1.0, -1.0])
22:04:54:927435, 3, 1, 1631786694.9246674, 48, GPS(-43.520645, 172.582939, 21.333756, var=[1.0, 1.0, 1.0]), 48.761153725379046, GPS(-43.520600, 172.583000, 0.000000, var=[-1.0, -1.0, -1.0])
22:04:54:928173, 1, 1, 1631786694.9249406, 48, GPS(-43.520555, 172.582939, 21.340899, var=[1.0, 1.0, 1.0]), 48.782738182673796, GPS(-43.520600, 172.583000, 0.000000, var=[-1.0, -1.0, -1.0])
22:04:54:928807, 2, 1, 1631786694.9250493, 48, GPS(-43.520555, 172.583063, 21.304924, var=[1.0, 1.0, 1.0]), 48.767414158216425, GPS(-43.520600, 172.583000, 0.000000, var=[-1.0, -1.0, -1.0])
22:04:54:929419, 4, 1, 1631786694.924927, 48, GPS(-43.520646, 172.583064, 21.333780, var=[1.0, 1.0, 1.0]), 48.83106651755026, GPS(-43.520600, 172.583000, 0.000000, var=[-1.0, -1.0, -1.0])
22:04:55:034508, 4, 1, 1631786695.0313077, 49, GPS(-43.520646, 172.583064, 21.337780, var=[1.0, 1.0, 1.0]), 48.8328345152091, GPS(-43.520600, 172.583000, 0.000000, var=[-1.0, -1.0, -1.0])
22:04:55:035750, 3, 1, 1631786695.0313318, 49, GPS(-43.520645, 172.582939, 21.332756, var=[1.0, 1.0, 1.0]), 48.756410882849735, GPS(-43.520600, 172.583000, 0.000000, var=[-1.0, -1.0, -1.0])
22:04:55:036765, 2, 1, 1631786695.0312948, 49, GPS(-43.520555, 172.583063, 21.304924, var=[1.0, 1.0, 1.0]), 48.76539265540343, GPS(-43.520600, 172.583000, 0.000000, var=[-1.0, -1.0, -1.0])
22:04:55:037522, 1, 1, 1631786695.0313246, 49, GPS(-43.520555, 172.582939, 21.343899, var=[1.0, 1.0, 1.0]), 48.78356586049426, GPS(-43.520600, 172.583000, 0.000000, var=[-1.0, -1.0, -1.0])
22:04:56:034662, 3, 1, 1631786696.0314407, 50, GPS(-43.520645, 172.582939, 21.344755, var=[1.0, 1.0, 1.0]), 48.777810867997395, GPS(-43.520600, 172.583000, 0.000000, var=[-1.0, -1.0, -1.0])
22:04:56:035997, 1, 1, 1631786696.0326533, 50, GPS(-43.520555, 172.582939, 21.347899, var=[1.0, 1.0, 1.0]), 48.79313628745389, GPS(-43.520600, 172.583000, 0.000000, var=[-1.0, -1.0, -1.0])
22:04:56:036808, 4, 1, 1631786696.0331476, 50, GPS(-43.520646, 172.583064, 21.352780, var=[1.0, 1.0, 1.0]), 48.85170844475857, GPS(-43.520600, 172.583000, 0.000000, var=[-1.0, -1.0, -1.0])
22:04:56:037624, 2, 1, 1631786696.0327322, 50, GPS(-43.520555, 172.583063, 21.319924, var=[1.0, 1.0, 1.0]), 48.78245888528321, GPS(-43.520600, 172.583000, 0.000000, var=[-1.0, -1.0, -1.0])
22:04:56:142162, 2, 1, 1631786696.138851, 51, GPS(-43.520555, 172.583063, 21.321924, var=[1.0, 1.0, 1.0]), 48.80332618326768, GPS(-43.520600, 172.583000, 0.000000, var=[-1.0, -1.0, -1.0])
22:04:56:143921, 4, 1, 1631786696.1388547, 51, GPS(-43.520646, 172.583064, 21.353780, var=[1.0, 1.0, 1.0]), 48.86979220645103, GPS(-43.520600, 172.583000, 0.000000, var=[-1.0, -1.0, -1.0])
22:04:56:145252, 1, 1, 1631786696.1389406, 51, GPS(-43.520555, 172.582939, 21.349899, var=[1.0, 1.0, 1.0]), 48.8140051728215, GPS(-43.520600, 172.583000, 0.000000, var=[-1.0, -1.0, -1.0])
22:04:56:146525, 3, 1, 1631786696.1389499, 51, GPS(-43.520645, 172.582939, 21.345755, var=[1.0, 1.0, 1.0]), 48.797730578755036, GPS(-43.520600, 172.583000, 0.000000, var=[-1.0, -1.0, -1.0])
22:04:57:142608, 1, 1, 1631786697.1392274, 52, GPS(-43.520555, 172.582939, 21.358899, var=[1.0, 1.0, 1.0]), 48.82980798235877, GPS(-43.520600, 172.583000, 0.000000, var=[-1.0, -1.0, -1.0])
22:04:57:143757, 2, 1, 1631786697.1409018, 52, GPS(-43.520555, 172.583063, 21.343924, var=[1.0, 1.0, 1.0]), 48.82539469506112, GPS(-43.520600, 172.583000, 0.000000, var=[-1.0, -1.0, -1.0])
22:04:57:145118, 3, 1, 1631786697.1394854, 52, GPS(-43.520645, 172.582939, 21.352755, var=[1.0, 1.0, 1.0]), 48.80738198812391, GPS(-43.520600, 172.583000, 0.000000, var=[-1.0, -1.0, -1.0])
22:04:57:146125, 4, 1, 1631786697.1398382, 52, GPS(-43.520646, 172.583063, 21.351780, var=[1.0, 1.0, 1.0]), 48.867238709165406, GPS(-43.520600, 172.583000, 0.000000, var=[-1.0, -1.0, -1.0])
22:04:57:253323, 4, 1, 1631786697.248466, 53, GPS(-43.520646, 172.583063, 21.351780, var=[1.0, 1.0, 1.0]), 48.88932436699109, GPS(-43.520600, 172.583000, 0.000000, var=[-1.0, -1.0, -1.0])
22:04:57:255051, 2, 1, 1631786697.2489083, 53, GPS(-43.520555, 172.583063, 21.343924, var=[1.0, 1.0, 1.0]), 48.847480352886805, GPS(-43.520600, 172.583000, 0.000000, var=[-1.0, -1.0, -1.0])
22:04:57:256988, 3, 1, 1631786697.2485304, 53, GPS(-43.520645, 172.582939, 21.353755, var=[1.0, 1.0, 1.0]), 48.83219263370894, GPS(-43.520600, 172.583000, 0.000000, var=[-1.0, -1.0, -1.0])
22:04:57:258314, 1, 1, 1631786697.2484837, 53, GPS(-43.520555, 172.582939, 21.361899, var=[1.0, 1.0, 1.0]), 48.85900481869489, GPS(-43.520600, 172.583000, 0.000000, var=[-1.0, -1.0, -1.0])
22:04:58:254118, 1, 1, 1631786698.2499666, 54, GPS(-43.520555, 172.582938, 21.367899, var=[1.0, 1.0, 1.0]), 48.86775060204057, GPS(-43.520600, 172.583000, 0.000000, var=[-1.0, -1.0, -1.0])
22:04:58:255209, 2, 1, 1631786698.2499113, 54, GPS(-43.520555, 172.583062, 21.339924, var=[1.0, 1.0, 1.0]), 48.83774207162668, GPS(-43.520600, 172.583000, 0.000000, var=[-1.0, -1.0, -1.0])
22:04:58:256079, 4, 1, 1631786698.2504914, 54, GPS(-43.520645, 172.583063, 21.360780, var=[1.0, 1.0, 1.0]), 48.88439500923749, GPS(-43.520600, 172.583000, 0.000000, var=[-1.0, -1.0, -1.0])
22:04:58:256791, 3, 1, 1631786698.2498198, 54, GPS(-43.520644, 172.582938, 21.366756, var=[1.0, 1.0, 1.0]), 48.84020761913771, GPS(-43.520600, 172.583000, 0.000000, var=[-1.0, -1.0, -1.0])
22:04:58:365186, 2, 1, 1631786698.3610513, 55, GPS(-43.520555, 172.583062, 21.340924, var=[1.0, 1.0, 1.0]), 48.85168422178169, GPS(-43.520600, 172.583000, 0.000000, var=[-1.0, -1.0, -1.0])
22:04:58:366572, 3, 1, 1631786698.3610406, 55, GPS(-43.520644, 172.582938, 21.365756, var=[1.0, 1.0, 1.0]), 48.852250337351094, GPS(-43.520600, 172.583000, 0.000000, var=[-1.0, -1.0, -1.0])
22:04:58:367693, 4, 1, 1631786698.3610759, 55, GPS(-43.520645, 172.583063, 21.360780, var=[1.0, 1.0, 1.0]), 48.897387985853115, GPS(-43.520600, 172.583000, 0.000000, var=[-1.0, -1.0, -1.0])
22:04:58:368519, 1, 1, 1631786698.3611588, 55, GPS(-43.520555, 172.582938, 21.365899, var=[1.0, 1.0, 1.0]), 48.880628581050885, GPS(-43.520600, 172.583000, 0.000000, var=[-1.0, -1.0, -1.0])
22:04:59:365638, 2, 1, 1631786699.3612208, 56, GPS(-43.520555, 172.583062, 21.328924, var=[1.0, 1.0, 1.0]), 48.82943984657383, GPS(-43.520600, 172.583000, 0.000000, var=[-1.0, -1.0, -1.0])
22:04:59:366976, 4, 1, 1631786699.3630452, 56, GPS(-43.520645, 172.583063, 21.359780, var=[1.0, 1.0, 1.0]), 48.89343988017427, GPS(-43.520600, 172.583000, 0.000000, var=[-1.0, -1.0, -1.0])
22:04:59:367998, 3, 1, 1631786699.3617349, 56, GPS(-43.520644, 172.582938, 21.362756, var=[1.0, 1.0, 1.0]), 48.84931749457278, GPS(-43.520600, 172.583000, 0.000000, var=[-1.0, -1.0, -1.0])
22:04:59:369514, 1, 1, 1631786699.3630595, 56, GPS(-43.520555, 172.582938, 21.351899, var=[1.0, 1.0, 1.0]), 48.86971164794363, GPS(-43.520600, 172.583000, 0.000000, var=[-1.0, -1.0, -1.0])
22:04:59:475983, 2, 1, 1631786699.4705188, 57, GPS(-43.520555, 172.583062, 21.325924, var=[1.0, 1.0, 1.0]), 48.82182712192291, GPS(-43.520600, 172.583000, 0.000000, var=[-1.0, -1.0, -1.0])
22:04:59:478420, 1, 1, 1631786699.4705448, 57, GPS(-43.520555, 172.582938, 21.352899, var=[1.0, 1.0, 1.0]), 48.867686323998775, GPS(-43.520600, 172.583000, 0.000000, var=[-1.0, -1.0, -1.0])
22:04:59:480054, 4, 1, 1631786699.4705358, 57, GPS(-43.520645, 172.583063, 21.362780, var=[1.0, 1.0, 1.0]), 48.895129397040805, GPS(-43.520600, 172.583000, 0.000000, var=[-1.0, -1.0, -1.0])
22:04:59:481623, 3, 1, 1631786699.4705997, 57, GPS(-43.520644, 172.582938, 21.360756, var=[1.0, 1.0, 1.0]), 48.84623448665492, GPS(-43.520600, 172.583000, 0.000000, var=[-1.0, -1.0, -1.0])
22:05:00:475269, 4, 1, 1631786700.4705763, 58, GPS(-43.520645, 172.583063, 21.357780, var=[1.0, 1.0, 1.0]), 48.888080364986195, GPS(-43.520600, 172.583000, 0.000000, var=[-1.0, -1.0, -1.0])
22:05:00:476638, 1, 1, 1631786700.4725828, 58, GPS(-43.520555, 172.582938, 21.349899, var=[1.0, 1.0, 1.0]), 48.86933728083034, GPS(-43.520600, 172.583000, 0.000000, var=[-1.0, -1.0, -1.0])
22:05:00:477871, 3, 1, 1631786700.472622, 58, GPS(-43.520644, 172.582938, 21.351756, var=[1.0, 1.0, 1.0]), 48.84084271060307, GPS(-43.520600, 172.583000, 0.000000, var=[-1.0, -1.0, -1.0])
22:05:00:479196, 2, 1, 1631786700.4723928, 58, GPS(-43.520555, 172.583062, 21.329924, var=[1.0, 1.0, 1.0]), 48.8336761509681, GPS(-43.520600, 172.583000, 0.000000, var=[-1.0, -1.0, -1.0])
22:05:00:587625, 1, 1, 1631786700.5839057, 59, GPS(-43.520555, 172.582938, 21.350899, var=[1.0, 1.0, 1.0]), 48.85846792699145, GPS(-43.520600, 172.583000, 0.000000, var=[-1.0, -1.0, -1.0])
22:05:00:588678, 4, 1, 1631786700.5839016, 59, GPS(-43.520645, 172.583063, 21.357780, var=[1.0, 1.0, 1.0]), 48.87805480941576, GPS(-43.520600, 172.583000, 0.000000, var=[-1.0, -1.0, -1.0])
22:05:00:590018, 2, 1, 1631786700.5838702, 59, GPS(-43.520555, 172.583062, 21.325924, var=[1.0, 1.0, 1.0]), 48.81985351451361, GPS(-43.520600, 172.583000, 0.000000, var=[-1.0, -1.0, -1.0])
22:05:00:590869, 3, 1, 1631786700.5839114, 59, GPS(-43.520644, 172.582938, 21.350756, var=[1.0, 1.0, 1.0]), 48.82986720954625, GPS(-43.520600, 172.583000, 0.000000, var=[-1.0, -1.0, -1.0])
22:05:01:587358, 2, 1, 1631786701.5843718, 60, GPS(-43.520555, 172.583062, 21.313924, var=[1.0, 1.0, 1.0]), 48.815214314607516, GPS(-43.520600, 172.583000, 0.000000, var=[-1.0, -1.0, -1.0])
22:05:01:588327, 3, 1, 1631786701.5851295, 60, GPS(-43.520644, 172.582938, 21.348756, var=[1.0, 1.0, 1.0]), 48.8201522652569, GPS(-43.520600, 172.583000, 0.000000, var=[-1.0, -1.0, -1.0])
22:05:01:589081, 1, 1, 1631786701.5848613, 60, GPS(-43.520554, 172.582938, 21.352899, var=[1.0, 1.0, 1.0]), 48.85929183140827, GPS(-43.520600, 172.583000, 0.000000, var=[-1.0, -1.0, -1.0])
22:05:01:590421, 4, 1, 1631786701.5849855, 60, GPS(-43.520645, 172.583063, 21.356780, var=[1.0, 1.0, 1.0]), 48.87462254963695, GPS(-43.520600, 172.583000, 0.000000, var=[-1.0, -1.0, -1.0])
22:05:01:694983, 4, 1, 1631786701.6919537, 61, GPS(-43.520645, 172.583063, 21.354780, var=[1.0, 1.0, 1.0]), 48.86586161593097, GPS(-43.520600, 172.583000, 0.000000, var=[-1.0, -1.0, -1.0])
22:05:01:695786, 3, 1, 1631786701.6919749, 61, GPS(-43.520644, 172.582938, 21.350756, var=[1.0, 1.0, 1.0]), 48.81521627988634, GPS(-43.520600, 172.583000, 0.000000, var=[-1.0, -1.0, -1.0])
22:05:01:696807, 1, 1, 1631786701.6919672, 61, GPS(-43.520554, 172.582938, 21.351899, var=[1.0, 1.0, 1.0]), 48.85329623342778, GPS(-43.520600, 172.583000, 0.000000, var=[-1.0, -1.0, -1.0])
22:05:01:698920, 2, 1, 1631786701.6919498, 61, GPS(-43.520555, 172.583062, 21.316924, var=[1.0, 1.0, 1.0]), 48.81481291993305, GPS(-43.520600, 172.583000, 0.000000, var=[-1.0, -1.0, -1.0])
22:05:02:695990, 3, 1, 1631786702.6922255, 62, GPS(-43.520644, 172.582938, 21.348756, var=[1.0, 1.0, 1.0]), 48.81151220523872, GPS(-43.520600, 172.583000, 0.000000, var=[-1.0, -1.0, -1.0])
22:05:02:697421, 4, 1, 1631786702.6933553, 62, GPS(-43.520645, 172.583063, 21.348780, var=[1.0, 1.0, 1.0]), 48.86379373365841, GPS(-43.520600, 172.583000, 0.000000, var=[-1.0, -1.0, -1.0])
22:05:02:699162, 1, 1, 1631786702.6930633, 62, GPS(-43.520554, 172.582938, 21.350899, var=[1.0, 1.0, 1.0]), 48.85054715639718, GPS(-43.520600, 172.583000, 0.000000, var=[-1.0, -1.0, -1.0])
22:05:02:700339, 2, 1, 1631786702.693322, 62, GPS(-43.520555, 172.583063, 21.316925, var=[1.0, 1.0, 1.0]), 48.8251828318152, GPS(-43.520600, 172.583000, 0.000000, var=[-1.0, -1.0, -1.0])
22:05:02:804402, 3, 1, 1631786702.8010268, 63, GPS(-43.520644, 172.582938, 21.348756, var=[1.0, 1.0, 1.0]), 48.80944935604494, GPS(-43.520600, 172.583000, 0.000000, var=[-1.0, -1.0, -1.0])
22:05:02:805771, 2, 1, 1631786702.8009996, 63, GPS(-43.520555, 172.583063, 21.318925, var=[1.0, 1.0, 1.0]), 48.82501683579207, GPS(-43.520600, 172.583000, 0.000000, var=[-1.0, -1.0, -1.0])
22:05:02:806916, 4, 1, 1631786702.8010716, 63, GPS(-43.520645, 172.583063, 21.350780, var=[1.0, 1.0, 1.0]), 48.86362731448643, GPS(-43.520600, 172.583000, 0.000000, var=[-1.0, -1.0, -1.0])
22:05:02:807744, 1, 1, 1631786702.8010347, 63, GPS(-43.520554, 172.582938, 21.346900, var=[1.0, 1.0, 1.0]), 48.84541635756568, GPS(-43.520600, 172.583000, 0.000000, var=[-1.0, -1.0, -1.0])
22:05:03:805835, 4, 1, 1631786703.8011534, 64, GPS(-43.520645, 172.583063, 21.342780, var=[1.0, 1.0, 1.0]), 48.85952160843157, GPS(-43.520600, 172.583000, 0.000000, var=[-1.0, -1.0, -1.0])
22:05:03:807164, 3, 1, 1631786703.802812, 64, GPS(-43.520644, 172.582939, 21.343756, var=[1.0, 1.0, 1.0]), 48.79913059632858, GPS(-43.520600, 172.583000, 0.000000, var=[-1.0, -1.0, -1.0])
22:05:03:808252, 1, 1, 1631786703.801754, 64, GPS(-43.520554, 172.582939, 21.339899, var=[1.0, 1.0, 1.0]), 48.82893518440534, GPS(-43.520600, 172.583000, 0.000000, var=[-1.0, -1.0, -1.0])
22:05:03:809420, 2, 1, 1631786703.8018522, 64, GPS(-43.520555, 172.583063, 21.316925, var=[1.0, 1.0, 1.0]), 48.826555869188354, GPS(-43.520600, 172.583000, 0.000000, var=[-1.0, -1.0, -1.0])
22:05:03:914427, 1, 1, 1631786703.9094708, 65, GPS(-43.520554, 172.582939, 21.340899, var=[1.0, 1.0, 1.0]), 48.82186830128569, GPS(-43.520600, 172.583000, 0.000000, var=[-1.0, -1.0, -1.0])
22:05:03:916830, 3, 1, 1631786703.9094708, 65, GPS(-43.520644, 172.582939, 21.340756, var=[1.0, 1.0, 1.0]), 48.78826297853803, GPS(-43.520600, 172.583000, 0.000000, var=[-1.0, -1.0, -1.0])
22:05:03:918530, 2, 1, 1631786703.909446, 65, GPS(-43.520555, 172.583063, 21.316925, var=[1.0, 1.0, 1.0]), 48.8185398695871, GPS(-43.520600, 172.583000, 0.000000, var=[-1.0, -1.0, -1.0])
22:05:03:919925, 4, 1, 1631786703.9094622, 65, GPS(-43.520645, 172.583063, 21.341780, var=[1.0, 1.0, 1.0]), 48.85304246122297, GPS(-43.520600, 172.583000, 0.000000, var=[-1.0, -1.0, -1.0])
22:05:04:913212, 2, 1, 1631786704.9094868, 66, GPS(-43.520555, 172.583063, 21.321924, var=[1.0, 1.0, 1.0]), 48.81220426988787, GPS(-43.520600, 172.583000, 0.000000, var=[-1.0, -1.0, -1.0])
22:05:04:914355, 4, 1, 1631786704.9113176, 66, GPS(-43.520645, 172.583064, 21.340780, var=[1.0, 1.0, 1.0]), 48.85825120485548, GPS(-43.520600, 172.583000, 0.000000, var=[-1.0, -1.0, -1.0])
22:05:04:915184, 3, 1, 1631786704.9096544, 66, GPS(-43.520644, 172.582939, 21.338756, var=[1.0, 1.0, 1.0]), 48.78523716304391, GPS(-43.520600, 172.583000, 0.000000, var=[-1.0, -1.0, -1.0])
22:05:04:916003, 1, 1, 1631786704.9099486, 66, GPS(-43.520555, 172.582939, 21.346899, var=[1.0, 1.0, 1.0]), 48.820788507959435, GPS(-43.520600, 172.583000, 0.000000, var=[-1.0, -1.0, -1.0])
22:05:05:026506, 2, 1, 1631786705.0226362, 67, GPS(-43.520555, 172.583063, 21.320924, var=[1.0, 1.0, 1.0]), 48.824084082232844, GPS(-43.520600, 172.583000, 0.000000, var=[-1.0, -1.0, -1.0])
22:05:05:027548, 3, 1, 1631786705.022676, 67, GPS(-43.520644, 172.582939, 21.337756, var=[1.0, 1.0, 1.0]), 48.79530283065762, GPS(-43.520600, 172.583000, 0.000000, var=[-1.0, -1.0, -1.0])
22:05:05:028660, 4, 1, 1631786705.0226526, 67, GPS(-43.520645, 172.583064, 21.343780, var=[1.0, 1.0, 1.0]), 48.872110203008035, GPS(-43.520600, 172.583000, 0.000000, var=[-1.0, -1.0, -1.0])
22:05:05:029816, 1, 1, 1631786705.022662, 67, GPS(-43.520555, 172.582939, 21.349899, var=[1.0, 1.0, 1.0]), 48.834653058467595, GPS(-43.520600, 172.583000, 0.000000, var=[-1.0, -1.0, -1.0])
22:05:06:025795, 4, 1, 1631786706.023247, 68, GPS(-43.520646, 172.583064, 21.364780, var=[1.0, 1.0, 1.0]), 48.89467053386007, GPS(-43.520600, 172.583000, 0.000000, var=[-1.0, -1.0, -1.0])
22:05:06:026620, 1, 1, 1631786706.024064, 68, GPS(-43.520555, 172.582939, 21.357899, var=[1.0, 1.0, 1.0]), 48.84529916903337, GPS(-43.520600, 172.583000, 0.000000, var=[-1.0, -1.0, -1.0])
22:05:06:027324, 2, 1, 1631786706.023784, 68, GPS(-43.520555, 172.583063, 21.335924, var=[1.0, 1.0, 1.0]), 48.83537591201426, GPS(-43.520600, 172.583000, 0.000000, var=[-1.0, -1.0, -1.0])
22:05:06:027983, 3, 1, 1631786706.02405, 68, GPS(-43.520644, 172.582939, 21.356756, var=[1.0, 1.0, 1.0]), 48.81846765560611, GPS(-43.520600, 172.583000, 0.000000, var=[-1.0, -1.0, -1.0])
22:05:06:134212, 2, 1, 1631786706.1311255, 69, GPS(-43.520555, 172.583063, 21.336924, var=[1.0, 1.0, 1.0]), 48.83936174968874, GPS(-43.520600, 172.583000, 0.000000, var=[-1.0, -1.0, -1.0])
22:05:06:135134, 1, 1, 1631786706.131156, 69, GPS(-43.520555, 172.582939, 21.358899, var=[1.0, 1.0, 1.0]), 48.849285564975105, GPS(-43.520600, 172.583000, 0.000000, var=[-1.0, -1.0, -1.0])
22:05:06:136154, 4, 1, 1631786706.1311426, 69, GPS(-43.520646, 172.583064, 21.365780, var=[1.0, 1.0, 1.0]), 48.898655155896556, GPS(-43.520600, 172.583000, 0.000000, var=[-1.0, -1.0, -1.0])
22:05:06:136877, 3, 1, 1631786706.131161, 69, GPS(-43.520644, 172.582939, 21.359756, var=[1.0, 1.0, 1.0]), 48.82435618736308, GPS(-43.520600, 172.583000, 0.000000, var=[-1.0, -1.0, -1.0])
22:05:07:135644, 1, 1, 1631786707.1317585, 70, GPS(-43.520555, 172.582939, 21.368899, var=[1.0, 1.0, 1.0]), 48.86155519287045, GPS(-43.520600, 172.583000, 0.000000, var=[-1.0, -1.0, -1.0])
22:05:07:136869, 3, 1, 1631786707.1322773, 70, GPS(-43.520644, 172.582939, 21.361756, var=[1.0, 1.0, 1.0]), 48.83258091228612, GPS(-43.520600, 172.583000, 0.000000, var=[-1.0, -1.0, -1.0])
22:05:07:138628, 2, 1, 1631786707.13215, 70, GPS(-43.520555, 172.583062, 21.343924, var=[1.0, 1.0, 1.0]), 48.84404556528594, GPS(-43.520600, 172.583000, 0.000000, var=[-1.0, -1.0, -1.0])
22:05:07:140032, 4, 1, 1631786707.1324654, 70, GPS(-43.520646, 172.583064, 21.371780, var=[1.0, 1.0, 1.0]), 48.905341225798495, GPS(-43.520600, 172.583000, 0.000000, var=[-1.0, -1.0, -1.0])
22:05:07:242364, 1, 1, 1631786707.2390246, 71, GPS(-43.520555, 172.582939, 21.368899, var=[1.0, 1.0, 1.0]), 48.86861112649656, GPS(-43.520600, 172.583000, 0.000000, var=[-1.0, -1.0, -1.0])
22:05:07:243594, 2, 1, 1631786707.239019, 71, GPS(-43.520555, 172.583062, 21.344924, var=[1.0, 1.0, 1.0]), 48.85205053805154, GPS(-43.520600, 172.583000, 0.000000, var=[-1.0, -1.0, -1.0])
22:05:07:244700, 4, 1, 1631786707.2392054, 71, GPS(-43.520646, 172.583064, 21.373780, var=[1.0, 1.0, 1.0]), 48.91429255371194, GPS(-43.520600, 172.583000, 0.000000, var=[-1.0, -1.0, -1.0])
22:05:07:245690, 3, 1, 1631786707.2389858, 71, GPS(-43.520644, 172.582939, 21.363756, var=[1.0, 1.0, 1.0]), 48.841537482995285, GPS(-43.520600, 172.583000, 0.000000, var=[-1.0, -1.0, -1.0])
22:05:08:243696, 3, 1, 1631786708.2392724, 72, GPS(-43.520644, 172.582939, 21.372756, var=[1.0, 1.0, 1.0]), 48.84609058975053, GPS(-43.520600, 172.583000, 0.000000, var=[-1.0, -1.0, -1.0])
22:05:08:245140, 4, 1, 1631786708.2406435, 72, GPS(-43.520646, 172.583063, 21.373780, var=[1.0, 1.0, 1.0]), 48.906637077864154, GPS(-43.520600, 172.583000, 0.000000, var=[-1.0, -1.0, -1.0])
22:05:08:247028, 1, 1, 1631786708.2404153, 72, GPS(-43.520555, 172.582939, 21.381899, var=[1.0, 1.0, 1.0]), 48.87446914203527, GPS(-43.520600, 172.583000, 0.000000, var=[-1.0, -1.0, -1.0])
22:05:08:248921, 2, 1, 1631786708.2406197, 72, GPS(-43.520555, 172.583062, 21.344924, var=[1.0, 1.0, 1.0]), 48.84378209365886, GPS(-43.520600, 172.583000, 0.000000, var=[-1.0, -1.0, -1.0])
22:05:08:353539, 1, 1, 1631786708.3509336, 73, GPS(-43.520555, 172.582939, 21.381899, var=[1.0, 1.0, 1.0]), 48.87448762079501, GPS(-43.520600, 172.583000, 0.000000, var=[-1.0, -1.0, -1.0])
22:05:08:354787, 4, 1, 1631786708.3509414, 73, GPS(-43.520646, 172.583063, 21.374780, var=[1.0, 1.0, 1.0]), 48.90760341416584, GPS(-43.520600, 172.583000, 0.000000, var=[-1.0, -1.0, -1.0])
22:05:08:355773, 2, 1, 1631786708.3509417, 73, GPS(-43.520555, 172.583062, 21.347924, var=[1.0, 1.0, 1.0]), 48.84664825668737, GPS(-43.520600, 172.583000, 0.000000, var=[-1.0, -1.0, -1.0])
22:05:08:356469, 3, 1, 1631786708.3509443, 73, GPS(-43.520644, 172.582939, 21.374756, var=[1.0, 1.0, 1.0]), 48.848009800354774, GPS(-43.520600, 172.583000, 0.000000, var=[-1.0, -1.0, -1.0])
22:05:09:353541, 3, 1, 1631786709.35123, 74, GPS(-43.520645, 172.582939, 21.386756, var=[1.0, 1.0, 1.0]), 48.86185664751183, GPS(-43.520600, 172.583000, 0.000000, var=[-1.0, -1.0, -1.0])
22:05:09:354705, 4, 1, 1631786709.3525138, 74, GPS(-43.520646, 172.583063, 21.388780, var=[1.0, 1.0, 1.0]), 48.92269912525536, GPS(-43.520600, 172.583000, 0.000000, var=[-1.0, -1.0, -1.0])
22:05:09:355441, 1, 1, 1631786709.351541, 74, GPS(-43.520555, 172.582939, 21.390899, var=[1.0, 1.0, 1.0]), 48.88303392693177, GPS(-43.520600, 172.583000, 0.000000, var=[-1.0, -1.0, -1.0])
22:05:09:356107, 2, 1, 1631786709.3518178, 74, GPS(-43.520555, 172.583062, 21.365924, var=[1.0, 1.0, 1.0]), 48.865536178731446, GPS(-43.520600, 172.583000, 0.000000, var=[-1.0, -1.0, -1.0])
22:05:09:460825, 2, 1, 1631786709.457974, 75, GPS(-43.520555, 172.583063, 21.365924, var=[1.0, 1.0, 1.0]), 48.882339798327024, GPS(-43.520600, 172.583000, 0.000000, var=[-1.0, -1.0, -1.0])
22:05:09:461810, 4, 1, 1631786709.4579937, 75, GPS(-43.520646, 172.583063, 21.391780, var=[1.0, 1.0, 1.0]), 48.940542573599615, GPS(-43.520600, 172.583000, 0.000000, var=[-1.0, -1.0, -1.0])
22:05:09:463117, 1, 1, 1631786709.4580014, 75, GPS(-43.520555, 172.582939, 21.390899, var=[1.0, 1.0, 1.0]), 48.89803381666495, GPS(-43.520600, 172.583000, 0.000000, var=[-1.0, -1.0, -1.0])
22:05:09:464012, 3, 1, 1631786709.4582496, 75, GPS(-43.520645, 172.582939, 21.388756, var=[1.0, 1.0, 1.0]), 48.87875718323764, GPS(-43.520600, 172.583000, 0.000000, var=[-1.0, -1.0, -1.0])
22:05:10:460648, 2, 1, 1631786710.4581127, 76, GPS(-43.520555, 172.583063, 21.371924, var=[1.0, 1.0, 1.0]), 48.89222733112304, GPS(-43.520600, 172.583000, 0.000000, var=[-1.0, -1.0, -1.0])
22:05:10:461393, 4, 1, 1631786710.4594357, 76, GPS(-43.520646, 172.583063, 21.394780, var=[1.0, 1.0, 1.0]), 48.94642115011092, GPS(-43.520600, 172.583000, 0.000000, var=[-1.0, -1.0, -1.0])
22:05:10:462086, 1, 1, 1631786710.4587946, 76, GPS(-43.520555, 172.582938, 21.402899, var=[1.0, 1.0, 1.0]), 48.91601799826187, GPS(-43.520600, 172.583000, 0.000000, var=[-1.0, -1.0, -1.0])
22:05:10:462978, 3, 1, 1631786710.4600933, 76, GPS(-43.520645, 172.582939, 21.394756, var=[1.0, 1.0, 1.0]), 48.887494201902484, GPS(-43.520600, 172.583000, 0.000000, var=[-1.0, -1.0, -1.0])
22:05:10:568370, 3, 1, 1631786710.5652022, 77, GPS(-43.520645, 172.582938, 21.396755, var=[1.0, 1.0, 1.0]), 48.89008915380087, GPS(-43.520600, 172.583000, 0.000000, var=[-1.0, -1.0, -1.0])
22:05:10:569525, 1, 1, 1631786710.5651991, 77, GPS(-43.520555, 172.582938, 21.402899, var=[1.0, 1.0, 1.0]), 48.91493500072827, GPS(-43.520600, 172.583000, 0.000000, var=[-1.0, -1.0, -1.0])
22:05:10:571079, 4, 1, 1631786710.5651886, 77, GPS(-43.520646, 172.583063, 21.394780, var=[1.0, 1.0, 1.0]), 48.94533815257732, GPS(-43.520600, 172.583000, 0.000000, var=[-1.0, -1.0, -1.0])
22:05:10:572717, 2, 1, 1631786710.5651827, 77, GPS(-43.520555, 172.583063, 21.372924, var=[1.0, 1.0, 1.0]), 48.89028459602258, GPS(-43.520600, 172.583000, 0.000000, var=[-1.0, -1.0, -1.0])
22:05:11:568505, 4, 1, 1631786711.5652459, 78, GPS(-43.520646, 172.583064, 21.397780, var=[1.0, 1.0, 1.0]), 48.95250343485317, GPS(-43.520600, 172.583000, 0.000000, var=[-1.0, -1.0, -1.0])
22:05:11:569424, 3, 1, 1631786711.5666966, 78, GPS(-43.520645, 172.582938, 21.402755, var=[1.0, 1.0, 1.0]), 48.89579095151554, GPS(-43.520600, 172.583000, 0.000000, var=[-1.0, -1.0, -1.0])
22:05:11:570406, 1, 1, 1631786711.5653987, 78, GPS(-43.520555, 172.582938, 21.407899, var=[1.0, 1.0, 1.0]), 48.917904827014496, GPS(-43.520600, 172.583000, 0.000000, var=[-1.0, -1.0, -1.0])
22:05:11:571235, 2, 1, 1631786711.5660098, 78, GPS(-43.520555, 172.583063, 21.376924, var=[1.0, 1.0, 1.0]), 48.89408151133577, GPS(-43.520600, 172.583000, 0.000000, var=[-1.0, -1.0, -1.0])
22:05:11:678431, 3, 1, 1631786711.6746318, 79, GPS(-43.520645, 172.582938, 21.403755, var=[1.0, 1.0, 1.0]), 48.921724368264165, GPS(-43.520600, 172.583000, 0.000000, var=[-1.0, -1.0, -1.0])
22:05:11:680138, 4, 1, 1631786711.6746144, 79, GPS(-43.520646, 172.583064, 21.395780, var=[1.0, 1.0, 1.0]), 48.97559113559116, GPS(-43.520600, 172.583000, 0.000000, var=[-1.0, -1.0, -1.0])
22:05:11:682038, 2, 1, 1631786711.6746066, 79, GPS(-43.520555, 172.583063, 21.376924, var=[1.0, 1.0, 1.0]), 48.919064613402426, GPS(-43.520600, 172.583000, 0.000000, var=[-1.0, -1.0, -1.0])
22:05:11:683556, 1, 1, 1631786711.6746275, 79, GPS(-43.520555, 172.582938, 21.407899, var=[1.0, 1.0, 1.0]), 48.94288792908115, GPS(-43.520600, 172.583000, 0.000000, var=[-1.0, -1.0, -1.0])
22:05:12:679106, 3, 1, 1631786712.6756713, 80, GPS(-43.520645, 172.582939, 21.403756, var=[1.0, 1.0, 1.0]), 48.92394763913666, GPS(-43.520600, 172.583000, 0.000000, var=[-1.0, -1.0, -1.0])
22:05:12:679984, 4, 1, 1631786712.6764863, 80, GPS(-43.520646, 172.583063, 21.401780, var=[1.0, 1.0, 1.0]), 48.98412612343121, GPS(-43.520600, 172.583000, 0.000000, var=[-1.0, -1.0, -1.0])
22:05:12:681724, 2, 1, 1631786712.6763673, 80, GPS(-43.520555, 172.583063, 21.382924, var=[1.0, 1.0, 1.0]), 48.928117307023314, GPS(-43.520600, 172.583000, 0.000000, var=[-1.0, -1.0, -1.0])
22:05:12:682536, 1, 1, 1631786712.6766763, 80, GPS(-43.520555, 172.582939, 21.413899, var=[1.0, 1.0, 1.0]), 48.95081104324365, GPS(-43.520600, 172.583000, 0.000000, var=[-1.0, -1.0, -1.0])
22:05:12:791829, 2, 1, 1631786712.7860916, 81, GPS(-43.520555, 172.583063, 21.387924, var=[1.0, 1.0, 1.0]), 48.947863744100786, GPS(-43.520600, 172.583000, 0.000000, var=[-1.0, -1.0, -1.0])
22:05:12:795932, 3, 1, 1631786712.7861507, 81, GPS(-43.520645, 172.582939, 21.402756, var=[1.0, 1.0, 1.0]), 48.93799717645214, GPS(-43.520600, 172.583000, 0.000000, var=[-1.0, -1.0, -1.0])
22:05:12:797604, 4, 1, 1631786712.786112, 81, GPS(-43.520646, 172.583063, 21.407780, var=[1.0, 1.0, 1.0]), 49.00481276062196, GPS(-43.520600, 172.583000, 0.000000, var=[-1.0, -1.0, -1.0])
22:05:12:798996, 1, 1, 1631786712.7861373, 81, GPS(-43.520555, 172.582939, 21.417899, var=[1.0, 1.0, 1.0]), 48.96960984247145, GPS(-43.520600, 172.583000, 0.000000, var=[-1.0, -1.0, -1.0])
22:05:13:788205, 3, 1, 1631786713.7862382, 82, GPS(-43.520645, 172.582939, 21.422756, var=[1.0, 1.0, 1.0]), 48.961005765809986, GPS(-43.520600, 172.583000, 0.000000, var=[-1.0, -1.0, -1.0])
22:05:13:790513, 4, 1, 1631786713.78774, 82, GPS(-43.520646, 172.583063, 21.422780, var=[1.0, 1.0, 1.0]), 49.02303022544744, GPS(-43.520600, 172.583000, 0.000000, var=[-1.0, -1.0, -1.0])
22:05:13:791394, 1, 1, 1631786713.788138, 82, GPS(-43.520555, 172.582939, 21.425899, var=[1.0, 1.0, 1.0]), 48.98120777611439, GPS(-43.520600, 172.583000, 0.000000, var=[-1.0, -1.0, -1.0])
22:05:13:792073, 2, 1, 1631786713.7880523, 82, GPS(-43.520555, 172.583063, 21.401924, var=[1.0, 1.0, 1.0]), 48.965154535983544, GPS(-43.520600, 172.583000, 0.000000, var=[-1.0, -1.0, -1.0])
22:05:13:905540, 4, 1, 1631786713.9015331, 83, GPS(-43.520646, 172.583063, 21.423780, var=[1.0, 1.0, 1.0]), 49.03296454236683, GPS(-43.520600, 172.583000, 0.000000, var=[-1.0, -1.0, -1.0])
22:05:13:907023, 3, 1, 1631786713.901561, 83, GPS(-43.520645, 172.582939, 21.422756, var=[1.0, 1.0, 1.0]), 48.969992214477344, GPS(-43.520600, 172.583000, 0.000000, var=[-1.0, -1.0, -1.0])
22:05:13:908071, 1, 1, 1631786713.9015524, 83, GPS(-43.520555, 172.582939, 21.426899, var=[1.0, 1.0, 1.0]), 48.99114398846452, GPS(-43.520600, 172.583000, 0.000000, var=[-1.0, -1.0, -1.0])
22:05:13:909354, 2, 1, 1631786713.901529, 83, GPS(-43.520555, 172.583063, 21.402924, var=[1.0, 1.0, 1.0]), 48.97509036116931, GPS(-43.520600, 172.583000, 0.000000, var=[-1.0, -1.0, -1.0])
22:05:14:907592, 1, 1, 1631786714.9022171, 84, GPS(-43.520555, 172.582938, 21.433899, var=[1.0, 1.0, 1.0]), 49.00134140020189, GPS(-43.520600, 172.583000, 0.000000, var=[-1.0, -1.0, -1.0])
22:05:14:908622, 4, 1, 1631786714.9033628, 84, GPS(-43.520646, 172.583063, 21.432780, var=[1.0, 1.0, 1.0]), 49.037180320682204, GPS(-43.520600, 172.583000, 0.000000, var=[-1.0, -1.0, -1.0])
22:05:14:910062, 2, 1, 1631786714.9026198, 84, GPS(-43.520555, 172.583063, 21.401924, var=[1.0, 1.0, 1.0]), 48.97052999071206, GPS(-43.520600, 172.583000, 0.000000, var=[-1.0, -1.0, -1.0])
22:05:14:911177, 3, 1, 1631786714.9034288, 84, GPS(-43.520645, 172.582938, 21.423755, var=[1.0, 1.0, 1.0]), 48.976938975790375, GPS(-43.520600, 172.583000, 0.000000, var=[-1.0, -1.0, -1.0])
22:05:15:015452, 4, 1, 1631786715.011811, 85, GPS(-43.520646, 172.583063, 21.432780, var=[1.0, 1.0, 1.0]), 49.039058977946006, GPS(-43.520600, 172.583000, 0.000000, var=[-1.0, -1.0, -1.0])
22:05:15:016425, 2, 1, 1631786715.011798, 85, GPS(-43.520555, 172.583063, 21.404924, var=[1.0, 1.0, 1.0]), 48.973438311534636, GPS(-43.520600, 172.583000, 0.000000, var=[-1.0, -1.0, -1.0])
22:05:15:017528, 3, 1, 1631786715.011839, 85, GPS(-43.520645, 172.582938, 21.425755, var=[1.0, 1.0, 1.0]), 48.97889915595991, GPS(-43.520600, 172.583000, 0.000000, var=[-1.0, -1.0, -1.0])
22:05:15:018291, 1, 1, 1631786715.0118358, 85, GPS(-43.520555, 172.582938, 21.434899, var=[1.0, 1.0, 1.0]), 49.000575003553315, GPS(-43.520600, 172.583000, 0.000000, var=[-1.0, -1.0, -1.0])
22:05:16:015143, 3, 1, 1631786716.0118494, 86, GPS(-43.520645, 172.582939, 21.434755, var=[1.0, 1.0, 1.0]), 48.983900296951035, GPS(-43.520600, 172.583000, 0.000000, var=[-1.0, -1.0, -1.0])
22:05:16:017040, 2, 1, 1631786716.013098, 86, GPS(-43.520555, 172.583062, 21.410924, var=[1.0, 1.0, 1.0]), 48.97978353009324, GPS(-43.520600, 172.583000, 0.000000, var=[-1.0, -1.0, -1.0])
22:05:16:018725, 4, 1, 1631786716.0134604, 86, GPS(-43.520646, 172.583063, 21.439780, var=[1.0, 1.0, 1.0]), 49.04569519672141, GPS(-43.520600, 172.583000, 0.000000, var=[-1.0, -1.0, -1.0])
22:05:16:020139, 1, 1, 1631786716.013444, 86, GPS(-43.520555, 172.582939, 21.441899, var=[1.0, 1.0, 1.0]), 49.0054506862856, GPS(-43.520600, 172.583000, 0.000000, var=[-1.0, -1.0, -1.0])
22:05:16:125383, 1, 1, 1631786716.119423, 87, GPS(-43.520555, 172.582939, 21.441899, var=[1.0, 1.0, 1.0]), 49.014524839960934, GPS(-43.520600, 172.583000, 0.000000, var=[-1.0, -1.0, -1.0])
22:05:16:127884, 4, 1, 1631786716.1195645, 87, GPS(-43.520646, 172.583063, 21.441780, var=[1.0, 1.0, 1.0]), 49.05666545318998, GPS(-43.520600, 172.583000, 0.000000, var=[-1.0, -1.0, -1.0])
22:05:16:129578, 3, 1, 1631786716.119437, 87, GPS(-43.520645, 172.582939, 21.433755, var=[1.0, 1.0, 1.0]), 48.99202403098653, GPS(-43.520600, 172.583000, 0.000000, var=[-1.0, -1.0, -1.0])
22:05:16:131168, 2, 1, 1631786716.1194067, 87, GPS(-43.520555, 172.583062, 21.409924, var=[1.0, 1.0, 1.0]), 48.98790814753578, GPS(-43.520600, 172.583000, 0.000000, var=[-1.0, -1.0, -1.0])
22:05:17:123951, 2, 1, 1631786717.1199744, 88, GPS(-43.520555, 172.583062, 21.430924, var=[1.0, 1.0, 1.0]), 49.00750503211769, GPS(-43.520600, 172.583000, 0.000000, var=[-1.0, -1.0, -1.0])
22:05:17:124829, 1, 1, 1631786717.1211557, 88, GPS(-43.520555, 172.582938, 21.448899, var=[1.0, 1.0, 1.0]), 49.021945755355176, GPS(-43.520600, 172.583000, 0.000000, var=[-1.0, -1.0, -1.0])
22:05:17:125720, 4, 1, 1631786717.1202378, 88, GPS(-43.520646, 172.583063, 21.463780, var=[1.0, 1.0, 1.0]), 49.07470719989401, GPS(-43.520600, 172.583000, 0.000000, var=[-1.0, -1.0, -1.0])
22:05:17:126862, 3, 1, 1631786717.1207445, 88, GPS(-43.520645, 172.582939, 21.449756, var=[1.0, 1.0, 1.0]), 49.003790440004664, GPS(-43.520600, 172.583000, 0.000000, var=[-1.0, -1.0, -1.0])
22:05:17:236361, 2, 1, 1631786717.232901, 89, GPS(-43.520555, 172.583062, 21.428924, var=[1.0, 1.0, 1.0]), 49.023594108246286, GPS(-43.520600, 172.583000, 0.000000, var=[-1.0, -1.0, -1.0])
22:05:17:237678, 1, 1, 1631786717.232925, 89, GPS(-43.520555, 172.582938, 21.452899, var=[1.0, 1.0, 1.0]), 49.04126132641106, GPS(-43.520600, 172.583000, 0.000000, var=[-1.0, -1.0, -1.0])
22:05:17:239345, 3, 1, 1631786717.2329264, 89, GPS(-43.520645, 172.582939, 21.450756, var=[1.0, 1.0, 1.0]), 49.02272929437266, GPS(-43.520600, 172.583000, 0.000000, var=[-1.0, -1.0, -1.0])
22:05:17:240653, 4, 1, 1631786717.2329104, 89, GPS(-43.520646, 172.583063, 21.464780, var=[1.0, 1.0, 1.0]), 49.09364369575332, GPS(-43.520600, 172.583000, 0.000000, var=[-1.0, -1.0, -1.0])
22:05:18:235794, 4, 1, 1631786718.233074, 90, GPS(-43.520646, 172.583063, 21.459780, var=[1.0, 1.0, 1.0]), 49.096539024426505, GPS(-43.520600, 172.583000, 0.000000, var=[-1.0, -1.0, -1.0])
22:05:18:236620, 1, 1, 1631786718.234686, 90, GPS(-43.520555, 172.582938, 21.451898, var=[1.0, 1.0, 1.0]), 49.041844611772405, GPS(-43.520600, 172.583000, 0.000000, var=[-1.0, -1.0, -1.0])
22:05:18:237394, 2, 1, 1631786718.2335129, 90, GPS(-43.520555, 172.583062, 21.433924, var=[1.0, 1.0, 1.0]), 49.02989042775992, GPS(-43.520600, 172.583000, 0.000000, var=[-1.0, -1.0, -1.0])
22:05:18:238506, 3, 1, 1631786718.2336192, 90, GPS(-43.520645, 172.582939, 21.457755, var=[1.0, 1.0, 1.0]), 49.03582352155183, GPS(-43.520600, 172.583000, 0.000000, var=[-1.0, -1.0, -1.0])
22:05:18:347111, 3, 1, 1631786718.3429966, 91, GPS(-43.520645, 172.582939, 21.456755, var=[1.0, 1.0, 1.0]), 49.037884540491476, GPS(-43.520600, 172.583000, 0.000000, var=[-1.0, -1.0, -1.0])
22:05:18:348526, 2, 1, 1631786718.3429596, 91, GPS(-43.520555, 172.583062, 21.431924, var=[1.0, 1.0, 1.0]), 49.031002545135806, GPS(-43.520600, 172.583000, 0.000000, var=[-1.0, -1.0, -1.0])
22:05:18:349714, 4, 1, 1631786718.342977, 91, GPS(-43.520646, 172.583064, 21.456780, var=[1.0, 1.0, 1.0]), 49.09852896079262, GPS(-43.520600, 172.583000, 0.000000, var=[-1.0, -1.0, -1.0])
22:05:18:351517, 1, 1, 1631786718.3429935, 91, GPS(-43.520555, 172.582939, 21.451898, var=[1.0, 1.0, 1.0]), 49.04308400143323, GPS(-43.520600, 172.583000, 0.000000, var=[-1.0, -1.0, -1.0])
22:05:19:345801, 4, 1, 1631786719.3431954, 92, GPS(-43.520646, 172.583064, 21.451780, var=[1.0, 1.0, 1.0]), 49.09744322293861, GPS(-43.520600, 172.583000, 0.000000, var=[-1.0, -1.0, -1.0])
22:05:19:346611, 2, 1, 1631786719.3432066, 92, GPS(-43.520555, 172.583063, 21.420924, var=[1.0, 1.0, 1.0]), 49.02415281126835, GPS(-43.520600, 172.583000, 0.000000, var=[-1.0, -1.0, -1.0])
22:05:19:347277, 1, 1, 1631786719.3446887, 92, GPS(-43.520555, 172.582939, 21.454898, var=[1.0, 1.0, 1.0]), 49.04239864135754, GPS(-43.520600, 172.583000, 0.000000, var=[-1.0, -1.0, -1.0])
22:05:19:348387, 3, 1, 1631786719.3448765, 92, GPS(-43.520645, 172.582939, 21.453755, var=[1.0, 1.0, 1.0]), 49.03326297679567, GPS(-43.520600, 172.583000, 0.000000, var=[-1.0, -1.0, -1.0])
22:05:19:457126, 2, 1, 1631786719.4533277, 93, GPS(-43.520555, 172.583063, 21.424924, var=[1.0, 1.0, 1.0]), 49.00768450415522, GPS(-43.520600, 172.583000, 0.000000, var=[-1.0, -1.0, -1.0])
22:05:19:458665, 4, 1, 1631786719.453343, 93, GPS(-43.520646, 172.583064, 21.453780, var=[1.0, 1.0, 1.0]), 49.077270269222424, GPS(-43.520600, 172.583000, 0.000000, var=[-1.0, -1.0, -1.0])
22:05:19:459522, 3, 1, 1631786719.4533634, 93, GPS(-43.520645, 172.582939, 21.454755, var=[1.0, 1.0, 1.0]), 49.010377785535624, GPS(-43.520600, 172.583000, 0.000000, var=[-1.0, -1.0, -1.0])
22:05:19:460602, 1, 1, 1631786719.4533408, 93, GPS(-43.520555, 172.582939, 21.454898, var=[1.0, 1.0, 1.0]), 49.02033008883383, GPS(-43.520600, 172.583000, 0.000000, var=[-1.0, -1.0, -1.0])
22:05:20:457772, 2, 1, 1631786720.4549117, 94, GPS(-43.520555, 172.583063, 21.436924, var=[1.0, 1.0, 1.0]), 49.02631064668175, GPS(-43.520600, 172.583000, 0.000000, var=[-1.0, -1.0, -1.0])
22:05:20:458512, 1, 1, 1631786720.4548771, 94, GPS(-43.520555, 172.582939, 21.452899, var=[1.0, 1.0, 1.0]), 49.01561411553429, GPS(-43.520600, 172.583000, 0.000000, var=[-1.0, -1.0, -1.0])
22:05:20:459223, 4, 1, 1631786720.4553864, 94, GPS(-43.520646, 172.583064, 21.454780, var=[1.0, 1.0, 1.0]), 49.080711273463365, GPS(-43.520600, 172.583000, 0.000000, var=[-1.0, -1.0, -1.0])
22:05:20:459960, 3, 1, 1631786720.4550257, 94, GPS(-43.520645, 172.582939, 21.454755, var=[1.0, 1.0, 1.0]), 49.00861330949587, GPS(-43.520600, 172.583000, 0.000000, var=[-1.0, -1.0, -1.0])
22:05:20:566511, 4, 1, 1631786720.5618138, 95, GPS(-43.520646, 172.583064, 21.454780, var=[1.0, 1.0, 1.0]), 49.08068551982613, GPS(-43.520600, 172.583000, 0.000000, var=[-1.0, -1.0, -1.0])
22:05:20:568482, 1, 1, 1631786720.5618253, 95, GPS(-43.520555, 172.582939, 21.451899, var=[1.0, 1.0, 1.0]), 49.014638010408405, GPS(-43.520600, 172.583000, 0.000000, var=[-1.0, -1.0, -1.0])
22:05:20:569806, 2, 1, 1631786720.5618033, 95, GPS(-43.520555, 172.583063, 21.436924, var=[1.0, 1.0, 1.0]), 49.02628489304452, GPS(-43.520600, 172.583000, 0.000000, var=[-1.0, -1.0, -1.0])
22:05:20:570974, 3, 1, 1631786720.5618322, 95, GPS(-43.520645, 172.582939, 21.455755, var=[1.0, 1.0, 1.0]), 49.00777663008349, GPS(-43.520600, 172.583000, 0.000000, var=[-1.0, -1.0, -1.0])
22:05:21:564129, 4, 1, 1631786721.5618577, 96, GPS(-43.520646, 172.583064, 21.444780, var=[1.0, 1.0, 1.0]), 49.07537336953128, GPS(-43.520600, 172.583000, 0.000000, var=[-1.0, -1.0, -1.0])
22:05:21:565018, 3, 1, 1631786721.563001, 96, GPS(-43.520645, 172.582939, 21.451755, var=[1.0, 1.0, 1.0]), 49.00021422702697, GPS(-43.520600, 172.583000, 0.000000, var=[-1.0, -1.0, -1.0])
22:05:21:565735, 2, 1, 1631786721.5621202, 96, GPS(-43.520555, 172.583063, 21.437924, var=[1.0, 1.0, 1.0]), 49.022789449771395, GPS(-43.520600, 172.583000, 0.000000, var=[-1.0, -1.0, -1.0])
22:05:21:566411, 1, 1, 1631786721.5624547, 96, GPS(-43.520555, 172.582939, 21.442899, var=[1.0, 1.0, 1.0]), 49.003375291157404, GPS(-43.520600, 172.583000, 0.000000, var=[-1.0, -1.0, -1.0])
22:05:21:677779, 2, 1, 1631786721.6738253, 97, GPS(-43.520555, 172.583063, 21.435924, var=[1.0, 1.0, 1.0]), 49.033926680197496, GPS(-43.520600, 172.583000, 0.000000, var=[-1.0, -1.0, -1.0])
22:05:21:678997, 1, 1, 1631786721.6738503, 97, GPS(-43.520555, 172.582939, 21.442899, var=[1.0, 1.0, 1.0]), 49.01641111945179, GPS(-43.520600, 172.583000, 0.000000, var=[-1.0, -1.0, -1.0])
22:05:21:679890, 4, 1, 1631786721.6738603, 97, GPS(-43.520646, 172.583064, 21.443780, var=[1.0, 1.0, 1.0]), 49.087461799207546, GPS(-43.520600, 172.583000, 0.000000, var=[-1.0, -1.0, -1.0])
22:05:21:682136, 3, 1, 1631786721.6738648, 97, GPS(-43.520645, 172.582939, 21.451755, var=[1.0, 1.0, 1.0]), 49.015009267220734, GPS(-43.520600, 172.583000, 0.000000, var=[-1.0, -1.0, -1.0])
22:05:22:676623, 4, 1, 1631786722.6739295, 98, GPS(-43.520646, 172.583064, 21.446779, var=[1.0, 1.0, 1.0]), 49.10055040392662, GPS(-43.520600, 172.583000, 0.000000, var=[-1.0, -1.0, -1.0])
22:05:22:678326, 3, 1, 1631786722.674578, 98, GPS(-43.520645, 172.582939, 21.445755, var=[1.0, 1.0, 1.0]), 49.00834884336925, GPS(-43.520600, 172.583000, 0.000000, var=[-1.0, -1.0, -1.0])
22:05:22:679206, 1, 1, 1631786722.6745458, 98, GPS(-43.520555, 172.582939, 21.449899, var=[1.0, 1.0, 1.0]), 49.022107861536114, GPS(-43.520600, 172.583000, 0.000000, var=[-1.0, -1.0, -1.0])
22:05:22:679963, 2, 1, 1631786722.6758943, 98, GPS(-43.520556, 172.583063, 21.434923, var=[1.0, 1.0, 1.0]), 49.02714735406505, GPS(-43.520600, 172.583000, 0.000000, var=[-1.0, -1.0, -1.0])
22:05:22:788107, 1, 1, 1631786722.783686, 99, GPS(-43.520555, 172.582939, 21.451899, var=[1.0, 1.0, 1.0]), 49.03925368526772, GPS(-43.520600, 172.583000, 0.000000, var=[-1.0, -1.0, -1.0])
22:05:22:790487, 2, 1, 1631786722.7836704, 99, GPS(-43.520556, 172.583063, 21.434923, var=[1.0, 1.0, 1.0]), 49.04172154502352, GPS(-43.520600, 172.583000, 0.000000, var=[-1.0, -1.0, -1.0])
22:05:22:793476, 3, 1, 1631786722.7837057, 99, GPS(-43.520645, 172.582939, 21.446755, var=[1.0, 1.0, 1.0]), 49.02630312466732, GPS(-43.520600, 172.583000, 0.000000, var=[-1.0, -1.0, -1.0])
22:05:22:795846, 4, 1, 1631786722.7836783, 99, GPS(-43.520646, 172.583064, 21.447779, var=[1.0, 1.0, 1.0]), 49.118500860023524, GPS(-43.520600, 172.583000, 0.000000, var=[-1.0, -1.0, -1.0])
22:05:23:786636, 3, 1, 1631786723.7837834, 100, GPS(-43.520645, 172.582939, 21.452755, var=[1.0, 1.0, 1.0]), 49.03795491776164, GPS(-43.520600, 172.583000, 0.000000, var=[-1.0, -1.0, -1.0])
22:05:23:787446, 2, 1, 1631786723.7850912, 100, GPS(-43.520556, 172.583063, 21.427923, var=[1.0, 1.0, 1.0]), 49.031884649670616, GPS(-43.520600, 172.583000, 0.000000, var=[-1.0, -1.0, -1.0])
22:05:23:788211, 4, 1, 1631786723.7843735, 100, GPS(-43.520646, 172.583064, 21.441779, var=[1.0, 1.0, 1.0]), 49.110192789721964, GPS(-43.520600, 172.583000, 0.000000, var=[-1.0, -1.0, -1.0])
22:05:23:788972, 1, 1, 1631786723.7844644, 100, GPS(-43.520555, 172.582939, 21.454898, var=[1.0, 1.0, 1.0]), 49.03999293081711, GPS(-43.520600, 172.583000, 0.000000, var=[-1.0, -1.0, -1.0])
22:05:23:901293, 3, 1, 1631786723.8982172, 101, GPS(-43.520645, 172.582939, 21.452755, var=[1.0, 1.0, 1.0]), 49.03200855240166, GPS(-43.520600, 172.583000, 0.000000, var=[-1.0, -1.0, -1.0])
22:05:23:903969, 4, 1, 1631786723.8982112, 101, GPS(-43.520646, 172.583064, 21.442779, var=[1.0, 1.0, 1.0]), 49.10519349885804, GPS(-43.520600, 172.583000, 0.000000, var=[-1.0, -1.0, -1.0])
22:05:23:906079, 1, 1, 1631786723.8982139, 101, GPS(-43.520555, 172.582939, 21.454898, var=[1.0, 1.0, 1.0]), 49.03404656545713, GPS(-43.520600, 172.583000, 0.000000, var=[-1.0, -1.0, -1.0])
22:05:23:907600, 2, 1, 1631786723.898195, 101, GPS(-43.520556, 172.583063, 21.427923, var=[1.0, 1.0, 1.0]), 49.02593828431064, GPS(-43.520600, 172.583000, 0.000000, var=[-1.0, -1.0, -1.0])
22:05:24:901996, 1, 1, 1631786724.8993993, 102, GPS(-43.520555, 172.582939, 21.436898, var=[1.0, 1.0, 1.0]), 49.01072271463351, GPS(-43.520600, 172.583000, 0.000000, var=[-1.0, -1.0, -1.0])
22:05:24:903179, 3, 1, 1631786724.8994417, 102, GPS(-43.520645, 172.582939, 21.444755, var=[1.0, 1.0, 1.0]), 49.02662364862042, GPS(-43.520600, 172.583000, 0.000000, var=[-1.0, -1.0, -1.0])
22:05:24:904126, 4, 1, 1631786724.900041, 102, GPS(-43.520646, 172.583064, 21.416779, var=[1.0, 1.0, 1.0]), 49.072384832647785, GPS(-43.520600, 172.583000, 0.000000, var=[-1.0, -1.0, -1.0])
22:05:24:904772, 2, 1, 1631786724.9001052, 102, GPS(-43.520556, 172.583063, 21.406923, var=[1.0, 1.0, 1.0]), 49.00642177809897, GPS(-43.520600, 172.583000, 0.000000, var=[-1.0, -1.0, -1.0])
22:05:25:012825, 4, 1, 1631786725.009919, 103, GPS(-43.520646, 172.583064, 21.414779, var=[1.0, 1.0, 1.0]), 49.05643698577805, GPS(-43.520600, 172.583000, 0.000000, var=[-1.0, -1.0, -1.0])
22:05:25:013659, 2, 1, 1631786725.0100071, 103, GPS(-43.520556, 172.583063, 21.405923, var=[1.0, 1.0, 1.0]), 48.99141880734615, GPS(-43.520600, 172.583000, 0.000000, var=[-1.0, -1.0, -1.0])
22:05:25:014739, 3, 1, 1631786725.0099185, 103, GPS(-43.520645, 172.582939, 21.441755, var=[1.0, 1.0, 1.0]), 49.009719112252206, GPS(-43.520600, 172.583000, 0.000000, var=[-1.0, -1.0, -1.0])
22:05:25:015432, 1, 1, 1631786725.0099092, 103, GPS(-43.520555, 172.582939, 21.437898, var=[1.0, 1.0, 1.0]), 48.997619995370314, GPS(-43.520600, 172.583000, 0.000000, var=[-1.0, -1.0, -1.0])
22:05:26:014607, 2, 1, 1631786726.01004, 104, GPS(-43.520556, 172.583063, 21.402923, var=[1.0, 1.0, 1.0]), 48.98639194832061, GPS(-43.520600, 172.583000, 0.000000, var=[-1.0, -1.0, -1.0])
22:05:26:016372, 3, 1, 1631786726.0115016, 104, GPS(-43.520645, 172.582939, 21.434755, var=[1.0, 1.0, 1.0]), 48.99801448302949, GPS(-43.520600, 172.583000, 0.000000, var=[-1.0, -1.0, -1.0])
22:05:26:017715, 4, 1, 1631786726.0115921, 104, GPS(-43.520646, 172.583064, 21.414780, var=[1.0, 1.0, 1.0]), 49.045591606683644, GPS(-43.520600, 172.583000, 0.000000, var=[-1.0, -1.0, -1.0])
22:05:26:019881, 1, 1, 1631786726.0120177, 104, GPS(-43.520555, 172.582939, 21.435898, var=[1.0, 1.0, 1.0]), 48.99348496426835, GPS(-43.520600, 172.583000, 0.000000, var=[-1.0, -1.0, -1.0])
22:05:27:014280, 2, 1, 1631786727.0104542, 105, GPS(-43.520556, 172.583063, 21.395923, var=[1.0, 1.0, 1.0]), 48.96206139815919, GPS(-43.520600, 172.583000, 0.000000, var=[-1.0, -1.0, -1.0])
22:05:27:016049, 4, 1, 1631786727.0120609, 105, GPS(-43.520646, 172.583064, 21.400780, var=[1.0, 1.0, 1.0]), 49.017600035858266, GPS(-43.520600, 172.583000, 0.000000, var=[-1.0, -1.0, -1.0])
22:05:27:017355, 3, 1, 1631786727.0125444, 105, GPS(-43.520645, 172.582939, 21.432755, var=[1.0, 1.0, 1.0]), 48.981354442395144, GPS(-43.520600, 172.583000, 0.000000, var=[-1.0, -1.0, -1.0])
22:05:27:018601, 1, 1, 1631786727.0135438, 105, GPS(-43.520555, 172.582939, 21.426898, var=[1.0, 1.0, 1.0]), 48.975789212597505, GPS(-43.520600, 172.583000, 0.000000, var=[-1.0, -1.0, -1.0])
22:05:28:013353, 2, 1, 1631786728.0106578, 106, GPS(-43.520556, 172.583063, 21.389924, var=[1.0, 1.0, 1.0]), 48.94724411985785, GPS(-43.520600, 172.583000, 0.000000, var=[-1.0, -1.0, -1.0])
22:05:28:014614, 4, 1, 1631786728.0125778, 106, GPS(-43.520646, 172.583064, 21.407780, var=[1.0, 1.0, 1.0]), 49.01274193552294, GPS(-43.520600, 172.583000, 0.000000, var=[-1.0, -1.0, -1.0])
22:05:28:017281, 3, 1, 1631786728.0145907, 106, GPS(-43.520645, 172.582939, 21.422755, var=[1.0, 1.0, 1.0]), 48.95539687261382, GPS(-43.520600, 172.583000, 0.000000, var=[-1.0, -1.0, -1.0])
22:05:28:018060, 1, 1, 1631786728.014716, 106, GPS(-43.520555, 172.582939, 21.423899, var=[1.0, 1.0, 1.0]), 48.9614097991434, GPS(-43.520600, 172.583000, 0.000000, var=[-1.0, -1.0, -1.0])
22:05:29:015958, 2, 1, 1631786729.0124826, 107, GPS(-43.520555, 172.583063, 21.401924, var=[1.0, 1.0, 1.0]), 48.95890112405403, GPS(-43.520600, 172.583000, 0.000000, var=[-1.0, -1.0, -1.0])
22:05:29:017535, 4, 1, 1631786729.0126061, 107, GPS(-43.520646, 172.583064, 21.417779, var=[1.0, 1.0, 1.0]), 49.022565232247715, GPS(-43.520600, 172.583000, 0.000000, var=[-1.0, -1.0, -1.0])
22:05:29:018630, 3, 1, 1631786729.01467, 107, GPS(-43.520645, 172.582939, 21.421755, var=[1.0, 1.0, 1.0]), 48.94800012491661, GPS(-43.520600, 172.583000, 0.000000, var=[-1.0, -1.0, -1.0])
22:05:29:019665, 1, 1, 1631786729.015064, 107, GPS(-43.520555, 172.582939, 21.419898, var=[1.0, 1.0, 1.0]), 48.952915327396774, GPS(-43.520600, 172.583000, 0.000000, var=[-1.0, -1.0, -1.0])
22:05:30:229333, 4, 1, 1631786730.2167559, 108, GPS(-43.520646, 172.583064, 21.417779, var=[1.0, 1.0, 1.0]), 49.0276591780551, GPS(-43.520600, 172.583000, 0.000000, var=[-1.0, -1.0, -1.0])
STOP: 09/16/2021 22:05:30:229791
