START: 09/21/2021 12:07:15:617762
TIME,            STATES_LIST;          TARGET_FILT_CART;          TARGET_FILT_GPS;          TARGET_REAL_GPS;          TX_FILT_CART;          TX_FILT_GPS;          TX_REAL_GPS;          MULTILATERATION_ERROR;          MODE;          
12:07:34:127720; [1, 1, 1, 1]4; None; GPS(-43.522192, 172.577427, 20.000000, var=[-1.0, -1.0, -1.0]); GPS(-43.522192, 172.577428, 20.000000, var=[-1.0, -1.0, -1.0]); None; GPS(-43.522192, 172.577427, 35.000000, var=[-1.0, -1.0, -1.0]); GPS(-43.522192, 172.577427, 46.454102, var=[-1, -1, -1]); 0.1343804957413643; OFFBOARD
12:07:39:654466; [1, 2, 2, 2]4; None; GPS(-43.522192, 172.577427, 20.000000, var=[-1.0, -1.0, -1.0]); GPS(-43.522192, 172.577428, 20.000000, var=[-1.0, -1.0, -1.0]); None; GPS(-43.522192, 172.577427, 35.000000, var=[-1.0, -1.0, -1.0]); GPS(-43.522192, 172.577427, 46.504102, var=[-1, -1, -1]); 0.1343804957413643; OFFBOARD
12:07:40:237780; [1, 3, 3, 3]4; None; GPS(-43.522192, 172.577427, 20.000000, var=[-1.0, -1.0, -1.0]); GPS(-43.522192, 172.577428, 20.000000, var=[-1.0, -1.0, -1.0]); None; GPS(-43.522192, 172.577427, 35.000000, var=[-1.0, -1.0, -1.0]); GPS(-43.522192, 172.577427, 46.493102, var=[-1, -1, -1]); 0.1343804957413643; OFFBOARD
12:07:49:637478; [1, 3, 3, 3]4; None; GPS(-43.522192, 172.577427, 20.000000, var=[-1.0, -1.0, -1.0]); GPS(-43.522192, 172.577428, 20.000000, var=[-1.0, -1.0, -1.0]); None; GPS(-43.522192, 172.577427, 35.000000, var=[-1.0, -1.0, -1.0]); GPS(-43.522192, 172.577427, 46.399103, var=[-1, -1, -1]); 0.1343804957413643; OFFBOARD
12:07:50:626070; [1, 3, 3, 3]4; None; GPS(-43.522192, 172.577427, 20.000000, var=[-1.0, -1.0, -1.0]); GPS(-43.522192, 172.577428, 20.000000, var=[-1.0, -1.0, -1.0]); None; GPS(-43.522192, 172.577427, 35.000000, var=[-1.0, -1.0, -1.0]); GPS(-43.522192, 172.577427, 46.408103, var=[-1, -1, -1]); 0.1343804957413643; OFFBOARD
12:07:51:683027; [1, 3, 3, 3]4; None; GPS(-43.522192, 172.577427, 20.000000, var=[-1.0, -1.0, -1.0]); GPS(-43.522192, 172.577428, 20.000000, var=[-1.0, -1.0, -1.0]); None; GPS(-43.522192, 172.577427, 35.000000, var=[-1.0, -1.0, -1.0]); GPS(-43.522191, 172.577427, 46.416103, var=[-1, -1, -1]); 0.1343804957413643; OFFBOARD
12:07:54:188576; [2, 3, 3, 3]4; None; GPS(-43.522192, 172.577427, 20.000000, var=[-1.0, -1.0, -1.0]); GPS(-43.522193, 172.577430, 20.000000, var=[-1.0, -1.0, -1.0]); None; GPS(-43.522192, 172.577427, 35.000000, var=[-1.0, -1.0, -1.0]); GPS(-43.522191, 172.577426, 46.432103, var=[-1, -1, -1]); 0.32646252304640233; OFFBOARD
12:09:06:254501; [3, 3, 3, 3]4; None; GPS(-43.522192, 172.577427, 20.000000, var=[-1.0, -1.0, -1.0]); GPS(-43.522193, 172.577432, 20.000000, var=[-1.0, -1.0, -1.0]); None; GPS(-43.522192, 172.577427, 35.000000, var=[-1.0, -1.0, -1.0]); GPS(-43.522191, 172.577426, 46.412103, var=[-1, -1, -1]); 0.44369850646351966; OFFBOARD
12:09:06:495209; [3, 3, 3, 3]4; None; GPS(-43.522192, 172.577427, 20.000000, var=[-1.0, -1.0, -1.0]); GPS(-43.522193, 172.577432, 20.000000, var=[-1.0, -1.0, -1.0]); None; GPS(-43.522192, 172.577427, 35.000000, var=[-1.0, -1.0, -1.0]); GPS(-43.522191, 172.577426, 46.410103, var=[-1, -1, -1]); 0.44369850646351966; OFFBOARD
12:09:06:501856; [3, 3, 3, 3]4; None; GPS(-43.522192, 172.577427, 20.000000, var=[-1.0, -1.0, -1.0]); GPS(-43.522193, 172.577432, 20.000000, var=[-1.0, -1.0, -1.0]); None; GPS(-43.522192, 172.577427, 35.000000, var=[-1.0, -1.0, -1.0]); GPS(-43.522191, 172.577426, 46.410103, var=[-1, -1, -1]); 0.44369850646351966; OFFBOARD
12:09:06:503866; [3, 3, 3, 3]4; None; GPS(-43.522192, 172.577427, 20.000000, var=[-1.0, -1.0, -1.0]); GPS(-43.522193, 172.577432, 20.000000, var=[-1.0, -1.0, -1.0]); None; GPS(-43.522192, 172.577427, 35.000000, var=[-1.0, -1.0, -1.0]); GPS(-43.522191, 172.577426, 46.410103, var=[-1, -1, -1]); 0.44369850646351966; OFFBOARD
12:09:06:507644; [3, 3, 3, 3]4; None; GPS(-43.522192, 172.577427, 20.000000, var=[-1.0, -1.0, -1.0]); GPS(-43.522193, 172.577432, 20.000000, var=[-1.0, -1.0, -1.0]); None; GPS(-43.522192, 172.577427, 35.000000, var=[-1.0, -1.0, -1.0]); GPS(-43.522191, 172.577426, 46.410103, var=[-1, -1, -1]); 0.44369850646351966; OFFBOARD
12:09:06:510786; [3, 4, 3, 3]4; None; GPS(-43.522192, 172.577427, 20.000000, var=[-1.0, -1.0, -1.0]); GPS(-43.522193, 172.577432, 20.000000, var=[-1.0, -1.0, -1.0]); None; GPS(-43.522192, 172.577427, 35.000000, var=[-1.0, -1.0, -1.0]); GPS(-43.522191, 172.577426, 46.410103, var=[-1, -1, -1]); 0.44369850646351966; OFFBOARD
12:09:06:514995; [3, 4, 4, 4]4; None; GPS(-43.522192, 172.577427, 20.000000, var=[-1.0, -1.0, -1.0]); GPS(-43.522193, 172.577432, 20.000000, var=[-1.0, -1.0, -1.0]); None; GPS(-43.522192, 172.577427, 35.000000, var=[-1.0, -1.0, -1.0]); GPS(-43.522191, 172.577426, 46.410103, var=[-1, -1, -1]); 0.44369850646351966; OFFBOARD
12:09:06:516521; [3, 4, 4, 4]4; None; GPS(-43.522192, 172.577427, 20.000000, var=[-1.0, -1.0, -1.0]); GPS(-43.522193, 172.577432, 20.000000, var=[-1.0, -1.0, -1.0]); None; GPS(-43.522192, 172.577427, 35.000000, var=[-1.0, -1.0, -1.0]); GPS(-43.522191, 172.577426, 46.410103, var=[-1, -1, -1]); 0.44369850646351966; OFFBOARD
12:09:06:519553; [3, 4, 4, 4]4; None; GPS(-43.522192, 172.577427, 20.000000, var=[-1.0, -1.0, -1.0]); GPS(-43.522193, 172.577432, 20.000000, var=[-1.0, -1.0, -1.0]); None; GPS(-43.522192, 172.577427, 35.000000, var=[-1.0, -1.0, -1.0]); GPS(-43.522191, 172.577426, 46.410103, var=[-1, -1, -1]); 0.44369850646351966; OFFBOARD
12:09:06:523161; [3, 4, 4, 4]4; None; GPS(-43.522192, 172.577427, 20.000000, var=[-1.0, -1.0, -1.0]); GPS(-43.522193, 172.577432, 20.000000, var=[-1.0, -1.0, -1.0]); None; GPS(-43.522192, 172.577427, 35.000000, var=[-1.0, -1.0, -1.0]); GPS(-43.522191, 172.577426, 46.410103, var=[-1, -1, -1]); 0.44369850646351966; OFFBOARD
12:09:06:525709; [3, 4, 4, 4]4; None; GPS(-43.522192, 172.577427, 20.000000, var=[-1.0, -1.0, -1.0]); GPS(-43.522193, 172.577432, 20.000000, var=[-1.0, -1.0, -1.0]); None; GPS(-43.522192, 172.577427, 35.000000, var=[-1.0, -1.0, -1.0]); GPS(-43.522191, 172.577426, 46.410103, var=[-1, -1, -1]); 0.44369850646351966; OFFBOARD
12:09:06:530559; [3, 4, 4, 4]4; None; GPS(-43.522192, 172.577427, 20.000000, var=[-1.0, -1.0, -1.0]); GPS(-43.522193, 172.577432, 20.000000, var=[-1.0, -1.0, -1.0]); None; GPS(-43.522192, 172.577427, 35.000000, var=[-1.0, -1.0, -1.0]); GPS(-43.522191, 172.577426, 46.410103, var=[-1, -1, -1]); 0.44369850646351966; OFFBOARD
12:09:06:532890; [3, 4, 4, 4]4; None; GPS(-43.522192, 172.577427, 20.000000, var=[-1.0, -1.0, -1.0]); GPS(-43.522193, 172.577432, 20.000000, var=[-1.0, -1.0, -1.0]); None; GPS(-43.522192, 172.577427, 35.000000, var=[-1.0, -1.0, -1.0]); GPS(-43.522191, 172.577426, 46.410103, var=[-1, -1, -1]); 0.44369850646351966; OFFBOARD
12:09:06:534357; [3, 4, 4, 4]4; None; GPS(-43.522192, 172.577427, 20.000000, var=[-1.0, -1.0, -1.0]); GPS(-43.522193, 172.577432, 20.000000, var=[-1.0, -1.0, -1.0]); None; GPS(-43.522192, 172.577427, 35.000000, var=[-1.0, -1.0, -1.0]); GPS(-43.522191, 172.577426, 46.410103, var=[-1, -1, -1]); 0.44369850646351966; OFFBOARD
12:09:06:534958; [3, 4, 4, 4]4; None; GPS(-43.522192, 172.577427, 20.000000, var=[-1.0, -1.0, -1.0]); GPS(-43.522193, 172.577432, 20.000000, var=[-1.0, -1.0, -1.0]); None; GPS(-43.522192, 172.577427, 35.000000, var=[-1.0, -1.0, -1.0]); GPS(-43.522191, 172.577426, 46.410103, var=[-1, -1, -1]); 0.44369850646351966; OFFBOARD
12:09:06:536427; [3, 4, 4, 4]4; None; GPS(-43.522192, 172.577427, 20.000000, var=[-1.0, -1.0, -1.0]); GPS(-43.522193, 172.577432, 20.000000, var=[-1.0, -1.0, -1.0]); None; GPS(-43.522192, 172.577427, 35.000000, var=[-1.0, -1.0, -1.0]); GPS(-43.522191, 172.577426, 46.410103, var=[-1, -1, -1]); 0.44369850646351966; OFFBOARD
12:09:06:538958; [3, 4, 4, 4]4; None; GPS(-43.522192, 172.577427, 20.000000, var=[-1.0, -1.0, -1.0]); GPS(-43.522193, 172.577432, 20.000000, var=[-1.0, -1.0, -1.0]); None; GPS(-43.522192, 172.577427, 35.000000, var=[-1.0, -1.0, -1.0]); GPS(-43.522191, 172.577426, 46.410103, var=[-1, -1, -1]); 0.44369850646351966; OFFBOARD
12:09:06:541624; [3, 4, 4, 4]4; None; GPS(-43.522192, 172.577427, 20.000000, var=[-1.0, -1.0, -1.0]); GPS(-43.522193, 172.577432, 20.000000, var=[-1.0, -1.0, -1.0]); None; GPS(-43.522192, 172.577427, 35.000000, var=[-1.0, -1.0, -1.0]); GPS(-43.522191, 172.577426, 46.410103, var=[-1, -1, -1]); 0.44369850646351966; OFFBOARD
12:09:06:543780; [3, 4, 4, 4]4; None; GPS(-43.522192, 172.577427, 20.000000, var=[-1.0, -1.0, -1.0]); GPS(-43.522193, 172.577432, 20.000000, var=[-1.0, -1.0, -1.0]); None; GPS(-43.522192, 172.577427, 35.000000, var=[-1.0, -1.0, -1.0]); GPS(-43.522191, 172.577426, 46.410103, var=[-1, -1, -1]); 0.44369850646351966; OFFBOARD
12:09:06:544435; [3, 4, 4, 4]4; None; GPS(-43.522192, 172.577427, 20.000000, var=[-1.0, -1.0, -1.0]); GPS(-43.522193, 172.577432, 20.000000, var=[-1.0, -1.0, -1.0]); None; GPS(-43.522192, 172.577427, 35.000000, var=[-1.0, -1.0, -1.0]); GPS(-43.522191, 172.577426, 46.410103, var=[-1, -1, -1]); 0.44369850646351966; OFFBOARD
12:09:06:545004; [3, 4, 4, 4]4; None; GPS(-43.522192, 172.577427, 20.000000, var=[-1.0, -1.0, -1.0]); GPS(-43.522193, 172.577432, 20.000000, var=[-1.0, -1.0, -1.0]); None; GPS(-43.522192, 172.577427, 35.000000, var=[-1.0, -1.0, -1.0]); GPS(-43.522191, 172.577426, 46.410103, var=[-1, -1, -1]); 0.44369850646351966; OFFBOARD
12:09:06:545378; [3, 4, 4, 4]4; None; GPS(-43.522192, 172.577427, 20.000000, var=[-1.0, -1.0, -1.0]); GPS(-43.522193, 172.577432, 20.000000, var=[-1.0, -1.0, -1.0]); None; GPS(-43.522192, 172.577427, 35.000000, var=[-1.0, -1.0, -1.0]); GPS(-43.522191, 172.577426, 46.410103, var=[-1, -1, -1]); 0.44369850646351966; OFFBOARD
12:09:06:545678; [3, 4, 4, 4]4; None; GPS(-43.522192, 172.577427, 20.000000, var=[-1.0, -1.0, -1.0]); GPS(-43.522193, 172.577432, 20.000000, var=[-1.0, -1.0, -1.0]); None; GPS(-43.522192, 172.577427, 35.000000, var=[-1.0, -1.0, -1.0]); GPS(-43.522191, 172.577426, 46.410103, var=[-1, -1, -1]); 0.44369850646351966; OFFBOARD
12:09:06:545951; [3, 4, 4, 4]4; None; GPS(-43.522192, 172.577427, 20.000000, var=[-1.0, -1.0, -1.0]); GPS(-43.522193, 172.577432, 20.000000, var=[-1.0, -1.0, -1.0]); None; GPS(-43.522192, 172.577427, 35.000000, var=[-1.0, -1.0, -1.0]); GPS(-43.522191, 172.577426, 46.410103, var=[-1, -1, -1]); 0.44369850646351966; OFFBOARD
12:09:06:546222; [3, 4, 4, 4]4; None; GPS(-43.522192, 172.577427, 20.000000, var=[-1.0, -1.0, -1.0]); GPS(-43.522193, 172.577432, 20.000000, var=[-1.0, -1.0, -1.0]); None; GPS(-43.522192, 172.577427, 35.000000, var=[-1.0, -1.0, -1.0]); GPS(-43.522191, 172.577426, 46.410103, var=[-1, -1, -1]); 0.44369850646351966; OFFBOARD
12:09:06:546485; [3, 4, 4, 4]4; None; GPS(-43.522192, 172.577427, 20.000000, var=[-1.0, -1.0, -1.0]); GPS(-43.522193, 172.577432, 20.000000, var=[-1.0, -1.0, -1.0]); None; GPS(-43.522192, 172.577427, 35.000000, var=[-1.0, -1.0, -1.0]); GPS(-43.522191, 172.577426, 46.410103, var=[-1, -1, -1]); 0.44369850646351966; OFFBOARD
12:09:06:547110; [3, 4, 4, 4]4; None; GPS(-43.522192, 172.577427, 20.000000, var=[-1.0, -1.0, -1.0]); GPS(-43.522193, 172.577432, 20.000000, var=[-1.0, -1.0, -1.0]); None; GPS(-43.522192, 172.577427, 35.000000, var=[-1.0, -1.0, -1.0]); GPS(-43.522191, 172.577426, 46.410103, var=[-1, -1, -1]); 0.44369850646351966; OFFBOARD
12:09:06:548841; [3, 4, 4, 4]4; None; GPS(-43.522192, 172.577427, 20.000000, var=[-1.0, -1.0, -1.0]); GPS(-43.522193, 172.577432, 20.000000, var=[-1.0, -1.0, -1.0]); None; GPS(-43.522192, 172.577427, 35.000000, var=[-1.0, -1.0, -1.0]); GPS(-43.522191, 172.577426, 46.410103, var=[-1, -1, -1]); 0.44369850646351966; OFFBOARD
12:09:06:549316; [3, 4, 4, 4]4; None; GPS(-43.522192, 172.577427, 20.000000, var=[-1.0, -1.0, -1.0]); GPS(-43.522193, 172.577432, 20.000000, var=[-1.0, -1.0, -1.0]); None; GPS(-43.522192, 172.577427, 35.000000, var=[-1.0, -1.0, -1.0]); GPS(-43.522191, 172.577426, 46.410103, var=[-1, -1, -1]); 0.44369850646351966; OFFBOARD
12:09:06:549726; [3, 4, 4, 4]4; None; GPS(-43.522192, 172.577427, 20.000000, var=[-1.0, -1.0, -1.0]); GPS(-43.522193, 172.577432, 20.000000, var=[-1.0, -1.0, -1.0]); None; GPS(-43.522192, 172.577427, 35.000000, var=[-1.0, -1.0, -1.0]); GPS(-43.522191, 172.577426, 46.410103, var=[-1, -1, -1]); 0.44369850646351966; OFFBOARD
12:09:06:550137; [3, 4, 4, 4]4; None; GPS(-43.522192, 172.577427, 20.000000, var=[-1.0, -1.0, -1.0]); GPS(-43.522193, 172.577432, 20.000000, var=[-1.0, -1.0, -1.0]); None; GPS(-43.522192, 172.577427, 35.000000, var=[-1.0, -1.0, -1.0]); GPS(-43.522191, 172.577426, 46.410103, var=[-1, -1, -1]); 0.44369850646351966; OFFBOARD
12:09:06:550528; [3, 4, 4, 4]4; None; GPS(-43.522192, 172.577427, 20.000000, var=[-1.0, -1.0, -1.0]); GPS(-43.522193, 172.577432, 20.000000, var=[-1.0, -1.0, -1.0]); None; GPS(-43.522192, 172.577427, 35.000000, var=[-1.0, -1.0, -1.0]); GPS(-43.522191, 172.577426, 46.410103, var=[-1, -1, -1]); 0.44369850646351966; OFFBOARD
12:09:06:551032; [3, 4, 4, 4]4; None; GPS(-43.522192, 172.577427, 20.000000, var=[-1.0, -1.0, -1.0]); GPS(-43.522193, 172.577432, 20.000000, var=[-1.0, -1.0, -1.0]); None; GPS(-43.522192, 172.577427, 35.000000, var=[-1.0, -1.0, -1.0]); GPS(-43.522191, 172.577426, 46.410103, var=[-1, -1, -1]); 0.44369850646351966; OFFBOARD
12:09:06:551437; [3, 4, 4, 4]4; None; GPS(-43.522192, 172.577427, 20.000000, var=[-1.0, -1.0, -1.0]); GPS(-43.522193, 172.577432, 20.000000, var=[-1.0, -1.0, -1.0]); None; GPS(-43.522192, 172.577427, 35.000000, var=[-1.0, -1.0, -1.0]); GPS(-43.522191, 172.577426, 46.410103, var=[-1, -1, -1]); 0.44369850646351966; OFFBOARD
12:09:06:551788; [3, 4, 4, 4]4; None; GPS(-43.522192, 172.577427, 20.000000, var=[-1.0, -1.0, -1.0]); GPS(-43.522193, 172.577432, 20.000000, var=[-1.0, -1.0, -1.0]); None; GPS(-43.522192, 172.577427, 35.000000, var=[-1.0, -1.0, -1.0]); GPS(-43.522191, 172.577426, 46.410103, var=[-1, -1, -1]); 0.44369850646351966; OFFBOARD
12:09:06:552299; [3, 4, 4, 4]4; None; GPS(-43.522192, 172.577427, 20.000000, var=[-1.0, -1.0, -1.0]); GPS(-43.522193, 172.577432, 20.000000, var=[-1.0, -1.0, -1.0]); None; GPS(-43.522192, 172.577427, 35.000000, var=[-1.0, -1.0, -1.0]); GPS(-43.522191, 172.577426, 46.410103, var=[-1, -1, -1]); 0.44369850646351966; OFFBOARD
12:09:06:553215; [3, 4, 4, 4]4; None; GPS(-43.522192, 172.577427, 20.000000, var=[-1.0, -1.0, -1.0]); GPS(-43.522193, 172.577432, 20.000000, var=[-1.0, -1.0, -1.0]); None; GPS(-43.522192, 172.577427, 35.000000, var=[-1.0, -1.0, -1.0]); GPS(-43.522191, 172.577426, 46.410103, var=[-1, -1, -1]); 0.44369850646351966; OFFBOARD
12:09:06:553683; [3, 4, 4, 4]4; None; GPS(-43.522192, 172.577427, 20.000000, var=[-1.0, -1.0, -1.0]); GPS(-43.522193, 172.577432, 20.000000, var=[-1.0, -1.0, -1.0]); None; GPS(-43.522192, 172.577427, 35.000000, var=[-1.0, -1.0, -1.0]); GPS(-43.522191, 172.577426, 46.410103, var=[-1, -1, -1]); 0.44369850646351966; OFFBOARD
12:09:06:554127; [3, 4, 4, 4]4; None; GPS(-43.522192, 172.577427, 20.000000, var=[-1.0, -1.0, -1.0]); GPS(-43.522193, 172.577432, 20.000000, var=[-1.0, -1.0, -1.0]); None; GPS(-43.522192, 172.577427, 35.000000, var=[-1.0, -1.0, -1.0]); GPS(-43.522191, 172.577426, 46.410103, var=[-1, -1, -1]); 0.44369850646351966; OFFBOARD
12:09:06:554602; [3, 4, 4, 4]4; None; GPS(-43.522192, 172.577427, 20.000000, var=[-1.0, -1.0, -1.0]); GPS(-43.522193, 172.577432, 20.000000, var=[-1.0, -1.0, -1.0]); None; GPS(-43.522192, 172.577427, 35.000000, var=[-1.0, -1.0, -1.0]); GPS(-43.522191, 172.577426, 46.410103, var=[-1, -1, -1]); 0.44369850646351966; OFFBOARD
12:09:06:554932; [3, 4, 4, 4]4; None; GPS(-43.522192, 172.577427, 20.000000, var=[-1.0, -1.0, -1.0]); GPS(-43.522193, 172.577432, 20.000000, var=[-1.0, -1.0, -1.0]); None; GPS(-43.522192, 172.577427, 35.000000, var=[-1.0, -1.0, -1.0]); GPS(-43.522191, 172.577426, 46.410103, var=[-1, -1, -1]); 0.44369850646351966; OFFBOARD
12:09:06:555249; [3, 4, 4, 4]4; None; GPS(-43.522192, 172.577427, 20.000000, var=[-1.0, -1.0, -1.0]); GPS(-43.522193, 172.577432, 20.000000, var=[-1.0, -1.0, -1.0]); None; GPS(-43.522192, 172.577427, 35.000000, var=[-1.0, -1.0, -1.0]); GPS(-43.522191, 172.577426, 46.410103, var=[-1, -1, -1]); 0.44369850646351966; OFFBOARD
12:09:06:555586; [3, 4, 4, 4]4; None; GPS(-43.522192, 172.577427, 20.000000, var=[-1.0, -1.0, -1.0]); GPS(-43.522193, 172.577432, 20.000000, var=[-1.0, -1.0, -1.0]); None; GPS(-43.522192, 172.577427, 35.000000, var=[-1.0, -1.0, -1.0]); GPS(-43.522191, 172.577426, 46.410103, var=[-1, -1, -1]); 0.44369850646351966; OFFBOARD
12:09:06:556209; [3, 4, 4, 4]4; None; GPS(-43.522192, 172.577427, 20.000000, var=[-1.0, -1.0, -1.0]); GPS(-43.522193, 172.577432, 20.000000, var=[-1.0, -1.0, -1.0]); None; GPS(-43.522192, 172.577427, 35.000000, var=[-1.0, -1.0, -1.0]); GPS(-43.522191, 172.577426, 46.410103, var=[-1, -1, -1]); 0.44369850646351966; OFFBOARD
12:09:06:556918; [3, 4, 4, 4]4; None; GPS(-43.522192, 172.577427, 20.000000, var=[-1.0, -1.0, -1.0]); GPS(-43.522193, 172.577432, 20.000000, var=[-1.0, -1.0, -1.0]); None; GPS(-43.522192, 172.577427, 35.000000, var=[-1.0, -1.0, -1.0]); GPS(-43.522191, 172.577426, 46.410103, var=[-1, -1, -1]); 0.44369850646351966; OFFBOARD
12:09:06:558209; [3, 4, 4, 4]4; None; GPS(-43.522192, 172.577427, 20.000000, var=[-1.0, -1.0, -1.0]); GPS(-43.522193, 172.577432, 20.000000, var=[-1.0, -1.0, -1.0]); None; GPS(-43.522192, 172.577427, 35.000000, var=[-1.0, -1.0, -1.0]); GPS(-43.522191, 172.577426, 46.410103, var=[-1, -1, -1]); 0.44369850646351966; OFFBOARD
12:09:06:558673; [3, 4, 4, 4]4; None; GPS(-43.522192, 172.577427, 20.000000, var=[-1.0, -1.0, -1.0]); GPS(-43.522193, 172.577432, 20.000000, var=[-1.0, -1.0, -1.0]); None; GPS(-43.522192, 172.577427, 35.000000, var=[-1.0, -1.0, -1.0]); GPS(-43.522191, 172.577426, 46.410103, var=[-1, -1, -1]); 0.44369850646351966; OFFBOARD
12:09:06:559230; [3, 4, 4, 4]4; None; GPS(-43.522192, 172.577427, 20.000000, var=[-1.0, -1.0, -1.0]); GPS(-43.522193, 172.577432, 20.000000, var=[-1.0, -1.0, -1.0]); None; GPS(-43.522192, 172.577427, 35.000000, var=[-1.0, -1.0, -1.0]); GPS(-43.522191, 172.577426, 46.410103, var=[-1, -1, -1]); 0.44369850646351966; OFFBOARD
12:09:06:559572; [3, 4, 4, 4]4; None; GPS(-43.522192, 172.577427, 20.000000, var=[-1.0, -1.0, -1.0]); GPS(-43.522193, 172.577432, 20.000000, var=[-1.0, -1.0, -1.0]); None; GPS(-43.522192, 172.577427, 35.000000, var=[-1.0, -1.0, -1.0]); GPS(-43.522191, 172.577426, 46.410103, var=[-1, -1, -1]); 0.44369850646351966; OFFBOARD
12:09:06:559808; [3, 4, 4, 4]4; None; GPS(-43.522192, 172.577427, 20.000000, var=[-1.0, -1.0, -1.0]); GPS(-43.522193, 172.577432, 20.000000, var=[-1.0, -1.0, -1.0]); None; GPS(-43.522192, 172.577427, 35.000000, var=[-1.0, -1.0, -1.0]); GPS(-43.522191, 172.577426, 46.410103, var=[-1, -1, -1]); 0.44369850646351966; OFFBOARD
12:09:06:560018; [3, 4, 4, 4]4; None; GPS(-43.522192, 172.577427, 20.000000, var=[-1.0, -1.0, -1.0]); GPS(-43.522193, 172.577432, 20.000000, var=[-1.0, -1.0, -1.0]); None; GPS(-43.522192, 172.577427, 35.000000, var=[-1.0, -1.0, -1.0]); GPS(-43.522191, 172.577426, 46.410103, var=[-1, -1, -1]); 0.44369850646351966; OFFBOARD
12:09:06:560215; [3, 4, 4, 4]4; None; GPS(-43.522192, 172.577427, 20.000000, var=[-1.0, -1.0, -1.0]); GPS(-43.522193, 172.577432, 20.000000, var=[-1.0, -1.0, -1.0]); None; GPS(-43.522192, 172.577427, 35.000000, var=[-1.0, -1.0, -1.0]); GPS(-43.522191, 172.577426, 46.410103, var=[-1, -1, -1]); 0.44369850646351966; OFFBOARD
12:09:06:560416; [3, 4, 4, 4]4; None; GPS(-43.522192, 172.577427, 20.000000, var=[-1.0, -1.0, -1.0]); GPS(-43.522193, 172.577432, 20.000000, var=[-1.0, -1.0, -1.0]); None; GPS(-43.522192, 172.577427, 35.000000, var=[-1.0, -1.0, -1.0]); GPS(-43.522191, 172.577426, 46.410103, var=[-1, -1, -1]); 0.44369850646351966; OFFBOARD
12:09:06:560616; [3, 4, 4, 4]4; None; GPS(-43.522192, 172.577427, 20.000000, var=[-1.0, -1.0, -1.0]); GPS(-43.522193, 172.577432, 20.000000, var=[-1.0, -1.0, -1.0]); None; GPS(-43.522192, 172.577427, 35.000000, var=[-1.0, -1.0, -1.0]); GPS(-43.522191, 172.577426, 46.410103, var=[-1, -1, -1]); 0.44369850646351966; OFFBOARD
12:09:06:560800; [3, 4, 4, 4]4; None; GPS(-43.522192, 172.577427, 20.000000, var=[-1.0, -1.0, -1.0]); GPS(-43.522193, 172.577432, 20.000000, var=[-1.0, -1.0, -1.0]); None; GPS(-43.522192, 172.577427, 35.000000, var=[-1.0, -1.0, -1.0]); GPS(-43.522191, 172.577426, 46.410103, var=[-1, -1, -1]); 0.44369850646351966; OFFBOARD
12:09:06:560996; [3, 4, 4, 4]4; None; GPS(-43.522192, 172.577427, 20.000000, var=[-1.0, -1.0, -1.0]); GPS(-43.522193, 172.577432, 20.000000, var=[-1.0, -1.0, -1.0]); None; GPS(-43.522192, 172.577427, 35.000000, var=[-1.0, -1.0, -1.0]); GPS(-43.522191, 172.577426, 46.410103, var=[-1, -1, -1]); 0.44369850646351966; OFFBOARD
12:09:06:561274; [3, 4, 4, 4]4; None; GPS(-43.522192, 172.577427, 20.000000, var=[-1.0, -1.0, -1.0]); GPS(-43.522193, 172.577432, 20.000000, var=[-1.0, -1.0, -1.0]); None; GPS(-43.522192, 172.577427, 35.000000, var=[-1.0, -1.0, -1.0]); GPS(-43.522191, 172.577426, 46.410103, var=[-1, -1, -1]); 0.44369850646351966; OFFBOARD
12:09:06:561507; [3, 4, 4, 4]4; None; GPS(-43.522192, 172.577427, 20.000000, var=[-1.0, -1.0, -1.0]); GPS(-43.522193, 172.577432, 20.000000, var=[-1.0, -1.0, -1.0]); None; GPS(-43.522192, 172.577427, 35.000000, var=[-1.0, -1.0, -1.0]); GPS(-43.522191, 172.577426, 46.410103, var=[-1, -1, -1]); 0.44369850646351966; OFFBOARD
12:09:06:561719; [3, 4, 4, 4]4; None; GPS(-43.522192, 172.577427, 20.000000, var=[-1.0, -1.0, -1.0]); GPS(-43.522193, 172.577432, 20.000000, var=[-1.0, -1.0, -1.0]); None; GPS(-43.522192, 172.577427, 35.000000, var=[-1.0, -1.0, -1.0]); GPS(-43.522191, 172.577426, 46.410103, var=[-1, -1, -1]); 0.44369850646351966; OFFBOARD
12:09:06:561916; [3, 4, 4, 4]4; None; GPS(-43.522192, 172.577427, 20.000000, var=[-1.0, -1.0, -1.0]); GPS(-43.522193, 172.577432, 20.000000, var=[-1.0, -1.0, -1.0]); None; GPS(-43.522192, 172.577427, 35.000000, var=[-1.0, -1.0, -1.0]); GPS(-43.522191, 172.577426, 46.410103, var=[-1, -1, -1]); 0.44369850646351966; OFFBOARD
12:09:06:562110; [3, 4, 4, 4]4; None; GPS(-43.522192, 172.577427, 20.000000, var=[-1.0, -1.0, -1.0]); GPS(-43.522193, 172.577432, 20.000000, var=[-1.0, -1.0, -1.0]); None; GPS(-43.522192, 172.577427, 35.000000, var=[-1.0, -1.0, -1.0]); GPS(-43.522191, 172.577426, 46.410103, var=[-1, -1, -1]); 0.44369850646351966; OFFBOARD
12:09:06:562326; [3, 4, 4, 4]4; None; GPS(-43.522192, 172.577427, 20.000000, var=[-1.0, -1.0, -1.0]); GPS(-43.522193, 172.577432, 20.000000, var=[-1.0, -1.0, -1.0]); None; GPS(-43.522192, 172.577427, 35.000000, var=[-1.0, -1.0, -1.0]); GPS(-43.522191, 172.577426, 46.410103, var=[-1, -1, -1]); 0.44369850646351966; OFFBOARD
12:09:06:562529; [3, 4, 4, 4]4; None; GPS(-43.522192, 172.577427, 20.000000, var=[-1.0, -1.0, -1.0]); GPS(-43.522193, 172.577432, 20.000000, var=[-1.0, -1.0, -1.0]); None; GPS(-43.522192, 172.577427, 35.000000, var=[-1.0, -1.0, -1.0]); GPS(-43.522191, 172.577426, 46.410103, var=[-1, -1, -1]); 0.44369850646351966; OFFBOARD
12:09:06:562840; [3, 4, 4, 4]4; None; GPS(-43.522192, 172.577427, 20.000000, var=[-1.0, -1.0, -1.0]); GPS(-43.522193, 172.577432, 20.000000, var=[-1.0, -1.0, -1.0]); None; GPS(-43.522192, 172.577427, 35.000000, var=[-1.0, -1.0, -1.0]); GPS(-43.522191, 172.577426, 46.410103, var=[-1, -1, -1]); 0.44369850646351966; OFFBOARD
12:09:06:564523; [3, 4, 4, 4]4; None; GPS(-43.522192, 172.577427, 20.000000, var=[-1.0, -1.0, -1.0]); GPS(-43.522193, 172.577432, 20.000000, var=[-1.0, -1.0, -1.0]); None; GPS(-43.522192, 172.577427, 35.000000, var=[-1.0, -1.0, -1.0]); GPS(-43.522191, 172.577426, 46.410103, var=[-1, -1, -1]); 0.44369850646351966; OFFBOARD
12:09:06:564999; [3, 4, 4, 4]4; None; GPS(-43.522192, 172.577427, 20.000000, var=[-1.0, -1.0, -1.0]); GPS(-43.522193, 172.577432, 20.000000, var=[-1.0, -1.0, -1.0]); None; GPS(-43.522192, 172.577427, 35.000000, var=[-1.0, -1.0, -1.0]); GPS(-43.522191, 172.577426, 46.410103, var=[-1, -1, -1]); 0.44369850646351966; OFFBOARD
12:09:06:565455; [3, 4, 4, 4]4; None; GPS(-43.522192, 172.577427, 20.000000, var=[-1.0, -1.0, -1.0]); GPS(-43.522193, 172.577432, 20.000000, var=[-1.0, -1.0, -1.0]); None; GPS(-43.522192, 172.577427, 35.000000, var=[-1.0, -1.0, -1.0]); GPS(-43.522191, 172.577426, 46.410103, var=[-1, -1, -1]); 0.44369850646351966; OFFBOARD
12:09:06:565783; [3, 4, 4, 4]4; None; GPS(-43.522192, 172.577427, 20.000000, var=[-1.0, -1.0, -1.0]); GPS(-43.522193, 172.577432, 20.000000, var=[-1.0, -1.0, -1.0]); None; GPS(-43.522192, 172.577427, 35.000000, var=[-1.0, -1.0, -1.0]); GPS(-43.522191, 172.577426, 46.410103, var=[-1, -1, -1]); 0.44369850646351966; OFFBOARD
12:09:06:566088; [3, 4, 4, 4]4; None; GPS(-43.522192, 172.577427, 20.000000, var=[-1.0, -1.0, -1.0]); GPS(-43.522193, 172.577432, 20.000000, var=[-1.0, -1.0, -1.0]); None; GPS(-43.522192, 172.577427, 35.000000, var=[-1.0, -1.0, -1.0]); GPS(-43.522191, 172.577426, 46.410103, var=[-1, -1, -1]); 0.44369850646351966; OFFBOARD
12:09:06:566389; [3, 4, 4, 4]4; None; GPS(-43.522192, 172.577427, 20.000000, var=[-1.0, -1.0, -1.0]); GPS(-43.522193, 172.577432, 20.000000, var=[-1.0, -1.0, -1.0]); None; GPS(-43.522192, 172.577427, 35.000000, var=[-1.0, -1.0, -1.0]); GPS(-43.522191, 172.577426, 46.410103, var=[-1, -1, -1]); 0.44369850646351966; OFFBOARD
12:09:06:566721; [3, 4, 4, 4]4; None; GPS(-43.522192, 172.577427, 20.000000, var=[-1.0, -1.0, -1.0]); GPS(-43.522193, 172.577432, 20.000000, var=[-1.0, -1.0, -1.0]); None; GPS(-43.522192, 172.577427, 35.000000, var=[-1.0, -1.0, -1.0]); GPS(-43.522191, 172.577426, 46.410103, var=[-1, -1, -1]); 0.44369850646351966; OFFBOARD
12:09:06:567019; [3, 4, 4, 4]4; None; GPS(-43.522192, 172.577427, 20.000000, var=[-1.0, -1.0, -1.0]); GPS(-43.522193, 172.577432, 20.000000, var=[-1.0, -1.0, -1.0]); None; GPS(-43.522192, 172.577427, 35.000000, var=[-1.0, -1.0, -1.0]); GPS(-43.522191, 172.577426, 46.410103, var=[-1, -1, -1]); 0.44369850646351966; OFFBOARD
12:09:06:567262; [3, 4, 4, 4]4; None; GPS(-43.522192, 172.577427, 20.000000, var=[-1.0, -1.0, -1.0]); GPS(-43.522193, 172.577432, 20.000000, var=[-1.0, -1.0, -1.0]); None; GPS(-43.522192, 172.577427, 35.000000, var=[-1.0, -1.0, -1.0]); GPS(-43.522191, 172.577426, 46.410103, var=[-1, -1, -1]); 0.44369850646351966; OFFBOARD
12:09:06:567602; [3, 4, 4, 4]4; None; GPS(-43.522192, 172.577427, 20.000000, var=[-1.0, -1.0, -1.0]); GPS(-43.522193, 172.577432, 20.000000, var=[-1.0, -1.0, -1.0]); None; GPS(-43.522192, 172.577427, 35.000000, var=[-1.0, -1.0, -1.0]); GPS(-43.522191, 172.577426, 46.410103, var=[-1, -1, -1]); 0.44369850646351966; OFFBOARD
12:09:06:570029; [3, 4, 4, 4]4; None; GPS(-43.522192, 172.577427, 20.000000, var=[-1.0, -1.0, -1.0]); GPS(-43.522193, 172.577432, 20.000000, var=[-1.0, -1.0, -1.0]); None; GPS(-43.522192, 172.577427, 35.000000, var=[-1.0, -1.0, -1.0]); GPS(-43.522191, 172.577426, 46.410103, var=[-1, -1, -1]); 0.44369850646351966; OFFBOARD
12:09:06:570446; [3, 4, 4, 4]4; None; GPS(-43.522192, 172.577427, 20.000000, var=[-1.0, -1.0, -1.0]); GPS(-43.522193, 172.577432, 20.000000, var=[-1.0, -1.0, -1.0]); None; GPS(-43.522192, 172.577427, 35.000000, var=[-1.0, -1.0, -1.0]); GPS(-43.522191, 172.577426, 46.410103, var=[-1, -1, -1]); 0.44369850646351966; OFFBOARD
12:09:06:570721; [3, 4, 4, 4]4; None; GPS(-43.522192, 172.577427, 20.000000, var=[-1.0, -1.0, -1.0]); GPS(-43.522193, 172.577432, 20.000000, var=[-1.0, -1.0, -1.0]); None; GPS(-43.522192, 172.577427, 35.000000, var=[-1.0, -1.0, -1.0]); GPS(-43.522191, 172.577426, 46.410103, var=[-1, -1, -1]); 0.44369850646351966; OFFBOARD
12:09:06:571022; [3, 4, 4, 4]4; None; GPS(-43.522192, 172.577427, 20.000000, var=[-1.0, -1.0, -1.0]); GPS(-43.522193, 172.577432, 20.000000, var=[-1.0, -1.0, -1.0]); None; GPS(-43.522192, 172.577427, 35.000000, var=[-1.0, -1.0, -1.0]); GPS(-43.522191, 172.577426, 46.410103, var=[-1, -1, -1]); 0.44369850646351966; OFFBOARD
12:09:06:571473; [3, 4, 4, 4]4; None; GPS(-43.522192, 172.577427, 20.000000, var=[-1.0, -1.0, -1.0]); GPS(-43.522193, 172.577432, 20.000000, var=[-1.0, -1.0, -1.0]); None; GPS(-43.522192, 172.577427, 35.000000, var=[-1.0, -1.0, -1.0]); GPS(-43.522191, 172.577426, 46.410103, var=[-1, -1, -1]); 0.44369850646351966; OFFBOARD
12:09:06:571826; [3, 4, 4, 4]4; None; GPS(-43.522192, 172.577427, 20.000000, var=[-1.0, -1.0, -1.0]); GPS(-43.522193, 172.577432, 20.000000, var=[-1.0, -1.0, -1.0]); None; GPS(-43.522192, 172.577427, 35.000000, var=[-1.0, -1.0, -1.0]); GPS(-43.522191, 172.577426, 46.410103, var=[-1, -1, -1]); 0.44369850646351966; OFFBOARD
12:09:06:572337; [3, 4, 4, 4]4; None; GPS(-43.522192, 172.577427, 20.000000, var=[-1.0, -1.0, -1.0]); GPS(-43.522193, 172.577432, 20.000000, var=[-1.0, -1.0, -1.0]); None; GPS(-43.522192, 172.577427, 35.000000, var=[-1.0, -1.0, -1.0]); GPS(-43.522191, 172.577426, 46.410103, var=[-1, -1, -1]); 0.44369850646351966; OFFBOARD
12:09:06:573039; [3, 4, 4, 4]4; None; GPS(-43.522192, 172.577427, 20.000000, var=[-1.0, -1.0, -1.0]); GPS(-43.522193, 172.577432, 20.000000, var=[-1.0, -1.0, -1.0]); None; GPS(-43.522192, 172.577427, 35.000000, var=[-1.0, -1.0, -1.0]); GPS(-43.522191, 172.577426, 46.410103, var=[-1, -1, -1]); 0.44369850646351966; OFFBOARD
12:09:06:573564; [3, 4, 4, 4]4; None; GPS(-43.522192, 172.577427, 20.000000, var=[-1.0, -1.0, -1.0]); GPS(-43.522193, 172.577432, 20.000000, var=[-1.0, -1.0, -1.0]); None; GPS(-43.522192, 172.577427, 35.000000, var=[-1.0, -1.0, -1.0]); GPS(-43.522191, 172.577426, 46.410103, var=[-1, -1, -1]); 0.44369850646351966; OFFBOARD
12:09:06:573857; [3, 4, 4, 4]4; None; GPS(-43.522192, 172.577427, 20.000000, var=[-1.0, -1.0, -1.0]); GPS(-43.522193, 172.577432, 20.000000, var=[-1.0, -1.0, -1.0]); None; GPS(-43.522192, 172.577427, 35.000000, var=[-1.0, -1.0, -1.0]); GPS(-43.522191, 172.577426, 46.410103, var=[-1, -1, -1]); 0.44369850646351966; OFFBOARD
12:09:06:574091; [3, 4, 4, 4]4; None; GPS(-43.522192, 172.577427, 20.000000, var=[-1.0, -1.0, -1.0]); GPS(-43.522193, 172.577432, 20.000000, var=[-1.0, -1.0, -1.0]); None; GPS(-43.522192, 172.577427, 35.000000, var=[-1.0, -1.0, -1.0]); GPS(-43.522191, 172.577426, 46.410103, var=[-1, -1, -1]); 0.44369850646351966; OFFBOARD
12:09:06:574290; [3, 4, 4, 4]4; None; GPS(-43.522192, 172.577427, 20.000000, var=[-1.0, -1.0, -1.0]); GPS(-43.522193, 172.577432, 20.000000, var=[-1.0, -1.0, -1.0]); None; GPS(-43.522192, 172.577427, 35.000000, var=[-1.0, -1.0, -1.0]); GPS(-43.522191, 172.577426, 46.410103, var=[-1, -1, -1]); 0.44369850646351966; OFFBOARD
12:09:07:101737; [3, 4, 4, 4]4; None; GPS(-43.522192, 172.577427, 20.000000, var=[-1.0, -1.0, -1.0]); GPS(-43.522193, 172.577432, 20.000000, var=[-1.0, -1.0, -1.0]); None; GPS(-43.522192, 172.577427, 35.000000, var=[-1.0, -1.0, -1.0]); GPS(-43.522191, 172.577426, 46.406103, var=[-1, -1, -1]); 0.44369850646351966; OFFBOARD
12:09:08:102256; [3, 4, 4, 4]4; None; GPS(-43.522192, 172.577427, 20.000000, var=[-1.0, -1.0, -1.0]); GPS(-43.522193, 172.577432, 20.000000, var=[-1.0, -1.0, -1.0]); None; GPS(-43.522192, 172.577427, 35.000000, var=[-1.0, -1.0, -1.0]); GPS(-43.522192, 172.577426, 46.392102, var=[-1, -1, -1]); 0.44369850646351966; OFFBOARD
12:09:09:097153; [4, 4, 4, 4]4; None; GPS(-43.522192, 172.577427, 20.000000, var=[-1.0, -1.0, -1.0]); GPS(-43.522193, 172.577432, 20.000000, var=[-1.0, -1.0, -1.0]); None; GPS(-43.522192, 172.577427, 35.000000, var=[-1.0, -1.0, -1.0]); GPS(-43.522192, 172.577426, 46.391103, var=[-1, -1, -1]); 0.44369850646351966; OFFBOARD
12:09:10:068230; [4, 4, 4, 4]5; None; GPS(-43.522192, 172.577427, 20.000000, var=[-1.0, -1.0, -1.0]); GPS(-43.522193, 172.577432, 20.000000, var=[-1.0, -1.0, -1.0]); None; GPS(-43.522192, 172.577427, 35.000000, var=[-1.0, -1.0, -1.0]); GPS(-43.522192, 172.577426, 46.393102, var=[-1, -1, -1]); 0.44369850646351966; OFFBOARD
12:09:11:066465; [5, 4, 4, 4]5; None; GPS(-43.522192, 172.577427, 20.000000, var=[-1.0, -1.0, -1.0]); GPS(-43.522193, 172.577432, 20.000000, var=[-1.0, -1.0, -1.0]); None; GPS(-43.522192, 172.577427, 35.000000, var=[-1.0, -1.0, -1.0]); GPS(-43.522192, 172.577426, 46.391102, var=[-1, -1, -1]); 0.44369850646351966; OFFBOARD
12:09:12:065630; [5, 4, 4, 4]5; None; GPS(-43.522192, 172.577427, 20.000000, var=[-1.0, -1.0, -1.0]); GPS(-43.522193, 172.577432, 20.000000, var=[-1.0, -1.0, -1.0]); None; GPS(-43.522192, 172.577427, 35.000000, var=[-1.0, -1.0, -1.0]); GPS(-43.522192, 172.577426, 46.398102, var=[-1, -1, -1]); 0.44369850646351966; OFFBOARD
12:09:13:065717; [5, 4, 4, 4]5; None; GPS(-43.522192, 172.577427, 20.000000, var=[-1.0, -1.0, -1.0]); GPS(-43.522193, 172.577432, 20.000000, var=[-1.0, -1.0, -1.0]); None; GPS(-43.522192, 172.577427, 35.000000, var=[-1.0, -1.0, -1.0]); GPS(-43.522192, 172.577426, 46.403103, var=[-1, -1, -1]); 0.44369850646351966; OFFBOARD
12:09:14:076432; [5, 4, 4, 4]5; None; GPS(-43.522192, 172.577427, 20.000000, var=[-1.0, -1.0, -1.0]); GPS(-43.522193, 172.577432, 20.000000, var=[-1.0, -1.0, -1.0]); None; GPS(-43.522192, 172.577427, 35.000000, var=[-1.0, -1.0, -1.0]); GPS(-43.522192, 172.577426, 46.414103, var=[-1, -1, -1]); 0.44369850646351966; OFFBOARD
12:09:15:064268; [5, 4, 4, 4]5; None; GPS(-43.522192, 172.577427, 20.000000, var=[-1.0, -1.0, -1.0]); GPS(-43.522193, 172.577432, 20.000000, var=[-1.0, -1.0, -1.0]); None; GPS(-43.522192, 172.577427, 35.000000, var=[-1.0, -1.0, -1.0]); GPS(-43.522192, 172.577426, 46.406102, var=[-1, -1, -1]); 0.44369850646351966; OFFBOARD
12:09:16:073937; [6, 4, 4, 4]5; None; GPS(-43.522192, 172.577427, 20.000000, var=[-1.0, -1.0, -1.0]); GPS(-43.522193, 172.577432, 20.000000, var=[-1.0, -1.0, -1.0]); None; GPS(-43.522192, 172.577427, 35.000000, var=[-1.0, -1.0, -1.0]); GPS(-43.522192, 172.577426, 46.403103, var=[-1, -1, -1]); 0.44369850646351966; OFFBOARD
12:09:17:079378; [6, 4, 4, 4]5; None; GPS(-43.522192, 172.577427, 20.000000, var=[-1.0, -1.0, -1.0]); GPS(-43.522193, 172.577432, 20.000000, var=[-1.0, -1.0, -1.0]); None; GPS(-43.522192, 172.577427, 35.000000, var=[-1.0, -1.0, -1.0]); GPS(-43.522191, 172.577426, 46.398103, var=[-1, -1, -1]); 0.44369850646351966; OFFBOARD
12:09:18:073036; [6, 4, 4, 4]5; None; GPS(-43.522192, 172.577427, 20.000000, var=[-1.0, -1.0, -1.0]); GPS(-43.522193, 172.577432, 20.000000, var=[-1.0, -1.0, -1.0]); None; GPS(-43.522192, 172.577427, 35.000000, var=[-1.0, -1.0, -1.0]); GPS(-43.522191, 172.577426, 46.392103, var=[-1, -1, -1]); 0.44369850646351966; OFFBOARD
12:09:19:071112; [6, 4, 4, 4]5; None; GPS(-43.522192, 172.577427, 20.000000, var=[-1.0, -1.0, -1.0]); GPS(-43.522193, 172.577432, 20.000000, var=[-1.0, -1.0, -1.0]); None; GPS(-43.522192, 172.577427, 35.000000, var=[-1.0, -1.0, -1.0]); GPS(-43.522191, 172.577426, 46.380103, var=[-1, -1, -1]); 0.44369850646351966; OFFBOARD
12:09:20:074734; [6, 4, 4, 4]5; None; GPS(-43.522192, 172.577427, 20.000000, var=[-1.0, -1.0, -1.0]); GPS(-43.522193, 172.577432, 20.000000, var=[-1.0, -1.0, -1.0]); None; GPS(-43.522192, 172.577427, 35.000000, var=[-1.0, -1.0, -1.0]); GPS(-43.522191, 172.577426, 46.363103, var=[-1, -1, -1]); 0.44369850646351966; OFFBOARD
12:09:21:072247; [6, 4, 4, 4]5; None; GPS(-43.522192, 172.577427, 20.000000, var=[-1.0, -1.0, -1.0]); GPS(-43.522193, 172.577432, 20.000000, var=[-1.0, -1.0, -1.0]); None; GPS(-43.522192, 172.577427, 35.000000, var=[-1.0, -1.0, -1.0]); GPS(-43.522191, 172.577426, 46.356103, var=[-1, -1, -1]); 0.44369850646351966; OFFBOARD
12:09:22:071282; [6, 4, 4, 4]5; None; GPS(-43.522192, 172.577427, 20.000000, var=[-1.0, -1.0, -1.0]); GPS(-43.522193, 172.577432, 20.000000, var=[-1.0, -1.0, -1.0]); None; GPS(-43.522192, 172.577427, 35.000000, var=[-1.0, -1.0, -1.0]); GPS(-43.522191, 172.577427, 46.356103, var=[-1, -1, -1]); 0.44369850646351966; OFFBOARD
12:09:23:176763; [6, 4, 4, 4]5; None; GPS(-43.522192, 172.577427, 20.000000, var=[-1.0, -1.0, -1.0]); GPS(-43.522193, 172.577432, 20.000000, var=[-1.0, -1.0, -1.0]); None; GPS(-43.522192, 172.577427, 35.000000, var=[-1.0, -1.0, -1.0]); GPS(-43.522192, 172.577427, 46.369103, var=[-1, -1, -1]); 0.44369850646351966; OFFBOARD
12:09:23:180019; [6, 4, 4, 4]5; None; GPS(-43.522192, 172.577427, 20.000000, var=[-1.0, -1.0, -1.0]); GPS(-43.522193, 172.577432, 20.000000, var=[-1.0, -1.0, -1.0]); None; GPS(-43.522192, 172.577427, 35.000000, var=[-1.0, -1.0, -1.0]); GPS(-43.522192, 172.577427, 46.369103, var=[-1, -1, -1]); 0.44369850646351966; OFFBOARD
12:09:24:071485; [6, 4, 4, 4]5; None; GPS(-43.522192, 172.577427, 20.000000, var=[-1.0, -1.0, -1.0]); GPS(-43.522193, 172.577432, 20.000000, var=[-1.0, -1.0, -1.0]); None; GPS(-43.522192, 172.577427, 35.000000, var=[-1.0, -1.0, -1.0]); GPS(-43.522192, 172.577427, 46.360103, var=[-1, -1, -1]); 0.44369850646351966; OFFBOARD
12:09:25:100862; [6, 4, 4, 4]5; None; GPS(-43.522192, 172.577427, 20.000000, var=[-1.0, -1.0, -1.0]); GPS(-43.522193, 172.577432, 20.000000, var=[-1.0, -1.0, -1.0]); None; GPS(-43.522192, 172.577427, 35.000000, var=[-1.0, -1.0, -1.0]); GPS(-43.522192, 172.577427, 46.371103, var=[-1, -1, -1]); 0.44369850646351966; OFFBOARD
12:09:26:066401; [6, 4, 4, 4]5; None; GPS(-43.522192, 172.577427, 20.000000, var=[-1.0, -1.0, -1.0]); GPS(-43.522193, 172.577432, 20.000000, var=[-1.0, -1.0, -1.0]); None; GPS(-43.522192, 172.577427, 35.000000, var=[-1.0, -1.0, -1.0]); GPS(-43.522192, 172.577427, 46.387103, var=[-1, -1, -1]); 0.44369850646351966; OFFBOARD
12:09:27:072225; [6, 4, 4, 4]5; None; GPS(-43.522192, 172.577427, 20.000000, var=[-1.0, -1.0, -1.0]); GPS(-43.522193, 172.577432, 20.000000, var=[-1.0, -1.0, -1.0]); None; GPS(-43.522192, 172.577427, 35.000000, var=[-1.0, -1.0, -1.0]); GPS(-43.522192, 172.577427, 46.381103, var=[-1, -1, -1]); 0.44369850646351966; OFFBOARD
12:09:28:107505; [6, 4, 4, 4]5; None; GPS(-43.522192, 172.577427, 20.000000, var=[-1.0, -1.0, -1.0]); GPS(-43.522193, 172.577432, 20.000000, var=[-1.0, -1.0, -1.0]); None; GPS(-43.522192, 172.577427, 35.000000, var=[-1.0, -1.0, -1.0]); GPS(-43.522192, 172.577427, 46.389103, var=[-1, -1, -1]); 0.44369850646351966; OFFBOARD
12:09:29:080922; [6, 4, 4, 4]5; None; GPS(-43.522192, 172.577427, 20.000000, var=[-1.0, -1.0, -1.0]); GPS(-43.522193, 172.577432, 20.000000, var=[-1.0, -1.0, -1.0]); None; GPS(-43.522192, 172.577427, 35.000000, var=[-1.0, -1.0, -1.0]); GPS(-43.522192, 172.577427, 46.384103, var=[-1, -1, -1]); 0.44369850646351966; OFFBOARD
12:09:30:178095; [6, 4, 4, 4]5; None; GPS(-43.522192, 172.577427, 20.000000, var=[-1.0, -1.0, -1.0]); GPS(-43.522193, 172.577432, 20.000000, var=[-1.0, -1.0, -1.0]); None; GPS(-43.522192, 172.577427, 35.000000, var=[-1.0, -1.0, -1.0]); GPS(-43.522192, 172.577427, 46.391102, var=[-1, -1, -1]); 0.44369850646351966; OFFBOARD
12:09:30:182041; [6, 4, 4, 4]5; None; GPS(-43.522192, 172.577427, 20.000000, var=[-1.0, -1.0, -1.0]); GPS(-43.522193, 172.577432, 20.000000, var=[-1.0, -1.0, -1.0]); None; GPS(-43.522192, 172.577427, 35.000000, var=[-1.0, -1.0, -1.0]); GPS(-43.522192, 172.577427, 46.391102, var=[-1, -1, -1]); 0.44369850646351966; OFFBOARD
12:09:31:097244; [6, 4, 5, 5]5; None; GPS(-43.522192, 172.577427, 20.000000, var=[-1.0, -1.0, -1.0]); GPS(-43.522193, 172.577432, 20.000000, var=[-1.0, -1.0, -1.0]); None; GPS(-43.522192, 172.577427, 35.000000, var=[-1.0, -1.0, -1.0]); GPS(-43.522192, 172.577427, 46.379102, var=[-1, -1, -1]); 0.44369850646351966; OFFBOARD
12:09:32:068886; [6, 5, 5, 5]5; None; GPS(-43.522192, 172.577427, 20.000000, var=[-1.0, -1.0, -1.0]); GPS(-43.522193, 172.577432, 20.000000, var=[-1.0, -1.0, -1.0]); None; GPS(-43.522192, 172.577427, 35.000000, var=[-1.0, -1.0, -1.0]); GPS(-43.522192, 172.577427, 46.389102, var=[-1, -1, -1]); 0.44369850646351966; OFFBOARD
12:09:33:089340; [6, 5, 5, 5]5; None; GPS(-43.522192, 172.577427, 20.000000, var=[-1.0, -1.0, -1.0]); GPS(-43.522193, 172.577432, 20.000000, var=[-1.0, -1.0, -1.0]); None; GPS(-43.522192, 172.577427, 35.000000, var=[-1.0, -1.0, -1.0]); GPS(-43.522192, 172.577427, 46.404102, var=[-1, -1, -1]); 0.44369850646351966; OFFBOARD
12:09:34:073442; [6, 5, 5, 5]5; None; GPS(-43.522192, 172.577427, 20.000000, var=[-1.0, -1.0, -1.0]); GPS(-43.522193, 172.577432, 20.000000, var=[-1.0, -1.0, -1.0]); None; GPS(-43.522192, 172.577427, 35.000000, var=[-1.0, -1.0, -1.0]); GPS(-43.522192, 172.577427, 46.411102, var=[-1, -1, -1]); 0.44369850646351966; OFFBOARD
12:09:35:074935; [6, 5, 5, 5]5; None; GPS(-43.522192, 172.577427, 20.000000, var=[-1.0, -1.0, -1.0]); GPS(-43.522193, 172.577432, 20.000000, var=[-1.0, -1.0, -1.0]); None; GPS(-43.522192, 172.577427, 35.000000, var=[-1.0, -1.0, -1.0]); GPS(-43.522192, 172.577427, 46.422102, var=[-1, -1, -1]); 0.44369850646351966; OFFBOARD
12:09:36:073734; [6, 5, 5, 5]5; None; GPS(-43.522192, 172.577427, 20.000000, var=[-1.0, -1.0, -1.0]); GPS(-43.522193, 172.577432, 20.000000, var=[-1.0, -1.0, -1.0]); None; GPS(-43.522192, 172.577427, 35.000000, var=[-1.0, -1.0, -1.0]); GPS(-43.522192, 172.577427, 46.442102, var=[-1, -1, -1]); 0.44369850646351966; OFFBOARD
12:09:37:093506; [6, 5, 5, 5]5; None; GPS(-43.522192, 172.577427, 20.000000, var=[-1.0, -1.0, -1.0]); GPS(-43.522193, 172.577432, 20.000000, var=[-1.0, -1.0, -1.0]); None; GPS(-43.522192, 172.577427, 35.000000, var=[-1.0, -1.0, -1.0]); GPS(-43.522192, 172.577427, 46.466102, var=[-1, -1, -1]); 0.44369850646351966; OFFBOARD
12:09:38:129586; [6, 5, 5, 5]5; None; GPS(-43.522192, 172.577427, 20.000000, var=[-1.0, -1.0, -1.0]); GPS(-43.522193, 172.577432, 20.000000, var=[-1.0, -1.0, -1.0]); None; GPS(-43.522192, 172.577427, 35.000000, var=[-1.0, -1.0, -1.0]); GPS(-43.522192, 172.577427, 46.470103, var=[-1, -1, -1]); 0.44369850646351966; OFFBOARD
12:09:39:069507; [6, 5, 5, 5]5; None; GPS(-43.522192, 172.577427, 20.000000, var=[-1.0, -1.0, -1.0]); GPS(-43.522193, 172.577432, 20.000000, var=[-1.0, -1.0, -1.0]); None; GPS(-43.522192, 172.577427, 35.000000, var=[-1.0, -1.0, -1.0]); GPS(-43.522191, 172.577427, 46.475103, var=[-1, -1, -1]); 0.44369850646351966; OFFBOARD
12:09:40:063246; [6, 5, 5, 5]5; None; GPS(-43.522192, 172.577427, 20.000000, var=[-1.0, -1.0, -1.0]); GPS(-43.522193, 172.577432, 20.000000, var=[-1.0, -1.0, -1.0]); None; GPS(-43.522192, 172.577427, 35.000000, var=[-1.0, -1.0, -1.0]); GPS(-43.522191, 172.577427, 46.480103, var=[-1, -1, -1]); 0.44369850646351966; OFFBOARD
12:09:41:081859; [6, 5, 5, 5]5; None; GPS(-43.522192, 172.577427, 20.000000, var=[-1.0, -1.0, -1.0]); GPS(-43.522193, 172.577432, 20.000000, var=[-1.0, -1.0, -1.0]); None; GPS(-43.522192, 172.577427, 35.000000, var=[-1.0, -1.0, -1.0]); GPS(-43.522191, 172.577426, 46.478103, var=[-1, -1, -1]); 0.44369850646351966; OFFBOARD
12:09:42:064260; [6, 5, 5, 5]5; None; GPS(-43.522192, 172.577427, 20.000000, var=[-1.0, -1.0, -1.0]); GPS(-43.522193, 172.577432, 20.000000, var=[-1.0, -1.0, -1.0]); None; GPS(-43.522192, 172.577427, 35.000000, var=[-1.0, -1.0, -1.0]); GPS(-43.522191, 172.577426, 46.477103, var=[-1, -1, -1]); 0.44369850646351966; OFFBOARD
12:09:43:077070; [6, 5, 5, 5]5; None; GPS(-43.522192, 172.577427, 20.000000, var=[-1.0, -1.0, -1.0]); GPS(-43.522193, 172.577432, 20.000000, var=[-1.0, -1.0, -1.0]); None; GPS(-43.522192, 172.577427, 35.000000, var=[-1.0, -1.0, -1.0]); GPS(-43.522192, 172.577426, 46.487103, var=[-1, -1, -1]); 0.44369850646351966; OFFBOARD
12:09:44:080355; [6, 5, 5, 5]5; None; GPS(-43.522192, 172.577427, 20.000000, var=[-1.0, -1.0, -1.0]); GPS(-43.522193, 172.577432, 20.000000, var=[-1.0, -1.0, -1.0]); None; GPS(-43.522192, 172.577427, 35.000000, var=[-1.0, -1.0, -1.0]); GPS(-43.522192, 172.577426, 46.474102, var=[-1, -1, -1]); 0.44369850646351966; OFFBOARD
12:09:45:080076; [6, 5, 5, 5]5; None; GPS(-43.522192, 172.577427, 20.000000, var=[-1.0, -1.0, -1.0]); GPS(-43.522193, 172.577432, 20.000000, var=[-1.0, -1.0, -1.0]); None; GPS(-43.522192, 172.577427, 35.000000, var=[-1.0, -1.0, -1.0]); GPS(-43.522192, 172.577426, 46.461102, var=[-1, -1, -1]); 0.44369850646351966; OFFBOARD
12:09:46:083631; [6, 5, 5, 5]5; None; GPS(-43.522192, 172.577427, 20.000000, var=[-1.0, -1.0, -1.0]); GPS(-43.522193, 172.577432, 20.000000, var=[-1.0, -1.0, -1.0]); None; GPS(-43.522192, 172.577427, 35.000000, var=[-1.0, -1.0, -1.0]); GPS(-43.522192, 172.577427, 46.456102, var=[-1, -1, -1]); 0.44369850646351966; OFFBOARD
12:09:47:069147; [6, 5, 5, 5]5; None; GPS(-43.522192, 172.577427, 20.000000, var=[-1.0, -1.0, -1.0]); GPS(-43.522193, 172.577432, 20.000000, var=[-1.0, -1.0, -1.0]); None; GPS(-43.522192, 172.577427, 35.000000, var=[-1.0, -1.0, -1.0]); GPS(-43.522192, 172.577426, 46.443102, var=[-1, -1, -1]); 0.44369850646351966; OFFBOARD
12:09:48:073219; [6, 5, 5, 5]5; None; GPS(-43.522192, 172.577427, 20.000000, var=[-1.0, -1.0, -1.0]); GPS(-43.522193, 172.577432, 20.000000, var=[-1.0, -1.0, -1.0]); None; GPS(-43.522192, 172.577427, 35.000000, var=[-1.0, -1.0, -1.0]); GPS(-43.522192, 172.577426, 46.447102, var=[-1, -1, -1]); 0.44369850646351966; OFFBOARD
12:09:49:076845; [6, 5, 5, 5]5; None; GPS(-43.522192, 172.577427, 20.000000, var=[-1.0, -1.0, -1.0]); GPS(-43.522193, 172.577432, 20.000000, var=[-1.0, -1.0, -1.0]); None; GPS(-43.522192, 172.577427, 35.000000, var=[-1.0, -1.0, -1.0]); GPS(-43.522192, 172.577427, 46.445102, var=[-1, -1, -1]); 0.44369850646351966; OFFBOARD
12:09:50:070617; [6, 5, 5, 5]5; None; GPS(-43.522192, 172.577427, 20.000000, var=[-1.0, -1.0, -1.0]); GPS(-43.522193, 172.577432, 20.000000, var=[-1.0, -1.0, -1.0]); None; GPS(-43.522192, 172.577427, 35.000000, var=[-1.0, -1.0, -1.0]); GPS(-43.522192, 172.577427, 46.433103, var=[-1, -1, -1]); 0.44369850646351966; OFFBOARD
12:09:51:070860; [6, 5, 5, 5]5; None; GPS(-43.522192, 172.577427, 20.000000, var=[-1.0, -1.0, -1.0]); GPS(-43.522193, 172.577432, 20.000000, var=[-1.0, -1.0, -1.0]); None; GPS(-43.522192, 172.577427, 35.000000, var=[-1.0, -1.0, -1.0]); GPS(-43.522192, 172.577427, 46.433103, var=[-1, -1, -1]); 0.44369850646351966; OFFBOARD
STOP: 09/21/2021 12:11:07:844280
