START: 09/17/2021 09:52:05:220298
TIME,            RX_ID,          STATE,          TIMESTAMP,          SEQ_NO,          RX_COORDS,          RANGE_READING,          TARGET_COORDS,          
09:52:14:780863, 4, 1, 1631829134.7587805, 0, GPS(-43.520689, 172.583124, 21.435724, var=[1.0, 1.0, 1.0]), 40.6193628670995, GPS(-43.520600, 172.583000, 0.000000, var=[-1.0, -1.0, -1.0])
09:52:14:851812, 1, 1, 1631829134.8516774, 0, GPS(-43.520508, 172.582876, 21.611960, var=[1.0, 1.0, 1.0]), 40.90884394938582, GPS(-43.520600, 172.583000, 0.000000, var=[-1.0, -1.0, -1.0])
09:52:14:853270, 3, 1, 1631829134.8531435, 0, GPS(-43.520688, 172.582875, 21.437672, var=[1.0, 1.0, 1.0]), 40.642915112485355, GPS(-43.520600, 172.583000, 0.000000, var=[-1.0, -1.0, -1.0])
09:52:14:859852, 2, 1, 1631829134.8597138, 0, GPS(-43.520509, 172.583124, 21.588011, var=[1.0, 1.0, 1.0]), 40.86952251892728, GPS(-43.520600, 172.583000, 0.000000, var=[-1.0, -1.0, -1.0])
09:52:15:555337, 1, 1, 1631829135.5542212, 1, GPS(-43.520508, 172.582876, 21.620960, var=[1.0, 1.0, 1.0]), 52.364054836636136, GPS(-43.520600, 172.583000, 0.000000, var=[-1.0, -1.0, -1.0])
09:52:15:555408, 3, 1, 1631829135.5547955, 1, GPS(-43.520688, 172.582875, 21.447672, var=[1.0, 1.0, 1.0]), 52.11389134775112, GPS(-43.520600, 172.583000, 0.000000, var=[-1.0, -1.0, -1.0])
09:52:15:555454, 2, 1, 1631829135.5549388, 1, GPS(-43.520509, 172.583124, 21.611011, var=[1.0, 1.0, 1.0]), 52.34390785951524, GPS(-43.520600, 172.583000, 0.000000, var=[-1.0, -1.0, -1.0])
09:52:15:555496, 4, 1, 1631829135.5552201, 1, GPS(-43.520689, 172.583124, 21.457724, var=[1.0, 1.0, 1.0]), 52.097236757723635, GPS(-43.520600, 172.583000, 0.000000, var=[-1.0, -1.0, -1.0])
09:52:16:555710, 3, 1, 1631829136.5555508, 2, GPS(-43.520689, 172.582875, 21.465672, var=[1.0, 1.0, 1.0]), 52.208618902428654, GPS(-43.520600, 172.583000, 0.000000, var=[-1.0, -1.0, -1.0])
09:52:16:555801, 1, 1, 1631829136.555692, 2, GPS(-43.520509, 172.582876, 21.638959, var=[1.0, 1.0, 1.0]), 52.44270494850981, GPS(-43.520600, 172.583000, 0.000000, var=[-1.0, -1.0, -1.0])
09:52:16:556519, 4, 1, 1631829136.5564175, 2, GPS(-43.520689, 172.583124, 21.464723, var=[1.0, 1.0, 1.0]), 52.182784846906586, GPS(-43.520600, 172.583000, 0.000000, var=[-1.0, -1.0, -1.0])
09:52:16:556661, 2, 1, 1631829136.5565464, 2, GPS(-43.520509, 172.583124, 21.623011, var=[1.0, 1.0, 1.0]), 52.42815006573564, GPS(-43.520600, 172.583000, 0.000000, var=[-1.0, -1.0, -1.0])
09:52:16:659398, 3, 1, 1631829136.657763, 3, GPS(-43.520689, 172.582875, 21.467672, var=[1.0, 1.0, 1.0]), 52.2482349338553, GPS(-43.520600, 172.583000, 0.000000, var=[-1.0, -1.0, -1.0])
09:52:16:659447, 4, 1, 1631829136.659037, 3, GPS(-43.520689, 172.583124, 21.464723, var=[1.0, 1.0, 1.0]), 52.22072942767839, GPS(-43.520600, 172.583000, 0.000000, var=[-1.0, -1.0, -1.0])
09:52:16:659482, 2, 1, 1631829136.6590958, 3, GPS(-43.520509, 172.583124, 21.626011, var=[1.0, 1.0, 1.0]), 52.468598814362565, GPS(-43.520600, 172.583000, 0.000000, var=[-1.0, -1.0, -1.0])
09:52:16:659878, 1, 1, 1631829136.6597767, 3, GPS(-43.520509, 172.582876, 21.639959, var=[1.0, 1.0, 1.0]), 52.48148438677046, GPS(-43.520600, 172.583000, 0.000000, var=[-1.0, -1.0, -1.0])
09:52:17:659379, 3, 1, 1631829137.659175, 4, GPS(-43.520689, 172.582875, 21.471672, var=[1.0, 1.0, 1.0]), 52.26179494543314, GPS(-43.520600, 172.583000, 0.000000, var=[-1.0, -1.0, -1.0])
09:52:17:660442, 4, 1, 1631829137.6602445, 4, GPS(-43.520689, 172.583124, 21.460723, var=[1.0, 1.0, 1.0]), 52.227620558381304, GPS(-43.520600, 172.583000, 0.000000, var=[-1.0, -1.0, -1.0])
09:52:17:660557, 2, 1, 1631829137.6603358, 4, GPS(-43.520509, 172.583124, 21.630011, var=[1.0, 1.0, 1.0]), 52.47542716075502, GPS(-43.520600, 172.583000, 0.000000, var=[-1.0, -1.0, -1.0])
09:52:17:660748, 1, 1, 1631829137.6606193, 4, GPS(-43.520508, 172.582876, 21.641960, var=[1.0, 1.0, 1.0]), 52.49658228216871, GPS(-43.520600, 172.583000, 0.000000, var=[-1.0, -1.0, -1.0])
09:52:17:768601, 2, 1, 1631829137.767217, 5, GPS(-43.520509, 172.583124, 21.631011, var=[1.0, 1.0, 1.0]), 52.498218705919555, GPS(-43.520600, 172.583000, 0.000000, var=[-1.0, -1.0, -1.0])
STOP: 09/17/2021 09:54:19:094568
