START: 09/30/2021 20:53:38:090283
TIME,            RX_ID,          STATE,          TIMESTAMP,          SEQ_NO,          RX_COORDS,          RANGE_READING,          TARGET_COORDS,          
20:53:46:755297, 4, 1, 1632988426.7340252, 0, GPS(-43.520645, 172.583062, 21.504780, var=[1.0, 1.0, 1.0]), 37.641259870281374, GPS(-43.520600, 172.583000, 0.000000, var=[-1.0, -1.0, -1.0])
20:53:46:755397, 3, 1, 1632988426.749929, 0, GPS(-43.520645, 172.582938, 21.504754, var=[1.0, 1.0, 1.0]), 37.64836672881599, GPS(-43.520600, 172.583000, 0.000000, var=[-1.0, -1.0, -1.0])
20:53:46:755525, 1, 1, 1632988426.7440195, 0, GPS(-43.520555, 172.582938, 21.510898, var=[1.0, 1.0, 1.0]), 37.652859894269376, GPS(-43.520600, 172.583000, 0.000000, var=[-1.0, -1.0, -1.0])
20:53:46:755742, 2, 1, 1632988426.7456498, 0, GPS(-43.520555, 172.583062, 21.498924, var=[1.0, 1.0, 1.0]), 37.63501192651454, GPS(-43.520600, 172.583000, 0.000000, var=[-1.0, -1.0, -1.0])
20:53:47:344875, 4, 1, 1632988427.3447528, 1, GPS(-43.520645, 172.583062, 21.593780, var=[1.0, 1.0, 1.0]), 48.532656210507746, GPS(-43.520600, 172.583000, 0.000000, var=[-1.0, -1.0, -1.0])
20:53:47:344942, 3, 1, 1632988427.3447835, 1, GPS(-43.520645, 172.582938, 21.567754, var=[1.0, 1.0, 1.0]), 48.51258250063822, GPS(-43.520600, 172.583000, 0.000000, var=[-1.0, -1.0, -1.0])
20:53:47:344976, 1, 1, 1632988427.3447647, 1, GPS(-43.520555, 172.582938, 21.591898, var=[1.0, 1.0, 1.0]), 48.53551856916546, GPS(-43.520600, 172.583000, 0.000000, var=[-1.0, -1.0, -1.0])
20:53:47:345012, 2, 1, 1632988427.3447757, 1, GPS(-43.520555, 172.583062, 21.565924, var=[1.0, 1.0, 1.0]), 48.505505411553536, GPS(-43.520600, 172.583000, 0.000000, var=[-1.0, -1.0, -1.0])
20:53:48:345057, 3, 1, 1632988428.3449254, 2, GPS(-43.520645, 172.582938, 21.595755, var=[1.0, 1.0, 1.0]), 48.86394773528708, GPS(-43.520600, 172.583000, 0.000000, var=[-1.0, -1.0, -1.0])
20:53:48:345308, 4, 1, 1632988428.3451889, 2, GPS(-43.520645, 172.583062, 21.600780, var=[1.0, 1.0, 1.0]), 48.870076988792114, GPS(-43.520600, 172.583000, 0.000000, var=[-1.0, -1.0, -1.0])
20:53:48:345368, 3, 1, 1632988428.3452137, 3, GPS(-43.520645, 172.582938, 21.595755, var=[1.0, 1.0, 1.0]), 48.86394773528708, GPS(-43.520600, 172.583000, 0.000000, var=[-1.0, -1.0, -1.0])
20:53:48:345404, 1, 1, 1632988428.3452063, 2, GPS(-43.520555, 172.582938, 21.600898, var=[1.0, 1.0, 1.0]), 48.87128634040884, GPS(-43.520600, 172.583000, 0.000000, var=[-1.0, -1.0, -1.0])
20:53:48:345440, 2, 1, 1632988428.3452191, 2, GPS(-43.520555, 172.583062, 21.572924, var=[1.0, 1.0, 1.0]), 48.8429305393082, GPS(-43.520600, 172.583000, 0.000000, var=[-1.0, -1.0, -1.0])
20:53:49:345434, 1, 1, 1632988429.3452525, 3, GPS(-43.520555, 172.582938, 21.597898, var=[1.0, 1.0, 1.0]), 49.11065854853294, GPS(-43.520600, 172.583000, 0.000000, var=[-1.0, -1.0, -1.0])
20:53:49:346478, 4, 1, 1632988429.3463502, 3, GPS(-43.520645, 172.583062, 21.590780, var=[1.0, 1.0, 1.0]), 49.1045757231018, GPS(-43.520600, 172.583000, 0.000000, var=[-1.0, -1.0, -1.0])
20:53:49:346539, 2, 1, 1632988429.3464384, 3, GPS(-43.520555, 172.583062, 21.552924, var=[1.0, 1.0, 1.0]), 49.063696604611984, GPS(-43.520600, 172.583000, 0.000000, var=[-1.0, -1.0, -1.0])
20:53:49:375558, 3, 1, 1632988429.375423, 4, GPS(-43.520645, 172.582938, 21.578754, var=[1.0, 1.0, 1.0]), 49.31002907047308, GPS(-43.520600, 172.583000, 0.000000, var=[-1.0, -1.0, -1.0])
20:53:49:446057, 1, 1, 1632988429.4458907, 4, GPS(-43.520555, 172.582938, 21.594898, var=[1.0, 1.0, 1.0]), 49.31935698543583, GPS(-43.520600, 172.583000, 0.000000, var=[-1.0, -1.0, -1.0])
20:53:49:446131, 3, 1, 1632988429.4459083, 5, GPS(-43.520645, 172.582938, 21.578754, var=[1.0, 1.0, 1.0]), 49.3124862778221, GPS(-43.520600, 172.583000, 0.000000, var=[-1.0, -1.0, -1.0])
20:53:49:446168, 4, 1, 1632988429.4459126, 4, GPS(-43.520645, 172.583062, 21.586780, var=[1.0, 1.0, 1.0]), 49.31477531543676, GPS(-43.520600, 172.583000, 0.000000, var=[-1.0, -1.0, -1.0])
20:53:49:446199, 2, 1, 1632988429.4459193, 4, GPS(-43.520555, 172.583062, 21.550924, var=[1.0, 1.0, 1.0]), 49.27579628569598, GPS(-43.520600, 172.583000, 0.000000, var=[-1.0, -1.0, -1.0])
20:53:50:446101, 1, 1, 1632988430.4459605, 5, GPS(-43.520555, 172.582938, 21.585898, var=[1.0, 1.0, 1.0]), 49.31380491584231, GPS(-43.520600, 172.583000, 0.000000, var=[-1.0, -1.0, -1.0])
20:53:50:446402, 4, 1, 1632988430.4462929, 5, GPS(-43.520645, 172.583062, 21.576780, var=[1.0, 1.0, 1.0]), 49.31005085750384, GPS(-43.520600, 172.583000, 0.000000, var=[-1.0, -1.0, -1.0])
20:53:50:446476, 1, 1, 1632988430.4463964, 6, GPS(-43.520555, 172.582938, 21.585898, var=[1.0, 1.0, 1.0]), 49.31380491584231, GPS(-43.520600, 172.583000, 0.000000, var=[-1.0, -1.0, -1.0])
20:53:50:446521, 3, 1, 1632988430.4464262, 6, GPS(-43.520645, 172.582938, 21.566754, var=[1.0, 1.0, 1.0]), 49.30477017372196, GPS(-43.520600, 172.583000, 0.000000, var=[-1.0, -1.0, -1.0])
20:53:50:446562, 4, 1, 1632988430.4464276, 6, GPS(-43.520645, 172.583062, 21.576780, var=[1.0, 1.0, 1.0]), 49.31005085750384, GPS(-43.520600, 172.583000, 0.000000, var=[-1.0, -1.0, -1.0])
20:53:50:446643, 2, 1, 1632988430.4465587, 5, GPS(-43.520555, 172.583062, 21.554924, var=[1.0, 1.0, 1.0]), 49.281925054278915, GPS(-43.520600, 172.583000, 0.000000, var=[-1.0, -1.0, -1.0])
20:53:51:446934, 1, 1, 1632988431.4466126, 7, GPS(-43.520555, 172.582938, 21.580898, var=[1.0, 1.0, 1.0]), 49.33727502695099, GPS(-43.520600, 172.583000, 0.000000, var=[-1.0, -1.0, -1.0])
20:53:51:447073, 4, 2, 1632988431.4466414, 7, GPS(-43.520645, 172.583062, 21.571781, var=[1.0, 1.0, 1.0]), 49.332166597384315, GPS(-43.520600, 172.583000, 0.000000, var=[-1.0, -1.0, -1.0])
20:53:51:447164, 4, 2, 1632988431.4469676, 8, GPS(-43.520645, 172.583062, 21.571781, var=[1.0, 1.0, 1.0]), 49.332166597384315, GPS(-43.520600, 172.583000, 0.000000, var=[-1.0, -1.0, -1.0])
20:53:51:447233, 1, 1, 1632988431.4469774, 8, GPS(-43.520555, 172.582938, 21.580898, var=[1.0, 1.0, 1.0]), 49.33727502695099, GPS(-43.520600, 172.583000, 0.000000, var=[-1.0, -1.0, -1.0])
20:53:51:447289, 3, 1, 1632988431.4469988, 7, GPS(-43.520645, 172.582938, 21.567754, var=[1.0, 1.0, 1.0]), 49.3339379117896, GPS(-43.520600, 172.583000, 0.000000, var=[-1.0, -1.0, -1.0])
20:53:51:447332, 2, 1, 1632988431.4469945, 6, GPS(-43.520555, 172.583062, 21.555924, var=[1.0, 1.0, 1.0]), 49.31465357089509, GPS(-43.520600, 172.583000, 0.000000, var=[-1.0, -1.0, -1.0])
20:53:52:447582, 2, 1, 1632988432.4474392, 7, GPS(-43.520555, 172.583062, 21.549924, var=[1.0, 1.0, 1.0]), 49.28863375676836, GPS(-43.520600, 172.583000, 0.000000, var=[-1.0, -1.0, -1.0])
20:53:52:447782, 2, 1, 1632988432.447597, 8, GPS(-43.520555, 172.583062, 21.549924, var=[1.0, 1.0, 1.0]), 49.28863375676836, GPS(-43.520600, 172.583000, 0.000000, var=[-1.0, -1.0, -1.0])
20:53:52:447833, 4, 2, 1632988432.4475803, 9, GPS(-43.520645, 172.583062, 21.565781, var=[1.0, 1.0, 1.0]), 49.302369600480795, GPS(-43.520600, 172.583000, 0.000000, var=[-1.0, -1.0, -1.0])
20:53:52:447868, 1, 1, 1632988432.4475932, 9, GPS(-43.520555, 172.582938, 21.585898, var=[1.0, 1.0, 1.0]), 49.32281397272573, GPS(-43.520600, 172.583000, 0.000000, var=[-1.0, -1.0, -1.0])
20:53:52:447898, 3, 2, 1632988432.447615, 8, GPS(-43.520645, 172.582938, 21.572754, var=[1.0, 1.0, 1.0]), 49.312777232448, GPS(-43.520600, 172.583000, 0.000000, var=[-1.0, -1.0, -1.0])
20:53:53:447791, 1, 2, 1632988433.4476588, 10, GPS(-43.520555, 172.582938, 21.576899, var=[1.0, 1.0, 1.0]), 49.308507440554706, GPS(-43.520600, 172.583000, 0.000000, var=[-1.0, -1.0, -1.0])
20:53:53:448042, 3, 2, 1632988433.447924, 9, GPS(-43.520645, 172.582938, 21.573755, var=[1.0, 1.0, 1.0]), 49.296378137052876, GPS(-43.520600, 172.583000, 0.000000, var=[-1.0, -1.0, -1.0])
20:53:53:448293, 4, 2, 1632988433.448189, 10, GPS(-43.520645, 172.583062, 21.570781, var=[1.0, 1.0, 1.0]), 49.291110059891345, GPS(-43.520600, 172.583000, 0.000000, var=[-1.0, -1.0, -1.0])
20:53:53:449055, 2, 2, 1632988433.4489033, 9, GPS(-43.520555, 172.583062, 21.550924, var=[1.0, 1.0, 1.0]), 49.271794846828854, GPS(-43.520600, 172.583000, 0.000000, var=[-1.0, -1.0, -1.0])
20:53:53:550057, 4, 2, 1632988433.5482147, 11, GPS(-43.520645, 172.583062, 21.570781, var=[1.0, 1.0, 1.0]), 49.281110338847306, GPS(-43.520600, 172.583000, 0.000000, var=[-1.0, -1.0, -1.0])
20:53:53:550239, 1, 2, 1632988433.5482326, 11, GPS(-43.520555, 172.582938, 21.576899, var=[1.0, 1.0, 1.0]), 49.29850771951067, GPS(-43.520600, 172.583000, 0.000000, var=[-1.0, -1.0, -1.0])
20:53:53:550284, 2, 2, 1632988433.5482404, 10, GPS(-43.520555, 172.583062, 21.546924, var=[1.0, 1.0, 1.0]), 49.25799461873043, GPS(-43.520600, 172.583000, 0.000000, var=[-1.0, -1.0, -1.0])
20:53:53:550319, 3, 2, 1632988433.5482867, 10, GPS(-43.520645, 172.582938, 21.574755, var=[1.0, 1.0, 1.0]), 49.2873285302842, GPS(-43.520600, 172.583000, 0.000000, var=[-1.0, -1.0, -1.0])
20:53:54:548938, 3, 2, 1632988434.5488012, 11, GPS(-43.520645, 172.582938, 21.559755, var=[1.0, 1.0, 1.0]), 49.27052606365608, GPS(-43.520600, 172.583000, 0.000000, var=[-1.0, -1.0, -1.0])
20:53:54:549009, 2, 2, 1632988434.5488143, 11, GPS(-43.520555, 172.583062, 21.538924, var=[1.0, 1.0, 1.0]), 49.2478508166879, GPS(-43.520600, 172.583000, 0.000000, var=[-1.0, -1.0, -1.0])
20:53:54:549233, 4, 2, 1632988434.5490522, 12, GPS(-43.520645, 172.583062, 21.558781, var=[1.0, 1.0, 1.0]), 49.26781750031995, GPS(-43.520600, 172.583000, 0.000000, var=[-1.0, -1.0, -1.0])
20:53:54:575180, 1, 2, 1632988434.575006, 12, GPS(-43.520555, 172.582938, 21.577899, var=[1.0, 1.0, 1.0]), 49.2814574673312, GPS(-43.520600, 172.583000, 0.000000, var=[-1.0, -1.0, -1.0])
20:53:54:650818, 4, 2, 1632988434.6506937, 13, GPS(-43.520645, 172.583062, 21.559781, var=[1.0, 1.0, 1.0]), 49.255767524248995, GPS(-43.520600, 172.583000, 0.000000, var=[-1.0, -1.0, -1.0])
20:53:54:650896, 1, 2, 1632988434.650699, 13, GPS(-43.520555, 172.582938, 21.576899, var=[1.0, 1.0, 1.0]), 49.2805077219156, GPS(-43.520600, 172.583000, 0.000000, var=[-1.0, -1.0, -1.0])
20:53:54:650936, 2, 2, 1632988434.6507215, 12, GPS(-43.520555, 172.583062, 21.534924, var=[1.0, 1.0, 1.0]), 49.231050929233064, GPS(-43.520600, 172.583000, 0.000000, var=[-1.0, -1.0, -1.0])
20:53:54:650970, 3, 2, 1632988434.6507242, 12, GPS(-43.520645, 172.582938, 21.564755, var=[1.0, 1.0, 1.0]), 49.26227586704506, GPS(-43.520600, 172.583000, 0.000000, var=[-1.0, -1.0, -1.0])
20:53:55:651286, 4, 2, 1632988435.6511657, 14, GPS(-43.520645, 172.583062, 21.545781, var=[1.0, 1.0, 1.0]), 49.23591082119095, GPS(-43.520600, 172.583000, 0.000000, var=[-1.0, -1.0, -1.0])
20:53:55:651348, 2, 2, 1632988435.6511858, 13, GPS(-43.520555, 172.583062, 21.533924, var=[1.0, 1.0, 1.0]), 49.22710461903861, GPS(-43.520600, 172.583000, 0.000000, var=[-1.0, -1.0, -1.0])
20:53:55:651391, 1, 2, 1632988435.6511805, 14, GPS(-43.520555, 172.582938, 21.574899, var=[1.0, 1.0, 1.0]), 49.275611895369046, GPS(-43.520600, 172.583000, 0.000000, var=[-1.0, -1.0, -1.0])
20:53:55:651442, 3, 2, 1632988435.6513522, 13, GPS(-43.520645, 172.582938, 21.558754, var=[1.0, 1.0, 1.0]), 49.25603385198126, GPS(-43.520600, 172.583000, 0.000000, var=[-1.0, -1.0, -1.0])
20:53:56:651826, 4, 3, 1632988436.6516898, 15, GPS(-43.520645, 172.583062, 21.549780, var=[1.0, 1.0, 1.0]), 49.24162766014674, GPS(-43.520600, 172.583000, 0.000000, var=[-1.0, -1.0, -1.0])
20:53:56:652546, 3, 2, 1632988436.652448, 14, GPS(-43.520645, 172.582938, 21.553754, var=[1.0, 1.0, 1.0]), 49.248961186790496, GPS(-43.520600, 172.583000, 0.000000, var=[-1.0, -1.0, -1.0])
20:53:56:653217, 2, 2, 1632988436.6531045, 14, GPS(-43.520555, 172.583062, 21.529924, var=[1.0, 1.0, 1.0]), 49.21784688438852, GPS(-43.520600, 172.583000, 0.000000, var=[-1.0, -1.0, -1.0])
20:53:56:676242, 1, 2, 1632988436.6761084, 15, GPS(-43.520555, 172.582938, 21.571898, var=[1.0, 1.0, 1.0]), 49.26052345076555, GPS(-43.520600, 172.583000, 0.000000, var=[-1.0, -1.0, -1.0])
20:53:56:751993, 4, 3, 1632988436.7518742, 16, GPS(-43.520645, 172.583062, 21.549780, var=[1.0, 1.0, 1.0]), 49.23663127407136, GPS(-43.520600, 172.583000, 0.000000, var=[-1.0, -1.0, -1.0])
20:53:56:752068, 3, 2, 1632988436.751905, 15, GPS(-43.520645, 172.582938, 21.552754, var=[1.0, 1.0, 1.0]), 49.24301501018004, GPS(-43.520600, 172.583000, 0.000000, var=[-1.0, -1.0, -1.0])
20:53:56:752108, 1, 2, 1632988436.7518857, 16, GPS(-43.520555, 172.582938, 21.571898, var=[1.0, 1.0, 1.0]), 49.26052345076555, GPS(-43.520600, 172.583000, 0.000000, var=[-1.0, -1.0, -1.0])
20:53:56:752142, 2, 2, 1632988436.7518976, 15, GPS(-43.520555, 172.583062, 21.528924, var=[1.0, 1.0, 1.0]), 49.20944761017738, GPS(-43.520600, 172.583000, 0.000000, var=[-1.0, -1.0, -1.0])
20:53:57:752295, 3, 3, 1632988437.7521796, 16, GPS(-43.520645, 172.582937, 21.531754, var=[1.0, 1.0, 1.0]), 49.2296931271192, GPS(-43.520600, 172.583000, 0.000000, var=[-1.0, -1.0, -1.0])
20:53:57:752839, 2, 3, 1632988437.7527459, 16, GPS(-43.520555, 172.583062, 21.538924, var=[1.0, 1.0, 1.0]), 49.21350263588201, GPS(-43.520600, 172.583000, 0.000000, var=[-1.0, -1.0, -1.0])
20:53:57:775869, 4, 3, 1632988437.7757204, 17, GPS(-43.520660, 172.583085, 21.603761, var=[1.0, 1.0, 1.0]), 50.19400478439442, GPS(-43.520600, 172.583000, 0.000000, var=[-1.0, -1.0, -1.0])
20:53:57:781559, 1, 2, 1632988437.7814412, 17, GPS(-43.520555, 172.582938, 21.574898, var=[1.0, 1.0, 1.0]), 49.255587332767774, GPS(-43.520600, 172.583000, 0.000000, var=[-1.0, -1.0, -1.0])
20:53:57:852657, 4, 3, 1632988437.8524933, 18, GPS(-43.520663, 172.583089, 21.596758, var=[1.0, 1.0, 1.0]), 50.32798199649504, GPS(-43.520600, 172.583000, 0.000000, var=[-1.0, -1.0, -1.0])
20:53:57:853695, 2, 3, 1632988437.8525147, 17, GPS(-43.520555, 172.583062, 21.536924, var=[1.0, 1.0, 1.0]), 49.2085981345723, GPS(-43.520600, 172.583000, 0.000000, var=[-1.0, -1.0, -1.0])
20:53:57:854744, 1, 2, 1632988437.85251, 18, GPS(-43.520555, 172.582938, 21.572898, var=[1.0, 1.0, 1.0]), 49.25368736825075, GPS(-43.520600, 172.583000, 0.000000, var=[-1.0, -1.0, -1.0])
20:53:57:855656, 3, 3, 1632988437.8525217, 17, GPS(-43.520645, 172.582938, 21.534754, var=[1.0, 1.0, 1.0]), 49.22774441234776, GPS(-43.520600, 172.583000, 0.000000, var=[-1.0, -1.0, -1.0])
20:53:58:853218, 4, 4, 1632988438.8530593, 19, GPS(-43.520684, 172.583120, 21.531731, var=[1.0, 1.0, 1.0]), 51.91712595448928, GPS(-43.520600, 172.583000, 0.000000, var=[-1.0, -1.0, -1.0])
20:53:58:854639, 3, 3, 1632988438.853567, 18, GPS(-43.520660, 172.582918, 21.596726, var=[1.0, 1.0, 1.0]), 50.102313557633906, GPS(-43.520600, 172.583000, 0.000000, var=[-1.0, -1.0, -1.0])
20:53:58:855734, 2, 3, 1632988438.8531065, 18, GPS(-43.520539, 172.583083, 21.616954, var=[1.0, 1.0, 1.0]), 50.16492228454202, GPS(-43.520600, 172.583000, 0.000000, var=[-1.0, -1.0, -1.0])
20:53:58:856821, 1, 3, 1632988438.8544304, 19, GPS(-43.520555, 172.582938, 21.582899, var=[1.0, 1.0, 1.0]), 49.263644642654555, GPS(-43.520600, 172.583000, 0.000000, var=[-1.0, -1.0, -1.0])
20:53:58:956291, 4, 4, 1632988438.95605, 20, GPS(-43.520685, 172.583122, 21.527729, var=[1.0, 1.0, 1.0]), 52.0288251553513, GPS(-43.520600, 172.583000, 0.000000, var=[-1.0, -1.0, -1.0])
20:53:58:957750, 3, 3, 1632988438.9563024, 19, GPS(-43.520663, 172.582914, 21.586721, var=[1.0, 1.0, 1.0]), 50.26843805536569, GPS(-43.520600, 172.583000, 0.000000, var=[-1.0, -1.0, -1.0])
20:53:58:959598, 1, 3, 1632988438.9560578, 20, GPS(-43.520555, 172.582938, 21.582899, var=[1.0, 1.0, 1.0]), 49.26564247283708, GPS(-43.520600, 172.583000, 0.000000, var=[-1.0, -1.0, -1.0])
20:53:58:961252, 2, 3, 1632988438.9561257, 19, GPS(-43.520536, 172.583087, 21.606959, var=[1.0, 1.0, 1.0]), 50.331140960400944, GPS(-43.520600, 172.583000, 0.000000, var=[-1.0, -1.0, -1.0])
20:53:59:956622, 4, 4, 1632988439.9564414, 21, GPS(-43.520693, 172.583129, 21.540718, var=[1.0, 1.0, 1.0]), 52.59088427829587, GPS(-43.520600, 172.583000, 0.000000, var=[-1.0, -1.0, -1.0])
20:53:59:957976, 1, 3, 1632988439.956476, 21, GPS(-43.520540, 172.582916, 21.603918, var=[1.0, 1.0, 1.0]), 50.172302991661276, GPS(-43.520600, 172.583000, 0.000000, var=[-1.0, -1.0, -1.0])
20:53:59:959114, 2, 4, 1632988439.9581678, 20, GPS(-43.520513, 172.583116, 21.530003, var=[1.0, 1.0, 1.0]), 51.9263422342584, GPS(-43.520600, 172.583000, 0.000000, var=[-1.0, -1.0, -1.0])
20:53:59:960644, 3, 4, 1632988439.9581225, 20, GPS(-43.520686, 172.582885, 21.538677, var=[1.0, 1.0, 1.0]), 51.88468681645211, GPS(-43.520600, 172.583000, 0.000000, var=[-1.0, -1.0, -1.0])
20:53:59:988734, 2, 4, 1632988439.988591, 21, GPS(-43.520513, 172.583116, 21.531003, var=[1.0, 1.0, 1.0]), 51.94580323491337, GPS(-43.520600, 172.583000, 0.000000, var=[-1.0, -1.0, -1.0])
20:53:59:988954, 4, 4, 1632988439.9888651, 22, GPS(-43.520693, 172.583129, 21.539718, var=[1.0, 1.0, 1.0]), 52.58526799792918, GPS(-43.520600, 172.583000, 0.000000, var=[-1.0, -1.0, -1.0])
20:53:59:989563, 1, 3, 1632988439.9894845, 22, GPS(-43.520539, 172.582914, 21.601920, var=[1.0, 1.0, 1.0]), 50.23381137220322, GPS(-43.520600, 172.583000, 0.000000, var=[-1.0, -1.0, -1.0])
20:53:59:990895, 3, 4, 1632988439.9908123, 21, GPS(-43.520687, 172.582884, 21.537676, var=[1.0, 1.0, 1.0]), 51.9370241498365, GPS(-43.520600, 172.583000, 0.000000, var=[-1.0, -1.0, -1.0])
20:54:00:989069, 2, 4, 1632988440.9889002, 22, GPS(-43.520506, 172.583128, 21.544016, var=[1.0, 1.0, 1.0]), 52.60901975382193, GPS(-43.520600, 172.583000, 0.000000, var=[-1.0, -1.0, -1.0])
20:54:00:989649, 1, 4, 1632988440.9895215, 23, GPS(-43.520517, 172.582881, 21.537948, var=[1.0, 1.0, 1.0]), 51.87755198758249, GPS(-43.520600, 172.583000, 0.000000, var=[-1.0, -1.0, -1.0])
20:54:00:990165, 4, 4, 1632988440.990051, 23, GPS(-43.520693, 172.583125, 21.545717, var=[1.0, 1.0, 1.0]), 52.49764736183829, GPS(-43.520600, 172.583000, 0.000000, var=[-1.0, -1.0, -1.0])
20:54:00:991232, 4, 4, 1632988440.9911, 24, GPS(-43.520693, 172.583125, 21.545717, var=[1.0, 1.0, 1.0]), 52.49764736183829, GPS(-43.520600, 172.583000, 0.000000, var=[-1.0, -1.0, -1.0])
20:54:00:991300, 1, 4, 1632988440.9911067, 24, GPS(-43.520517, 172.582881, 21.537948, var=[1.0, 1.0, 1.0]), 51.87755198758249, GPS(-43.520600, 172.583000, 0.000000, var=[-1.0, -1.0, -1.0])
20:54:00:991340, 2, 4, 1632988440.9911203, 23, GPS(-43.520506, 172.583128, 21.544016, var=[1.0, 1.0, 1.0]), 52.60901975382193, GPS(-43.520600, 172.583000, 0.000000, var=[-1.0, -1.0, -1.0])
20:54:00:991374, 3, 4, 1632988440.9911885, 22, GPS(-43.520693, 172.582872, 21.547664, var=[1.0, 1.0, 1.0]), 52.572654296021724, GPS(-43.520600, 172.583000, 0.000000, var=[-1.0, -1.0, -1.0])
20:54:01:991650, 2, 4, 1632988441.9915009, 24, GPS(-43.520508, 172.583129, 21.552012, var=[1.0, 1.0, 1.0]), 52.56204724042226, GPS(-43.520600, 172.583000, 0.000000, var=[-1.0, -1.0, -1.0])
20:54:01:992014, 1, 4, 1632988441.9917939, 25, GPS(-43.520507, 172.582871, 21.543961, var=[1.0, 1.0, 1.0]), 52.61464878190087, GPS(-43.520600, 172.583000, 0.000000, var=[-1.0, -1.0, -1.0])
20:54:01:992076, 4, 4, 1632988441.9918568, 25, GPS(-43.520691, 172.583123, 21.561719, var=[1.0, 1.0, 1.0]), 52.360328166817915, GPS(-43.520600, 172.583000, 0.000000, var=[-1.0, -1.0, -1.0])
20:54:01:992221, 3, 4, 1632988441.99211, 23, GPS(-43.520691, 172.582871, 21.564667, var=[1.0, 1.0, 1.0]), 52.54328300974356, GPS(-43.520600, 172.583000, 0.000000, var=[-1.0, -1.0, -1.0])
20:54:02:092387, 4, 4, 1632988442.0920408, 26, GPS(-43.520691, 172.583123, 21.561719, var=[1.0, 1.0, 1.0]), 52.34748931407171, GPS(-43.520600, 172.583000, 0.000000, var=[-1.0, -1.0, -1.0])
20:54:02:164220, 1, 4, 1632988442.0921981, 26, GPS(-43.520507, 172.582871, 21.547962, var=[1.0, 1.0, 1.0]), 52.63463466883444, GPS(-43.520600, 172.583000, 0.000000, var=[-1.0, -1.0, -1.0])
20:54:02:265673, 3, 4, 1632988442.0923107, 24, GPS(-43.520691, 172.582871, 21.563668, var=[1.0, 1.0, 1.0]), 52.52204260038636, GPS(-43.520600, 172.583000, 0.000000, var=[-1.0, -1.0, -1.0])
20:54:02:379448, 2, 4, 1632988442.0922167, 25, GPS(-43.520509, 172.583129, 21.557012, var=[1.0, 1.0, 1.0]), 52.54136985931648, GPS(-43.520600, 172.583000, 0.000000, var=[-1.0, -1.0, -1.0])
STOP: 09/30/2021 20:54:05:674231
