START: 09/17/2021 09:40:15:111560
TIME,            RX_ID,          STATE,          TIMESTAMP,          SEQ_NO,          RX_COORDS,          RANGE_READING,          TARGET_COORDS,          
09:40:23:765560, 1, 1, 1631828423.7378838, 0, GPS(-43.520553, 172.582937, 21.286901, var=[1.0, 1.0, 1.0]), 37.49814715359446, GPS(-43.520600, 172.583000, 0.000000, var=[-1.0, -1.0, -1.0])
09:40:23:765687, 2, 1, 1631828423.7487345, 0, GPS(-43.520554, 172.583062, 21.301926, var=[1.0, 1.0, 1.0]), 37.46909611171975, GPS(-43.520600, 172.583000, 0.000000, var=[-1.0, -1.0, -1.0])
09:40:23:767484, 3, 1, 1631828423.767346, 0, GPS(-43.520644, 172.582938, 21.304756, var=[1.0, 1.0, 1.0]), 37.4212424997542, GPS(-43.520600, 172.583000, 0.000000, var=[-1.0, -1.0, -1.0])
09:40:23:769597, 4, 1, 1631828423.769485, 0, GPS(-43.520645, 172.583063, 21.205781, var=[1.0, 1.0, 1.0]), 37.37179482740672, GPS(-43.520600, 172.583000, 0.000000, var=[-1.0, -1.0, -1.0])
09:40:23:860327, 2, 1, 1631828423.8601332, 1, GPS(-43.520554, 172.583062, 21.307926, var=[1.0, 1.0, 1.0]), 48.42510344460929, GPS(-43.520600, 172.583000, 0.000000, var=[-1.0, -1.0, -1.0])
09:40:23:860494, 1, 1, 1631828423.8603678, 1, GPS(-43.520553, 172.582937, 21.295901, var=[1.0, 1.0, 1.0]), 48.45698172933836, GPS(-43.520600, 172.583000, 0.000000, var=[-1.0, -1.0, -1.0])
09:40:23:860559, 4, 1, 1631828423.8604033, 1, GPS(-43.520645, 172.583063, 21.218781, var=[1.0, 1.0, 1.0]), 48.33443657841445, GPS(-43.520600, 172.583000, 0.000000, var=[-1.0, -1.0, -1.0])
09:40:23:860631, 3, 1, 1631828423.8605096, 1, GPS(-43.520644, 172.582938, 21.312756, var=[1.0, 1.0, 1.0]), 48.379163196466244, GPS(-43.520600, 172.583000, 0.000000, var=[-1.0, -1.0, -1.0])
09:40:24:860598, 4, 1, 1631828424.860426, 2, GPS(-43.520645, 172.583063, 21.305781, var=[1.0, 1.0, 1.0]), 48.461455233281924, GPS(-43.520600, 172.583000, 0.000000, var=[-1.0, -1.0, -1.0])
09:40:24:864093, 4, 1, 1631828424.8636854, 3, GPS(-43.520645, 172.583063, 21.305781, var=[1.0, 1.0, 1.0]), 48.461455233281924, GPS(-43.520600, 172.583000, 0.000000, var=[-1.0, -1.0, -1.0])
09:40:24:864196, 1, 1, 1631828424.8639042, 2, GPS(-43.520553, 172.582937, 21.342901, var=[1.0, 1.0, 1.0]), 48.54845759421268, GPS(-43.520600, 172.583000, 0.000000, var=[-1.0, -1.0, -1.0])
09:40:24:864265, 2, 1, 1631828424.8639376, 2, GPS(-43.520554, 172.583062, 21.350926, var=[1.0, 1.0, 1.0]), 48.51467162293004, GPS(-43.520600, 172.583000, 0.000000, var=[-1.0, -1.0, -1.0])
09:40:24:864324, 3, 1, 1631828424.8641455, 2, GPS(-43.520644, 172.582938, 21.348756, var=[1.0, 1.0, 1.0]), 48.455002951424476, GPS(-43.520600, 172.583000, 0.000000, var=[-1.0, -1.0, -1.0])
09:40:25:864339, 2, 1, 1631828425.8641357, 3, GPS(-43.520554, 172.583063, 21.378926, var=[1.0, 1.0, 1.0]), 48.80181002993976, GPS(-43.520600, 172.583000, 0.000000, var=[-1.0, -1.0, -1.0])
09:40:25:864509, 4, 1, 1631828425.8643627, 4, GPS(-43.520645, 172.583063, 21.343781, var=[1.0, 1.0, 1.0]), 48.75064685630295, GPS(-43.520600, 172.583000, 0.000000, var=[-1.0, -1.0, -1.0])
09:40:25:868147, 1, 1, 1631828425.8670573, 3, GPS(-43.520553, 172.582937, 21.360902, var=[1.0, 1.0, 1.0]), 48.81640819278957, GPS(-43.520600, 172.583000, 0.000000, var=[-1.0, -1.0, -1.0])
09:40:25:868248, 2, 1, 1631828425.867538, 4, GPS(-43.520554, 172.583063, 21.378926, var=[1.0, 1.0, 1.0]), 48.80181002993976, GPS(-43.520600, 172.583000, 0.000000, var=[-1.0, -1.0, -1.0])
09:40:25:868326, 4, 1, 1631828425.8681798, 5, GPS(-43.520645, 172.583063, 21.343781, var=[1.0, 1.0, 1.0]), 48.75064685630295, GPS(-43.520600, 172.583000, 0.000000, var=[-1.0, -1.0, -1.0])
09:40:25:869297, 3, 1, 1631828425.8691332, 3, GPS(-43.520644, 172.582939, 21.373757, var=[1.0, 1.0, 1.0]), 48.722971843450054, GPS(-43.520600, 172.583000, 0.000000, var=[-1.0, -1.0, -1.0])
09:40:26:867775, 2, 1, 1631828426.8675835, 5, GPS(-43.520554, 172.583063, 21.400926, var=[1.0, 1.0, 1.0]), 48.92424539920559, GPS(-43.520600, 172.583000, 0.000000, var=[-1.0, -1.0, -1.0])
09:40:26:868197, 1, 1, 1631828426.868064, 4, GPS(-43.520553, 172.582937, 21.387902, var=[1.0, 1.0, 1.0]), 48.94005711742899, GPS(-43.520600, 172.583000, 0.000000, var=[-1.0, -1.0, -1.0])
09:40:26:869013, 4, 1, 1631828426.8688946, 6, GPS(-43.520645, 172.583064, 21.375781, var=[1.0, 1.0, 1.0]), 48.87513600377534, GPS(-43.520600, 172.583000, 0.000000, var=[-1.0, -1.0, -1.0])
09:40:26:873707, 4, 1, 1631828426.8717713, 7, GPS(-43.520645, 172.583064, 21.375781, var=[1.0, 1.0, 1.0]), 48.87513600377534, GPS(-43.520600, 172.583000, 0.000000, var=[-1.0, -1.0, -1.0])
09:40:26:873798, 2, 1, 1631828426.8731897, 6, GPS(-43.520554, 172.583063, 21.400926, var=[1.0, 1.0, 1.0]), 48.92424539920559, GPS(-43.520600, 172.583000, 0.000000, var=[-1.0, -1.0, -1.0])
09:40:26:873877, 1, 1, 1631828426.873665, 5, GPS(-43.520553, 172.582937, 21.387902, var=[1.0, 1.0, 1.0]), 48.94005711742899, GPS(-43.520600, 172.583000, 0.000000, var=[-1.0, -1.0, -1.0])
09:40:26:874237, 3, 1, 1631828426.8740695, 4, GPS(-43.520644, 172.582939, 21.394757, var=[1.0, 1.0, 1.0]), 48.829920536622005, GPS(-43.520600, 172.583000, 0.000000, var=[-1.0, -1.0, -1.0])
09:40:27:873937, 4, 1, 1631828427.873782, 8, GPS(-43.520644, 172.583064, 21.400782, var=[1.0, 1.0, 1.0]), 48.94544961609493, GPS(-43.520600, 172.583000, 0.000000, var=[-1.0, -1.0, -1.0])
09:40:27:874034, 2, 1, 1631828427.8738534, 7, GPS(-43.520554, 172.583063, 21.421926, var=[1.0, 1.0, 1.0]), 48.991923583651, GPS(-43.520600, 172.583000, 0.000000, var=[-1.0, -1.0, -1.0])
09:40:27:877574, 1, 1, 1631828427.8768446, 6, GPS(-43.520553, 172.582938, 21.399902, var=[1.0, 1.0, 1.0]), 48.99457919844426, GPS(-43.520600, 172.583000, 0.000000, var=[-1.0, -1.0, -1.0])
09:40:27:877627, 2, 1, 1631828427.8770204, 8, GPS(-43.520554, 172.583063, 21.421926, var=[1.0, 1.0, 1.0]), 48.991923583651, GPS(-43.520600, 172.583000, 0.000000, var=[-1.0, -1.0, -1.0])
09:40:27:877667, 3, 1, 1631828427.8771403, 5, GPS(-43.520644, 172.582939, 21.410757, var=[1.0, 1.0, 1.0]), 48.88871575845225, GPS(-43.520600, 172.583000, 0.000000, var=[-1.0, -1.0, -1.0])
09:40:27:877790, 4, 1, 1631828427.8773353, 9, GPS(-43.520644, 172.583064, 21.400782, var=[1.0, 1.0, 1.0]), 48.94544961609493, GPS(-43.520600, 172.583000, 0.000000, var=[-1.0, -1.0, -1.0])
09:40:28:880033, 1, 1, 1631828428.8795965, 7, GPS(-43.520553, 172.582938, 21.411902, var=[1.0, 1.0, 1.0]), 49.01668670608166, GPS(-43.520600, 172.583000, 0.000000, var=[-1.0, -1.0, -1.0])
09:40:28:880134, 2, 1, 1631828428.8797543, 9, GPS(-43.520554, 172.583063, 21.430926, var=[1.0, 1.0, 1.0]), 49.01654411266963, GPS(-43.520600, 172.583000, 0.000000, var=[-1.0, -1.0, -1.0])
09:40:28:880439, 3, 1, 1631828428.880282, 6, GPS(-43.520643, 172.582939, 21.426757, var=[1.0, 1.0, 1.0]), 48.90972971272833, GPS(-43.520600, 172.583000, 0.000000, var=[-1.0, -1.0, -1.0])
09:40:28:880596, 4, 1, 1631828428.8803763, 10, GPS(-43.520644, 172.583064, 21.409782, var=[1.0, 1.0, 1.0]), 48.963934106833065, GPS(-43.520600, 172.583000, 0.000000, var=[-1.0, -1.0, -1.0])
09:40:29:880702, 1, 1, 1631828429.8804789, 8, GPS(-43.520552, 172.582938, 21.419902, var=[1.0, 1.0, 1.0]), 49.042110125020734, GPS(-43.520600, 172.583000, 0.000000, var=[-1.0, -1.0, -1.0])
09:40:29:880953, 3, 1, 1631828429.8808386, 7, GPS(-43.520643, 172.582939, 21.421757, var=[1.0, 1.0, 1.0]), 48.91962392600986, GPS(-43.520600, 172.583000, 0.000000, var=[-1.0, -1.0, -1.0])
09:40:29:909230, 4, 1, 1631828429.9090693, 11, GPS(-43.520644, 172.583064, 21.407782, var=[1.0, 1.0, 1.0]), 48.97271676034004, GPS(-43.520600, 172.583000, 0.000000, var=[-1.0, -1.0, -1.0])
09:40:29:909741, 2, 1, 1631828429.90964, 10, GPS(-43.520554, 172.583063, 21.415927, var=[1.0, 1.0, 1.0]), 49.0197910076848, GPS(-43.520600, 172.583000, 0.000000, var=[-1.0, -1.0, -1.0])
09:40:29:985173, 4, 1, 1631828429.9847908, 12, GPS(-43.520644, 172.583064, 21.407782, var=[1.0, 1.0, 1.0]), 48.97271676034004, GPS(-43.520600, 172.583000, 0.000000, var=[-1.0, -1.0, -1.0])
09:40:29:985522, 2, 1, 1631828429.9852395, 11, GPS(-43.520554, 172.583063, 21.415927, var=[1.0, 1.0, 1.0]), 49.0197910076848, GPS(-43.520600, 172.583000, 0.000000, var=[-1.0, -1.0, -1.0])
09:40:29:985886, 1, 1, 1631828429.985641, 9, GPS(-43.520552, 172.582938, 21.417902, var=[1.0, 1.0, 1.0]), 49.03628709070953, GPS(-43.520600, 172.583000, 0.000000, var=[-1.0, -1.0, -1.0])
09:40:29:986115, 3, 1, 1631828429.9857652, 8, GPS(-43.520643, 172.582939, 21.422757, var=[1.0, 1.0, 1.0]), 48.91664608190639, GPS(-43.520600, 172.583000, 0.000000, var=[-1.0, -1.0, -1.0])
09:40:30:986030, 2, 1, 1631828430.985829, 12, GPS(-43.520554, 172.583063, 21.425926, var=[1.0, 1.0, 1.0]), 49.02210723557201, GPS(-43.520600, 172.583000, 0.000000, var=[-1.0, -1.0, -1.0])
09:40:30:988724, 2, 1, 1631828430.9878159, 13, GPS(-43.520554, 172.583063, 21.425926, var=[1.0, 1.0, 1.0]), 49.02210723557201, GPS(-43.520600, 172.583000, 0.000000, var=[-1.0, -1.0, -1.0])
09:40:30:988769, 4, 1, 1631828430.9882946, 13, GPS(-43.520644, 172.583064, 21.410782, var=[1.0, 1.0, 1.0]), 48.97515662821679, GPS(-43.520600, 172.583000, 0.000000, var=[-1.0, -1.0, -1.0])
09:40:30:988802, 1, 1, 1631828430.9884474, 10, GPS(-43.520553, 172.582938, 21.407902, var=[1.0, 1.0, 1.0]), 49.021434075701904, GPS(-43.520600, 172.583000, 0.000000, var=[-1.0, -1.0, -1.0])
09:40:30:988831, 3, 1, 1631828430.9885347, 9, GPS(-43.520643, 172.582939, 21.422757, var=[1.0, 1.0, 1.0]), 48.91388246300407, GPS(-43.520600, 172.583000, 0.000000, var=[-1.0, -1.0, -1.0])
09:40:31:988540, 2, 1, 1631828431.9884112, 14, GPS(-43.520554, 172.583063, 21.420926, var=[1.0, 1.0, 1.0]), 49.025585238879096, GPS(-43.520600, 172.583000, 0.000000, var=[-1.0, -1.0, -1.0])
09:40:31:991777, 2, 1, 1631828431.9911182, 15, GPS(-43.520554, 172.583063, 21.420926, var=[1.0, 1.0, 1.0]), 49.025585238879096, GPS(-43.520600, 172.583000, 0.000000, var=[-1.0, -1.0, -1.0])
09:40:31:991845, 1, 1, 1631828431.9913101, 11, GPS(-43.520553, 172.582938, 21.425902, var=[1.0, 1.0, 1.0]), 49.04769283038931, GPS(-43.520600, 172.583000, 0.000000, var=[-1.0, -1.0, -1.0])
09:40:31:991898, 3, 1, 1631828431.991331, 10, GPS(-43.520643, 172.582939, 21.427757, var=[1.0, 1.0, 1.0]), 48.93458097447043, GPS(-43.520600, 172.583000, 0.000000, var=[-1.0, -1.0, -1.0])
09:40:31:992046, 4, 1, 1631828431.9914937, 14, GPS(-43.520645, 172.583064, 21.428782, var=[1.0, 1.0, 1.0]), 49.00652845590178, GPS(-43.520600, 172.583000, 0.000000, var=[-1.0, -1.0, -1.0])
09:40:32:994243, 3, 1, 1631828432.9920495, 11, GPS(-43.520644, 172.582939, 21.432757, var=[1.0, 1.0, 1.0]), 48.94070725002519, GPS(-43.520600, 172.583000, 0.000000, var=[-1.0, -1.0, -1.0])
09:40:32:994637, 4, 1, 1631828432.9939144, 15, GPS(-43.520645, 172.583064, 21.434782, var=[1.0, 1.0, 1.0]), 49.00936308750829, GPS(-43.520600, 172.583000, 0.000000, var=[-1.0, -1.0, -1.0])
09:40:32:994692, 1, 1, 1631828432.9942415, 12, GPS(-43.520553, 172.582938, 21.425902, var=[1.0, 1.0, 1.0]), 49.04587051170749, GPS(-43.520600, 172.583000, 0.000000, var=[-1.0, -1.0, -1.0])
09:40:32:994847, 2, 1, 1631828432.99472, 16, GPS(-43.520554, 172.583063, 21.416926, var=[1.0, 1.0, 1.0]), 49.01643580690339, GPS(-43.520600, 172.583000, 0.000000, var=[-1.0, -1.0, -1.0])
09:40:32:995253, 3, 1, 1631828432.995108, 12, GPS(-43.520644, 172.582939, 21.432757, var=[1.0, 1.0, 1.0]), 48.94070725002519, GPS(-43.520600, 172.583000, 0.000000, var=[-1.0, -1.0, -1.0])
09:40:33:994511, 4, 2, 1631828433.9943476, 16, GPS(-43.520645, 172.583064, 21.424782, var=[1.0, 1.0, 1.0]), 49.011015973344584, GPS(-43.520600, 172.583000, 0.000000, var=[-1.0, -1.0, -1.0])
09:40:33:997147, 2, 1, 1631828433.9965293, 17, GPS(-43.520554, 172.583063, 21.402926, var=[1.0, 1.0, 1.0]), 49.006771966975535, GPS(-43.520600, 172.583000, 0.000000, var=[-1.0, -1.0, -1.0])
09:40:33:997414, 1, 1, 1631828433.997276, 13, GPS(-43.520553, 172.582938, 21.422902, var=[1.0, 1.0, 1.0]), 49.05779524122978, GPS(-43.520600, 172.583000, 0.000000, var=[-1.0, -1.0, -1.0])
09:40:33:997478, 3, 1, 1631828433.9972706, 13, GPS(-43.520644, 172.582939, 21.427757, var=[1.0, 1.0, 1.0]), 48.95548936252847, GPS(-43.520600, 172.583000, 0.000000, var=[-1.0, -1.0, -1.0])
09:40:33:997631, 4, 2, 1631828433.99743, 17, GPS(-43.520645, 172.583064, 21.424782, var=[1.0, 1.0, 1.0]), 49.011015973344584, GPS(-43.520600, 172.583000, 0.000000, var=[-1.0, -1.0, -1.0])
09:40:34:996683, 2, 1, 1631828434.9965627, 18, GPS(-43.520554, 172.583062, 21.402926, var=[1.0, 1.0, 1.0]), 48.988863747922224, GPS(-43.520600, 172.583000, 0.000000, var=[-1.0, -1.0, -1.0])
09:40:34:997579, 1, 1, 1631828434.9974957, 14, GPS(-43.520553, 172.582938, 21.425902, var=[1.0, 1.0, 1.0]), 49.04727150329892, GPS(-43.520600, 172.583000, 0.000000, var=[-1.0, -1.0, -1.0])
09:40:35:000149, 1, 1, 1631828434.9998715, 15, GPS(-43.520553, 172.582938, 21.425902, var=[1.0, 1.0, 1.0]), 49.04727150329892, GPS(-43.520600, 172.583000, 0.000000, var=[-1.0, -1.0, -1.0])
09:40:35:000200, 3, 1, 1631828434.999978, 14, GPS(-43.520644, 172.582938, 21.422756, var=[1.0, 1.0, 1.0]), 48.948461211349496, GPS(-43.520600, 172.583000, 0.000000, var=[-1.0, -1.0, -1.0])
09:40:35:000309, 4, 2, 1631828435.0000277, 18, GPS(-43.520645, 172.583064, 21.418781, var=[1.0, 1.0, 1.0]), 49.000207906466244, GPS(-43.520600, 172.583000, 0.000000, var=[-1.0, -1.0, -1.0])
09:40:35:000343, 2, 1, 1631828435.000161, 19, GPS(-43.520554, 172.583062, 21.402926, var=[1.0, 1.0, 1.0]), 48.988863747922224, GPS(-43.520600, 172.583000, 0.000000, var=[-1.0, -1.0, -1.0])
09:40:36:002786, 3, 1, 1631828436.0023258, 15, GPS(-43.520644, 172.582938, 21.406756, var=[1.0, 1.0, 1.0]), 48.92802630630632, GPS(-43.520600, 172.583000, 0.000000, var=[-1.0, -1.0, -1.0])
09:40:36:002916, 2, 1, 1631828436.0025268, 20, GPS(-43.520554, 172.583062, 21.395926, var=[1.0, 1.0, 1.0]), 48.97522520993753, GPS(-43.520600, 172.583000, 0.000000, var=[-1.0, -1.0, -1.0])
09:40:36:002968, 4, 2, 1631828436.0026116, 19, GPS(-43.520645, 172.583063, 21.401781, var=[1.0, 1.0, 1.0]), 48.97587437193404, GPS(-43.520600, 172.583000, 0.000000, var=[-1.0, -1.0, -1.0])
09:40:36:003016, 1, 1, 1631828436.0027885, 16, GPS(-43.520553, 172.582937, 21.414901, var=[1.0, 1.0, 1.0]), 49.03088180384849, GPS(-43.520600, 172.583000, 0.000000, var=[-1.0, -1.0, -1.0])
09:40:37:005232, 4, 2, 1631828437.005085, 20, GPS(-43.520645, 172.583063, 21.398781, var=[1.0, 1.0, 1.0]), 48.962658930418925, GPS(-43.520600, 172.583000, 0.000000, var=[-1.0, -1.0, -1.0])
09:40:37:005312, 2, 1, 1631828437.0051868, 21, GPS(-43.520554, 172.583063, 21.391926, var=[1.0, 1.0, 1.0]), 48.96905753962163, GPS(-43.520600, 172.583000, 0.000000, var=[-1.0, -1.0, -1.0])
09:40:37:005452, 1, 1, 1631828437.0053475, 17, GPS(-43.520553, 172.582937, 21.407901, var=[1.0, 1.0, 1.0]), 49.01505596432793, GPS(-43.520600, 172.583000, 0.000000, var=[-1.0, -1.0, -1.0])
09:40:37:005546, 3, 2, 1631828437.0054407, 16, GPS(-43.520644, 172.582938, 21.409757, var=[1.0, 1.0, 1.0]), 48.915688711134806, GPS(-43.520600, 172.583000, 0.000000, var=[-1.0, -1.0, -1.0])
09:40:38:009806, 4, 2, 1631828438.0056546, 21, GPS(-43.520645, 172.583063, 21.403781, var=[1.0, 1.0, 1.0]), 48.97045844939179, GPS(-43.520600, 172.583000, 0.000000, var=[-1.0, -1.0, -1.0])
09:40:38:009891, 1, 1, 1631828438.009004, 18, GPS(-43.520553, 172.582937, 21.411902, var=[1.0, 1.0, 1.0]), 49.03376618558772, GPS(-43.520600, 172.583000, 0.000000, var=[-1.0, -1.0, -1.0])
09:40:38:009944, 2, 1, 1631828438.0095391, 22, GPS(-43.520554, 172.583062, 21.409926, var=[1.0, 1.0, 1.0]), 48.99733967001625, GPS(-43.520600, 172.583000, 0.000000, var=[-1.0, -1.0, -1.0])
09:40:38:009993, 3, 2, 1631828438.0097077, 17, GPS(-43.520644, 172.582939, 21.413757, var=[1.0, 1.0, 1.0]), 48.92327966222197, GPS(-43.520600, 172.583000, 0.000000, var=[-1.0, -1.0, -1.0])
09:40:38:010167, 4, 2, 1631828438.0095417, 22, GPS(-43.520645, 172.583063, 21.403781, var=[1.0, 1.0, 1.0]), 48.97045844939179, GPS(-43.520600, 172.583000, 0.000000, var=[-1.0, -1.0, -1.0])
09:40:39:009985, 1, 1, 1631828439.009829, 19, GPS(-43.520553, 172.582937, 21.417902, var=[1.0, 1.0, 1.0]), 49.03728149239318, GPS(-43.520600, 172.583000, 0.000000, var=[-1.0, -1.0, -1.0])
09:40:39:010087, 2, 1, 1631828439.0099363, 23, GPS(-43.520554, 172.583062, 21.405926, var=[1.0, 1.0, 1.0]), 48.989095890262256, GPS(-43.520600, 172.583000, 0.000000, var=[-1.0, -1.0, -1.0])
09:40:39:013589, 4, 2, 1631828439.0101628, 23, GPS(-43.520645, 172.583063, 21.407781, var=[1.0, 1.0, 1.0]), 48.9717077340069, GPS(-43.520600, 172.583000, 0.000000, var=[-1.0, -1.0, -1.0])
09:40:39:013695, 1, 1, 1631828439.0123136, 20, GPS(-43.520553, 172.582937, 21.417902, var=[1.0, 1.0, 1.0]), 49.03728149239318, GPS(-43.520600, 172.583000, 0.000000, var=[-1.0, -1.0, -1.0])
09:40:39:013756, 3, 2, 1631828439.0125751, 18, GPS(-43.520644, 172.582939, 21.407757, var=[1.0, 1.0, 1.0]), 48.91564747316697, GPS(-43.520600, 172.583000, 0.000000, var=[-1.0, -1.0, -1.0])
09:40:39:013938, 2, 1, 1631828439.013283, 24, GPS(-43.520554, 172.583062, 21.405926, var=[1.0, 1.0, 1.0]), 48.989095890262256, GPS(-43.520600, 172.583000, 0.000000, var=[-1.0, -1.0, -1.0])
09:40:39:014000, 4, 2, 1631828439.012837, 24, GPS(-43.520645, 172.583063, 21.407781, var=[1.0, 1.0, 1.0]), 48.9717077340069, GPS(-43.520600, 172.583000, 0.000000, var=[-1.0, -1.0, -1.0])
09:40:40:013412, 3, 2, 1631828440.013226, 19, GPS(-43.520644, 172.582938, 21.407757, var=[1.0, 1.0, 1.0]), 48.92179775749731, GPS(-43.520600, 172.583000, 0.000000, var=[-1.0, -1.0, -1.0])
09:40:40:013635, 1, 1, 1631828440.0133822, 21, GPS(-43.520553, 172.582937, 21.412902, var=[1.0, 1.0, 1.0]), 49.036318325712884, GPS(-43.520600, 172.583000, 0.000000, var=[-1.0, -1.0, -1.0])
09:40:40:045204, 2, 2, 1631828440.0450532, 25, GPS(-43.520554, 172.583062, 21.419926, var=[1.0, 1.0, 1.0]), 49.00168823558116, GPS(-43.520600, 172.583000, 0.000000, var=[-1.0, -1.0, -1.0])
09:40:40:045931, 4, 2, 1631828440.0458133, 25, GPS(-43.520645, 172.583063, 21.399781, var=[1.0, 1.0, 1.0]), 48.96158081912548, GPS(-43.520600, 172.583000, 0.000000, var=[-1.0, -1.0, -1.0])
09:40:40:046549, 2, 2, 1631828440.0464337, 26, GPS(-43.520554, 172.583062, 21.419926, var=[1.0, 1.0, 1.0]), 49.00168823558116, GPS(-43.520600, 172.583000, 0.000000, var=[-1.0, -1.0, -1.0])
09:40:40:047068, 1, 1, 1631828440.0469692, 22, GPS(-43.520553, 172.582937, 21.412902, var=[1.0, 1.0, 1.0]), 49.035462603197786, GPS(-43.520600, 172.583000, 0.000000, var=[-1.0, -1.0, -1.0])
09:40:40:047247, 4, 2, 1631828440.0471728, 26, GPS(-43.520645, 172.583063, 21.399781, var=[1.0, 1.0, 1.0]), 48.96158081912548, GPS(-43.520600, 172.583000, 0.000000, var=[-1.0, -1.0, -1.0])
09:40:40:048205, 3, 2, 1631828440.0481033, 20, GPS(-43.520644, 172.582938, 21.406757, var=[1.0, 1.0, 1.0]), 48.919990986627525, GPS(-43.520600, 172.583000, 0.000000, var=[-1.0, -1.0, -1.0])
09:40:41:047521, 4, 2, 1631828441.0473945, 27, GPS(-43.520645, 172.583063, 21.396781, var=[1.0, 1.0, 1.0]), 48.957543317638326, GPS(-43.520600, 172.583000, 0.000000, var=[-1.0, -1.0, -1.0])
09:40:41:047586, 1, 1, 1631828441.0474896, 23, GPS(-43.520553, 172.582937, 21.401902, var=[1.0, 1.0, 1.0]), 49.02685570428116, GPS(-43.520600, 172.583000, 0.000000, var=[-1.0, -1.0, -1.0])
09:40:41:048365, 2, 2, 1631828441.048269, 27, GPS(-43.520554, 172.583062, 21.408926, var=[1.0, 1.0, 1.0]), 48.99305356571228, GPS(-43.520600, 172.583000, 0.000000, var=[-1.0, -1.0, -1.0])
09:40:41:050960, 1, 1, 1631828441.0508173, 24, GPS(-43.520553, 172.582937, 21.401902, var=[1.0, 1.0, 1.0]), 49.02685570428116, GPS(-43.520600, 172.583000, 0.000000, var=[-1.0, -1.0, -1.0])
09:40:41:051021, 4, 2, 1631828441.0508535, 28, GPS(-43.520645, 172.583063, 21.396781, var=[1.0, 1.0, 1.0]), 48.957543317638326, GPS(-43.520600, 172.583000, 0.000000, var=[-1.0, -1.0, -1.0])
09:40:41:051090, 3, 2, 1631828441.050985, 21, GPS(-43.520644, 172.582938, 21.399757, var=[1.0, 1.0, 1.0]), 48.91092983132812, GPS(-43.520600, 172.583000, 0.000000, var=[-1.0, -1.0, -1.0])
09:40:41:051239, 2, 2, 1631828441.0511212, 28, GPS(-43.520554, 172.583062, 21.408926, var=[1.0, 1.0, 1.0]), 48.99305356571228, GPS(-43.520600, 172.583000, 0.000000, var=[-1.0, -1.0, -1.0])
09:40:42:053553, 1, 1, 1631828442.0532122, 25, GPS(-43.520553, 172.582937, 21.388902, var=[1.0, 1.0, 1.0]), 49.00901266328353, GPS(-43.520600, 172.583000, 0.000000, var=[-1.0, -1.0, -1.0])
09:40:42:053618, 4, 2, 1631828442.053248, 29, GPS(-43.520645, 172.583063, 21.388781, var=[1.0, 1.0, 1.0]), 48.9488193031623, GPS(-43.520600, 172.583000, 0.000000, var=[-1.0, -1.0, -1.0])
09:40:42:053671, 3, 2, 1631828442.0535316, 22, GPS(-43.520644, 172.582938, 21.392757, var=[1.0, 1.0, 1.0]), 48.90550775855808, GPS(-43.520600, 172.583000, 0.000000, var=[-1.0, -1.0, -1.0])
09:40:42:053822, 2, 2, 1631828442.053632, 29, GPS(-43.520554, 172.583062, 21.400926, var=[1.0, 1.0, 1.0]), 48.97999601874443, GPS(-43.520600, 172.583000, 0.000000, var=[-1.0, -1.0, -1.0])
09:40:43:056552, 1, 2, 1631828443.056022, 26, GPS(-43.520553, 172.582937, 21.387902, var=[1.0, 1.0, 1.0]), 48.99381868507119, GPS(-43.520600, 172.583000, 0.000000, var=[-1.0, -1.0, -1.0])
09:40:43:056607, 3, 2, 1631828443.0561018, 23, GPS(-43.520644, 172.582938, 21.373757, var=[1.0, 1.0, 1.0]), 48.87138569443994, GPS(-43.520600, 172.583000, 0.000000, var=[-1.0, -1.0, -1.0])
09:40:43:056724, 4, 2, 1631828443.056158, 30, GPS(-43.520645, 172.583063, 21.385781, var=[1.0, 1.0, 1.0]), 48.931738675423944, GPS(-43.520600, 172.583000, 0.000000, var=[-1.0, -1.0, -1.0])
09:40:43:056755, 2, 2, 1631828443.056434, 30, GPS(-43.520554, 172.583062, 21.390926, var=[1.0, 1.0, 1.0]), 48.952662668575144, GPS(-43.520600, 172.583000, 0.000000, var=[-1.0, -1.0, -1.0])
09:40:44:059169, 1, 2, 1631828444.058952, 27, GPS(-43.520553, 172.582937, 21.381902, var=[1.0, 1.0, 1.0]), 48.97947709283683, GPS(-43.520600, 172.583000, 0.000000, var=[-1.0, -1.0, -1.0])
09:40:44:059710, 2, 2, 1631828444.059446, 31, GPS(-43.520554, 172.583062, 21.371926, var=[1.0, 1.0, 1.0]), 48.92857027888455, GPS(-43.520600, 172.583000, 0.000000, var=[-1.0, -1.0, -1.0])
09:40:44:059796, 3, 2, 1631828444.0596337, 24, GPS(-43.520644, 172.582938, 21.372757, var=[1.0, 1.0, 1.0]), 48.866142705262675, GPS(-43.520600, 172.583000, 0.000000, var=[-1.0, -1.0, -1.0])
09:40:44:060119, 4, 2, 1631828444.0600011, 31, GPS(-43.520645, 172.583063, 21.377781, var=[1.0, 1.0, 1.0]), 48.919895172166065, GPS(-43.520600, 172.583000, 0.000000, var=[-1.0, -1.0, -1.0])
09:40:45:066126, 2, 2, 1631828445.0633276, 32, GPS(-43.520554, 172.583062, 21.359926, var=[1.0, 1.0, 1.0]), 48.89832321431737, GPS(-43.520600, 172.583000, 0.000000, var=[-1.0, -1.0, -1.0])
STOP: 09/17/2021 09:40:53:212016
