START: 09/17/2021 09:25:18:533700
TIME,            RX_ID,          STATE,          TIMESTAMP,          SEQ_NO,          RX_COORDS,          RANGE_READING,          TARGET_COORDS,          
09:25:32:287277, 3, 1, 1631827532.260295, 0, GPS(-43.520645, 172.582939, 21.463755, var=[1.0, 1.0, 1.0]), 37.58849244575222, GPS(-43.520600, 172.583000, 0.000000, var=[-1.0, -1.0, -1.0])
09:25:32:287345, 1, 1, 1631827532.2630806, 0, GPS(-43.520554, 172.582937, 21.447900, var=[1.0, 1.0, 1.0]), 37.61901928973427, GPS(-43.520600, 172.583000, 0.000000, var=[-1.0, -1.0, -1.0])
09:25:32:287378, 2, 1, 1631827532.2606342, 0, GPS(-43.520555, 172.583062, 21.453925, var=[1.0, 1.0, 1.0]), 37.60148844911909, GPS(-43.520600, 172.583000, 0.000000, var=[-1.0, -1.0, -1.0])
09:25:32:290986, 4, 1, 1631827532.290853, 0, GPS(-43.520646, 172.583063, 21.454780, var=[1.0, 1.0, 1.0]), 37.61916110323067, GPS(-43.520600, 172.583000, 0.000000, var=[-1.0, -1.0, -1.0])
09:25:32:489998, 2, 1, 1631827532.4898171, 1, GPS(-43.520555, 172.583062, 21.453925, var=[1.0, 1.0, 1.0]), 49.23152068951159, GPS(-43.520600, 172.583000, 0.000000, var=[-1.0, -1.0, -1.0])
09:25:32:490129, 3, 1, 1631827532.489885, 1, GPS(-43.520645, 172.582939, 21.461755, var=[1.0, 1.0, 1.0]), 49.214163653604885, GPS(-43.520600, 172.583000, 0.000000, var=[-1.0, -1.0, -1.0])
09:25:32:490173, 4, 1, 1631827532.49003, 1, GPS(-43.520646, 172.583063, 21.457780, var=[1.0, 1.0, 1.0]), 49.253847976898456, GPS(-43.520600, 172.583000, 0.000000, var=[-1.0, -1.0, -1.0])
09:25:32:490297, 1, 1, 1631827532.4901886, 1, GPS(-43.520554, 172.582937, 21.459900, var=[1.0, 1.0, 1.0]), 49.258630676849094, GPS(-43.520600, 172.583000, 0.000000, var=[-1.0, -1.0, -1.0])
09:25:33:492169, 3, 1, 1631827533.4919293, 2, GPS(-43.520645, 172.582939, 21.467755, var=[1.0, 1.0, 1.0]), 49.21835360963902, GPS(-43.520600, 172.583000, 0.000000, var=[-1.0, -1.0, -1.0])
09:25:33:492463, 4, 1, 1631827533.4922867, 2, GPS(-43.520645, 172.583063, 21.470780, var=[1.0, 1.0, 1.0]), 49.2657124537057, GPS(-43.520600, 172.583000, 0.000000, var=[-1.0, -1.0, -1.0])
09:25:33:492762, 2, 1, 1631827533.492593, 2, GPS(-43.520555, 172.583062, 21.462925, var=[1.0, 1.0, 1.0]), 49.24565732366867, GPS(-43.520600, 172.583000, 0.000000, var=[-1.0, -1.0, -1.0])
09:25:33:494634, 1, 1, 1631827533.4944305, 2, GPS(-43.520554, 172.582938, 21.460900, var=[1.0, 1.0, 1.0]), 49.26051534720641, GPS(-43.520600, 172.583000, 0.000000, var=[-1.0, -1.0, -1.0])
09:25:33:593503, 3, 1, 1631827533.5931566, 3, GPS(-43.520645, 172.582939, 21.468755, var=[1.0, 1.0, 1.0]), 49.22425531900815, GPS(-43.520600, 172.583000, 0.000000, var=[-1.0, -1.0, -1.0])
09:25:33:594479, 1, 1, 1631827533.5940316, 3, GPS(-43.520554, 172.582938, 21.462900, var=[1.0, 1.0, 1.0]), 49.26736339219044, GPS(-43.520600, 172.583000, 0.000000, var=[-1.0, -1.0, -1.0])
09:25:33:594634, 2, 1, 1631827533.5945258, 3, GPS(-43.520555, 172.583062, 21.461925, var=[1.0, 1.0, 1.0]), 49.25145198828277, GPS(-43.520600, 172.583000, 0.000000, var=[-1.0, -1.0, -1.0])
09:25:33:594749, 4, 1, 1631827533.5946631, 3, GPS(-43.520645, 172.583063, 21.470780, var=[1.0, 1.0, 1.0]), 49.270663684299166, GPS(-43.520600, 172.583000, 0.000000, var=[-1.0, -1.0, -1.0])
09:25:34:596926, 1, 1, 1631827534.5967426, 4, GPS(-43.520554, 172.582938, 21.475900, var=[1.0, 1.0, 1.0]), 49.27690285275145, GPS(-43.520600, 172.583000, 0.000000, var=[-1.0, -1.0, -1.0])
09:25:34:597698, 2, 1, 1631827534.597531, 4, GPS(-43.520555, 172.583063, 21.467925, var=[1.0, 1.0, 1.0]), 49.257941116607476, GPS(-43.520600, 172.583000, 0.000000, var=[-1.0, -1.0, -1.0])
09:25:34:599667, 3, 1, 1631827534.5994859, 4, GPS(-43.520645, 172.582939, 21.483755, var=[1.0, 1.0, 1.0]), 49.231543825212626, GPS(-43.520600, 172.583000, 0.000000, var=[-1.0, -1.0, -1.0])
09:25:34:600466, 4, 1, 1631827534.6002975, 4, GPS(-43.520645, 172.583063, 21.471780, var=[1.0, 1.0, 1.0]), 49.276053225565235, GPS(-43.520600, 172.583000, 0.000000, var=[-1.0, -1.0, -1.0])
09:25:34:600790, 1, 1, 1631827534.6006272, 5, GPS(-43.520554, 172.582938, 21.475900, var=[1.0, 1.0, 1.0]), 49.27690285275145, GPS(-43.520600, 172.583000, 0.000000, var=[-1.0, -1.0, -1.0])
09:25:34:601904, 2, 1, 1631827534.6008272, 5, GPS(-43.520555, 172.583063, 21.468925, var=[1.0, 1.0, 1.0]), 49.25889010567417, GPS(-43.520600, 172.583000, 0.000000, var=[-1.0, -1.0, -1.0])
09:25:35:603002, 4, 1, 1631827535.6028407, 5, GPS(-43.520645, 172.583064, 21.472780, var=[1.0, 1.0, 1.0]), 49.28215527348479, GPS(-43.520600, 172.583000, 0.000000, var=[-1.0, -1.0, -1.0])
09:25:35:604462, 3, 1, 1631827535.6043072, 5, GPS(-43.520645, 172.582939, 21.474755, var=[1.0, 1.0, 1.0]), 49.22697588905642, GPS(-43.520600, 172.583000, 0.000000, var=[-1.0, -1.0, -1.0])
09:25:35:604764, 2, 1, 1631827535.6046247, 6, GPS(-43.520555, 172.583063, 21.472925, var=[1.0, 1.0, 1.0]), 49.269158785757426, GPS(-43.520600, 172.583000, 0.000000, var=[-1.0, -1.0, -1.0])
09:25:35:604848, 1, 1, 1631827535.6047213, 6, GPS(-43.520554, 172.582938, 21.485900, var=[1.0, 1.0, 1.0]), 49.28680671782642, GPS(-43.520600, 172.583000, 0.000000, var=[-1.0, -1.0, -1.0])
09:25:35:605566, 4, 1, 1631827535.60544, 6, GPS(-43.520645, 172.583064, 21.472780, var=[1.0, 1.0, 1.0]), 49.28215527348479, GPS(-43.520600, 172.583000, 0.000000, var=[-1.0, -1.0, -1.0])
09:25:36:608288, 1, 1, 1631827536.6080604, 7, GPS(-43.520554, 172.582938, 21.478900, var=[1.0, 1.0, 1.0]), 49.27968058274408, GPS(-43.520600, 172.583000, 0.000000, var=[-1.0, -1.0, -1.0])
09:25:36:609486, 3, 1, 1631827536.6093385, 6, GPS(-43.520645, 172.582939, 21.466755, var=[1.0, 1.0, 1.0]), 49.214615002894774, GPS(-43.520600, 172.583000, 0.000000, var=[-1.0, -1.0, -1.0])
09:25:36:609788, 2, 1, 1631827536.6096573, 7, GPS(-43.520554, 172.583063, 21.459925, var=[1.0, 1.0, 1.0]), 49.25631358460164, GPS(-43.520600, 172.583000, 0.000000, var=[-1.0, -1.0, -1.0])
09:25:36:609857, 4, 1, 1631827536.609731, 7, GPS(-43.520645, 172.583064, 21.471780, var=[1.0, 1.0, 1.0]), 49.28003167696224, GPS(-43.520600, 172.583000, 0.000000, var=[-1.0, -1.0, -1.0])
09:25:36:712375, 3, 1, 1631827536.7121928, 7, GPS(-43.520645, 172.582939, 21.466755, var=[1.0, 1.0, 1.0]), 49.202654702423345, GPS(-43.520600, 172.583000, 0.000000, var=[-1.0, -1.0, -1.0])
09:25:36:712732, 2, 1, 1631827536.7125902, 8, GPS(-43.520554, 172.583063, 21.459925, var=[1.0, 1.0, 1.0]), 49.24435328413021, GPS(-43.520600, 172.583000, 0.000000, var=[-1.0, -1.0, -1.0])
09:25:36:713464, 1, 1, 1631827536.7133236, 8, GPS(-43.520554, 172.582938, 21.477900, var=[1.0, 1.0, 1.0]), 49.26677168258269, GPS(-43.520600, 172.583000, 0.000000, var=[-1.0, -1.0, -1.0])
09:25:36:713638, 4, 1, 1631827536.7133145, 8, GPS(-43.520645, 172.583064, 21.471780, var=[1.0, 1.0, 1.0]), 49.26807137649081, GPS(-43.520600, 172.583000, 0.000000, var=[-1.0, -1.0, -1.0])
09:25:37:713558, 3, 1, 1631827537.7134392, 8, GPS(-43.520645, 172.582939, 21.463755, var=[1.0, 1.0, 1.0]), 49.198864903719866, GPS(-43.520600, 172.583000, 0.000000, var=[-1.0, -1.0, -1.0])
09:25:37:714560, 1, 1, 1631827537.7144654, 9, GPS(-43.520554, 172.582938, 21.473900, var=[1.0, 1.0, 1.0]), 49.254900182087276, GPS(-43.520600, 172.583000, 0.000000, var=[-1.0, -1.0, -1.0])
09:25:37:736191, 4, 1, 1631827537.736044, 9, GPS(-43.520645, 172.583064, 21.468780, var=[1.0, 1.0, 1.0]), 49.26227208095329, GPS(-43.520600, 172.583000, 0.000000, var=[-1.0, -1.0, -1.0])
09:25:37:752779, 2, 1, 1631827537.7526493, 9, GPS(-43.520554, 172.583062, 21.451926, var=[1.0, 1.0, 1.0]), 49.2395181142783, GPS(-43.520600, 172.583000, 0.000000, var=[-1.0, -1.0, -1.0])
09:25:37:818018, 3, 1, 1631827537.8177817, 9, GPS(-43.520645, 172.582939, 21.462755, var=[1.0, 1.0, 1.0]), 49.19451418473754, GPS(-43.520600, 172.583000, 0.000000, var=[-1.0, -1.0, -1.0])
09:25:37:820007, 1, 1, 1631827537.8193674, 10, GPS(-43.520554, 172.582938, 21.472900, var=[1.0, 1.0, 1.0]), 49.2529968383855, GPS(-43.520600, 172.583000, 0.000000, var=[-1.0, -1.0, -1.0])
09:25:37:820128, 2, 1, 1631827537.8199482, 10, GPS(-43.520554, 172.583062, 21.451926, var=[1.0, 1.0, 1.0]), 49.2395181142783, GPS(-43.520600, 172.583000, 0.000000, var=[-1.0, -1.0, -1.0])
09:25:37:820543, 4, 1, 1631827537.8203542, 10, GPS(-43.520645, 172.583064, 21.468780, var=[1.0, 1.0, 1.0]), 49.26227208095329, GPS(-43.520600, 172.583000, 0.000000, var=[-1.0, -1.0, -1.0])
09:25:38:821775, 3, 1, 1631827538.8216028, 10, GPS(-43.520645, 172.582939, 21.460755, var=[1.0, 1.0, 1.0]), 49.19718674809551, GPS(-43.520600, 172.583000, 0.000000, var=[-1.0, -1.0, -1.0])
09:25:38:821933, 1, 1, 1631827538.821707, 11, GPS(-43.520554, 172.582938, 21.462900, var=[1.0, 1.0, 1.0]), 49.25242322131612, GPS(-43.520600, 172.583000, 0.000000, var=[-1.0, -1.0, -1.0])
09:25:38:822252, 4, 1, 1631827538.8221536, 11, GPS(-43.520645, 172.583063, 21.462780, var=[1.0, 1.0, 1.0]), 49.253983392342334, GPS(-43.520600, 172.583000, 0.000000, var=[-1.0, -1.0, -1.0])
09:25:38:822579, 2, 1, 1631827538.8224838, 11, GPS(-43.520554, 172.583062, 21.462926, var=[1.0, 1.0, 1.0]), 49.249208964130794, GPS(-43.520600, 172.583000, 0.000000, var=[-1.0, -1.0, -1.0])
09:25:39:825279, 3, 1, 1631827539.82513, 11, GPS(-43.520645, 172.582939, 21.460755, var=[1.0, 1.0, 1.0]), 49.20940217861883, GPS(-43.520600, 172.583000, 0.000000, var=[-1.0, -1.0, -1.0])
09:25:39:826082, 2, 1, 1631827539.8259768, 12, GPS(-43.520554, 172.583062, 21.460925, var=[1.0, 1.0, 1.0]), 49.24923384523799, GPS(-43.520600, 172.583000, 0.000000, var=[-1.0, -1.0, -1.0])
09:25:39:826258, 4, 1, 1631827539.8261328, 12, GPS(-43.520645, 172.583063, 21.462780, var=[1.0, 1.0, 1.0]), 49.26016697399403, GPS(-43.520600, 172.583000, 0.000000, var=[-1.0, -1.0, -1.0])
09:25:39:826432, 1, 1, 1631827539.8263245, 12, GPS(-43.520554, 172.582938, 21.464900, var=[1.0, 1.0, 1.0]), 49.261595880160414, GPS(-43.520600, 172.583000, 0.000000, var=[-1.0, -1.0, -1.0])
09:25:40:827454, 3, 1, 1631827540.827332, 12, GPS(-43.520645, 172.582939, 21.459755, var=[1.0, 1.0, 1.0]), 49.229226946428994, GPS(-43.520600, 172.583000, 0.000000, var=[-1.0, -1.0, -1.0])
09:25:40:827901, 4, 1, 1631827540.8277035, 13, GPS(-43.520645, 172.583063, 21.458781, var=[1.0, 1.0, 1.0]), 49.26499293344642, GPS(-43.520600, 172.583000, 0.000000, var=[-1.0, -1.0, -1.0])
09:25:40:862795, 2, 1, 1631827540.8626704, 13, GPS(-43.520554, 172.583062, 21.461925, var=[1.0, 1.0, 1.0]), 49.2423783254972, GPS(-43.520600, 172.583000, 0.000000, var=[-1.0, -1.0, -1.0])
09:25:40:873781, 1, 1, 1631827540.873652, 13, GPS(-43.520554, 172.582937, 21.457900, var=[1.0, 1.0, 1.0]), 49.26183237779233, GPS(-43.520600, 172.583000, 0.000000, var=[-1.0, -1.0, -1.0])
09:25:40:929347, 2, 1, 1631827540.92921, 14, GPS(-43.520554, 172.583062, 21.461925, var=[1.0, 1.0, 1.0]), 49.2423783254972, GPS(-43.520600, 172.583000, 0.000000, var=[-1.0, -1.0, -1.0])
09:25:40:929969, 3, 1, 1631827540.929866, 13, GPS(-43.520645, 172.582939, 21.457755, var=[1.0, 1.0, 1.0]), 49.20729690017994, GPS(-43.520600, 172.583000, 0.000000, var=[-1.0, -1.0, -1.0])
09:25:40:930406, 4, 1, 1631827540.9303074, 14, GPS(-43.520645, 172.583063, 21.456781, var=[1.0, 1.0, 1.0]), 49.241256065267436, GPS(-43.520600, 172.583000, 0.000000, var=[-1.0, -1.0, -1.0])
09:25:40:932458, 1, 1, 1631827540.9319234, 14, GPS(-43.520554, 172.582937, 21.456900, var=[1.0, 1.0, 1.0]), 49.26088424653665, GPS(-43.520600, 172.583000, 0.000000, var=[-1.0, -1.0, -1.0])
09:25:41:934306, 4, 1, 1631827541.9341574, 15, GPS(-43.520645, 172.583063, 21.455780, var=[1.0, 1.0, 1.0]), 49.24377583553536, GPS(-43.520600, 172.583000, 0.000000, var=[-1.0, -1.0, -1.0])
09:25:41:934429, 1, 1, 1631827541.9343116, 15, GPS(-43.520554, 172.582937, 21.449900, var=[1.0, 1.0, 1.0]), 49.25704766094101, GPS(-43.520600, 172.583000, 0.000000, var=[-1.0, -1.0, -1.0])
09:25:41:934481, 3, 1, 1631827541.9343607, 14, GPS(-43.520645, 172.582939, 21.449755, var=[1.0, 1.0, 1.0]), 49.203144945158115, GPS(-43.520600, 172.583000, 0.000000, var=[-1.0, -1.0, -1.0])
09:25:41:934934, 2, 1, 1631827541.9328218, 15, GPS(-43.520555, 172.583062, 21.466925, var=[1.0, 1.0, 1.0]), 49.2456335817241, GPS(-43.520600, 172.583000, 0.000000, var=[-1.0, -1.0, -1.0])
09:25:42:936462, 2, 1, 1631827542.9363198, 16, GPS(-43.520554, 172.583062, 21.468925, var=[1.0, 1.0, 1.0]), 49.250255002893226, GPS(-43.520600, 172.583000, 0.000000, var=[-1.0, -1.0, -1.0])
09:25:42:938202, 3, 1, 1631827542.93804, 15, GPS(-43.520645, 172.582938, 21.457755, var=[1.0, 1.0, 1.0]), 49.21453280012881, GPS(-43.520600, 172.583000, 0.000000, var=[-1.0, -1.0, -1.0])
09:25:42:938539, 1, 1, 1631827542.9381552, 16, GPS(-43.520554, 172.582937, 21.456900, var=[1.0, 1.0, 1.0]), 49.26389762183685, GPS(-43.520600, 172.583000, 0.000000, var=[-1.0, -1.0, -1.0])
09:25:42:939244, 4, 1, 1631827542.9389248, 16, GPS(-43.520645, 172.583063, 21.465780, var=[1.0, 1.0, 1.0]), 49.25708686282283, GPS(-43.520600, 172.583000, 0.000000, var=[-1.0, -1.0, -1.0])
09:25:42:939339, 2, 1, 1631827542.9386976, 17, GPS(-43.520554, 172.583062, 21.468925, var=[1.0, 1.0, 1.0]), 49.250255002893226, GPS(-43.520600, 172.583000, 0.000000, var=[-1.0, -1.0, -1.0])
09:25:43:940982, 2, 1, 1631827543.940811, 18, GPS(-43.520555, 172.583062, 21.459925, var=[1.0, 1.0, 1.0]), 49.232665843825274, GPS(-43.520600, 172.583000, 0.000000, var=[-1.0, -1.0, -1.0])
09:25:43:941323, 4, 1, 1631827543.941139, 17, GPS(-43.520645, 172.583063, 21.468780, var=[1.0, 1.0, 1.0]), 49.26188328054895, GPS(-43.520600, 172.583000, 0.000000, var=[-1.0, -1.0, -1.0])
09:25:43:941428, 3, 1, 1631827543.9412782, 16, GPS(-43.520645, 172.582938, 21.460755, var=[1.0, 1.0, 1.0]), 49.216838706728524, GPS(-43.520600, 172.583000, 0.000000, var=[-1.0, -1.0, -1.0])
09:25:43:941643, 1, 1, 1631827543.9414332, 17, GPS(-43.520554, 172.582938, 21.465900, var=[1.0, 1.0, 1.0]), 49.265119229664016, GPS(-43.520600, 172.583000, 0.000000, var=[-1.0, -1.0, -1.0])
09:25:44:042305, 4, 1, 1631827544.0421753, 18, GPS(-43.520645, 172.583063, 21.466780, var=[1.0, 1.0, 1.0]), 49.25294185704531, GPS(-43.520600, 172.583000, 0.000000, var=[-1.0, -1.0, -1.0])
09:25:44:043174, 3, 1, 1631827544.0429747, 17, GPS(-43.520645, 172.582938, 21.460755, var=[1.0, 1.0, 1.0]), 49.20979449969916, GPS(-43.520600, 172.583000, 0.000000, var=[-1.0, -1.0, -1.0])
09:25:44:043489, 2, 1, 1631827544.0433137, 19, GPS(-43.520555, 172.583062, 21.460925, var=[1.0, 1.0, 1.0]), 49.22657108609583, GPS(-43.520600, 172.583000, 0.000000, var=[-1.0, -1.0, -1.0])
09:25:44:043711, 1, 1, 1631827544.043546, 18, GPS(-43.520554, 172.582938, 21.466900, var=[1.0, 1.0, 1.0]), 49.25902337465651, GPS(-43.520600, 172.583000, 0.000000, var=[-1.0, -1.0, -1.0])
09:25:45:045334, 4, 1, 1631827545.045152, 19, GPS(-43.520646, 172.583063, 21.461780, var=[1.0, 1.0, 1.0]), 49.24606763578373, GPS(-43.520600, 172.583000, 0.000000, var=[-1.0, -1.0, -1.0])
09:25:45:048885, 3, 1, 1631827545.0486183, 18, GPS(-43.520645, 172.582938, 21.453755, var=[1.0, 1.0, 1.0]), 49.20569618647641, GPS(-43.520600, 172.583000, 0.000000, var=[-1.0, -1.0, -1.0])
09:25:45:049189, 1, 1, 1631827545.0486712, 19, GPS(-43.520554, 172.582937, 21.466900, var=[1.0, 1.0, 1.0]), 49.26091119729239, GPS(-43.520600, 172.583000, 0.000000, var=[-1.0, -1.0, -1.0])
09:25:45:049284, 4, 1, 1631827545.0490634, 20, GPS(-43.520646, 172.583063, 21.461780, var=[1.0, 1.0, 1.0]), 49.24606763578373, GPS(-43.520600, 172.583000, 0.000000, var=[-1.0, -1.0, -1.0])
09:25:45:050307, 2, 1, 1631827545.050098, 20, GPS(-43.520555, 172.583062, 21.457925, var=[1.0, 1.0, 1.0]), 49.22023600260216, GPS(-43.520600, 172.583000, 0.000000, var=[-1.0, -1.0, -1.0])
09:25:46:051975, 1, 1, 1631827546.0517983, 20, GPS(-43.520554, 172.582937, 21.450899, var=[1.0, 1.0, 1.0]), 49.24480861260696, GPS(-43.520600, 172.583000, 0.000000, var=[-1.0, -1.0, -1.0])
09:25:46:052336, 3, 1, 1631827546.052164, 19, GPS(-43.520645, 172.582938, 21.438755, var=[1.0, 1.0, 1.0]), 49.19118820216271, GPS(-43.520600, 172.583000, 0.000000, var=[-1.0, -1.0, -1.0])
09:25:46:052943, 4, 1, 1631827546.0527534, 21, GPS(-43.520645, 172.583063, 21.450780, var=[1.0, 1.0, 1.0]), 49.22750158582262, GPS(-43.520600, 172.583000, 0.000000, var=[-1.0, -1.0, -1.0])
09:25:46:053121, 2, 1, 1631827546.052995, 21, GPS(-43.520555, 172.583062, 21.449925, var=[1.0, 1.0, 1.0]), 49.20705347797219, GPS(-43.520600, 172.583000, 0.000000, var=[-1.0, -1.0, -1.0])
09:25:46:154944, 2, 1, 1631827546.1547334, 22, GPS(-43.520555, 172.583062, 21.448925, var=[1.0, 1.0, 1.0]), 49.19809426566428, GPS(-43.520600, 172.583000, 0.000000, var=[-1.0, -1.0, -1.0])
09:25:46:156257, 1, 1, 1631827546.1556084, 21, GPS(-43.520554, 172.582937, 21.450899, var=[1.0, 1.0, 1.0]), 49.23679905521314, GPS(-43.520600, 172.583000, 0.000000, var=[-1.0, -1.0, -1.0])
09:25:46:156310, 3, 1, 1631827546.155457, 20, GPS(-43.520645, 172.582938, 21.438755, var=[1.0, 1.0, 1.0]), 49.18317864476888, GPS(-43.520600, 172.583000, 0.000000, var=[-1.0, -1.0, -1.0])
09:25:46:156633, 4, 1, 1631827546.1556737, 22, GPS(-43.520645, 172.583063, 21.450780, var=[1.0, 1.0, 1.0]), 49.21769317825289, GPS(-43.520600, 172.583000, 0.000000, var=[-1.0, -1.0, -1.0])
09:25:47:157771, 3, 1, 1631827547.157649, 21, GPS(-43.520645, 172.582938, 21.440755, var=[1.0, 1.0, 1.0]), 49.18443637266452, GPS(-43.520600, 172.583000, 0.000000, var=[-1.0, -1.0, -1.0])
09:25:47:158088, 2, 1, 1631827547.1579878, 23, GPS(-43.520554, 172.583062, 21.442925, var=[1.0, 1.0, 1.0]), 49.19740941968709, GPS(-43.520600, 172.583000, 0.000000, var=[-1.0, -1.0, -1.0])
09:25:47:158282, 4, 1, 1631827547.1581712, 23, GPS(-43.520645, 172.583063, 21.438780, var=[1.0, 1.0, 1.0]), 49.20633691743873, GPS(-43.520600, 172.583000, 0.000000, var=[-1.0, -1.0, -1.0])
09:25:47:158341, 1, 1, 1631827547.158189, 22, GPS(-43.520554, 172.582937, 21.442899, var=[1.0, 1.0, 1.0]), 49.232871899872265, GPS(-43.520600, 172.583000, 0.000000, var=[-1.0, -1.0, -1.0])
09:25:47:159878, 3, 1, 1631827547.159558, 22, GPS(-43.520645, 172.582938, 21.440755, var=[1.0, 1.0, 1.0]), 49.18443637266452, GPS(-43.520600, 172.583000, 0.000000, var=[-1.0, -1.0, -1.0])
09:25:47:198692, 2, 1, 1631827547.198507, 24, GPS(-43.520554, 172.583062, 21.443925, var=[1.0, 1.0, 1.0]), 49.188417133871695, GPS(-43.520600, 172.583000, 0.000000, var=[-1.0, -1.0, -1.0])
09:25:47:200992, 4, 1, 1631827547.1997962, 24, GPS(-43.520645, 172.583063, 21.438780, var=[1.0, 1.0, 1.0]), 49.19639521227155, GPS(-43.520600, 172.583000, 0.000000, var=[-1.0, -1.0, -1.0])
09:25:47:201070, 1, 1, 1631827547.200956, 23, GPS(-43.520554, 172.582937, 21.442899, var=[1.0, 1.0, 1.0]), 49.222930194705086, GPS(-43.520600, 172.583000, 0.000000, var=[-1.0, -1.0, -1.0])
09:25:48:164563, 4, 1, 1631827548.1641705, 25, GPS(-43.520645, 172.583063, 21.443780, var=[1.0, 1.0, 1.0]), 49.19865840096457, GPS(-43.520600, 172.583000, 0.000000, var=[-1.0, -1.0, -1.0])
09:25:48:165325, 1, 1, 1631827548.1651626, 24, GPS(-43.520554, 172.582937, 21.449900, var=[1.0, 1.0, 1.0]), 49.23025692767153, GPS(-43.520600, 172.583000, 0.000000, var=[-1.0, -1.0, -1.0])
09:25:48:166154, 3, 1, 1631827548.1659882, 23, GPS(-43.520645, 172.582938, 21.449755, var=[1.0, 1.0, 1.0]), 49.18125999426315, GPS(-43.520600, 172.583000, 0.000000, var=[-1.0, -1.0, -1.0])
09:25:48:166592, 2, 1, 1631827548.166259, 25, GPS(-43.520554, 172.583062, 21.445925, var=[1.0, 1.0, 1.0]), 49.192814785740715, GPS(-43.520600, 172.583000, 0.000000, var=[-1.0, -1.0, -1.0])
09:25:49:165851, 4, 1, 1631827549.1657257, 26, GPS(-43.520645, 172.583063, 21.459780, var=[1.0, 1.0, 1.0]), 49.221750624021574, GPS(-43.520600, 172.583000, 0.000000, var=[-1.0, -1.0, -1.0])
09:25:49:168688, 3, 1, 1631827549.168533, 24, GPS(-43.520645, 172.582938, 21.453755, var=[1.0, 1.0, 1.0]), 49.19362476729734, GPS(-43.520600, 172.583000, 0.000000, var=[-1.0, -1.0, -1.0])
09:25:49:169034, 4, 1, 1631827549.1689165, 27, GPS(-43.520645, 172.583063, 21.459780, var=[1.0, 1.0, 1.0]), 49.221750624021574, GPS(-43.520600, 172.583000, 0.000000, var=[-1.0, -1.0, -1.0])
09:25:49:169991, 2, 1, 1631827549.169868, 26, GPS(-43.520555, 172.583061, 21.448925, var=[1.0, 1.0, 1.0]), 49.19501184612311, GPS(-43.520600, 172.583000, 0.000000, var=[-1.0, -1.0, -1.0])
09:25:49:170188, 1, 1, 1631827549.170082, 25, GPS(-43.520554, 172.582937, 21.448900, var=[1.0, 1.0, 1.0]), 49.2379294204841, GPS(-43.520600, 172.583000, 0.000000, var=[-1.0, -1.0, -1.0])
09:25:49:171678, 3, 1, 1631827549.1712615, 25, GPS(-43.520645, 172.582938, 21.453755, var=[1.0, 1.0, 1.0]), 49.19362476729734, GPS(-43.520600, 172.583000, 0.000000, var=[-1.0, -1.0, -1.0])
09:25:50:171275, 4, 1, 1631827550.1711245, 28, GPS(-43.520645, 172.583063, 21.452780, var=[1.0, 1.0, 1.0]), 49.21530894893307, GPS(-43.520600, 172.583000, 0.000000, var=[-1.0, -1.0, -1.0])
09:25:50:171683, 3, 1, 1631827550.171558, 26, GPS(-43.520645, 172.582938, 21.450755, var=[1.0, 1.0, 1.0]), 49.192775074172744, GPS(-43.520600, 172.583000, 0.000000, var=[-1.0, -1.0, -1.0])
09:25:50:172708, 1, 1, 1631827550.1723244, 26, GPS(-43.520554, 172.582937, 21.441900, var=[1.0, 1.0, 1.0]), 49.23148281678873, GPS(-43.520600, 172.583000, 0.000000, var=[-1.0, -1.0, -1.0])
09:25:50:174282, 2, 1, 1631827550.1733978, 27, GPS(-43.520555, 172.583061, 21.451925, var=[1.0, 1.0, 1.0]), 49.199860704618175, GPS(-43.520600, 172.583000, 0.000000, var=[-1.0, -1.0, -1.0])
09:25:51:173916, 4, 1, 1631827551.1737576, 29, GPS(-43.520646, 172.583063, 21.460780, var=[1.0, 1.0, 1.0]), 49.23678120208736, GPS(-43.520600, 172.583000, 0.000000, var=[-1.0, -1.0, -1.0])
09:25:51:175918, 2, 1, 1631827551.1757915, 28, GPS(-43.520555, 172.583061, 21.454925, var=[1.0, 1.0, 1.0]), 49.21162557494195, GPS(-43.520600, 172.583000, 0.000000, var=[-1.0, -1.0, -1.0])
09:25:51:176341, 1, 1, 1631827551.1762342, 27, GPS(-43.520554, 172.582937, 21.446900, var=[1.0, 1.0, 1.0]), 49.24262684436755, GPS(-43.520600, 172.583000, 0.000000, var=[-1.0, -1.0, -1.0])
09:25:51:176407, 4, 1, 1631827551.176319, 30, GPS(-43.520646, 172.583063, 21.460780, var=[1.0, 1.0, 1.0]), 49.23678120208736, GPS(-43.520600, 172.583000, 0.000000, var=[-1.0, -1.0, -1.0])
09:25:51:176517, 3, 1, 1631827551.1764338, 27, GPS(-43.520645, 172.582938, 21.450755, var=[1.0, 1.0, 1.0]), 49.20415181636778, GPS(-43.520600, 172.583000, 0.000000, var=[-1.0, -1.0, -1.0])
09:25:52:178096, 2, 1, 1631827552.1779702, 29, GPS(-43.520555, 172.583062, 21.450925, var=[1.0, 1.0, 1.0]), 49.21381850300183, GPS(-43.520600, 172.583000, 0.000000, var=[-1.0, -1.0, -1.0])
09:25:52:180056, 4, 1, 1631827552.1798112, 31, GPS(-43.520646, 172.583062, 21.457780, var=[1.0, 1.0, 1.0]), 49.237078611222955, GPS(-43.520600, 172.583000, 0.000000, var=[-1.0, -1.0, -1.0])
09:25:52:180255, 3, 1, 1631827552.1800692, 28, GPS(-43.520645, 172.582938, 21.449754, var=[1.0, 1.0, 1.0]), 49.213078795646595, GPS(-43.520600, 172.583000, 0.000000, var=[-1.0, -1.0, -1.0])
09:25:52:181024, 1, 1, 1631827552.1808367, 28, GPS(-43.520554, 172.582937, 21.453899, var=[1.0, 1.0, 1.0]), 49.25100830781442, GPS(-43.520600, 172.583000, 0.000000, var=[-1.0, -1.0, -1.0])
09:25:52:181753, 2, 1, 1631827552.1815743, 30, GPS(-43.520555, 172.583062, 21.450925, var=[1.0, 1.0, 1.0]), 49.21381850300183, GPS(-43.520600, 172.583000, 0.000000, var=[-1.0, -1.0, -1.0])
09:25:53:181848, 4, 1, 1631827553.1817124, 32, GPS(-43.520646, 172.583063, 21.457780, var=[1.0, 1.0, 1.0]), 49.23291885241079, GPS(-43.520600, 172.583000, 0.000000, var=[-1.0, -1.0, -1.0])
09:25:53:181986, 3, 1, 1631827553.1818905, 29, GPS(-43.520645, 172.582938, 21.454754, var=[1.0, 1.0, 1.0]), 49.20647928600633, GPS(-43.520600, 172.583000, 0.000000, var=[-1.0, -1.0, -1.0])
09:25:53:182969, 1, 1, 1631827553.1828656, 29, GPS(-43.520554, 172.582937, 21.452899, var=[1.0, 1.0, 1.0]), 49.234395636760894, GPS(-43.520600, 172.583000, 0.000000, var=[-1.0, -1.0, -1.0])
09:25:53:183112, 2, 1, 1631827553.1829715, 31, GPS(-43.520555, 172.583062, 21.447925, var=[1.0, 1.0, 1.0]), 49.1999951580534, GPS(-43.520600, 172.583000, 0.000000, var=[-1.0, -1.0, -1.0])
09:25:53:285096, 2, 1, 1631827553.2849526, 32, GPS(-43.520555, 172.583062, 21.447925, var=[1.0, 1.0, 1.0]), 49.20742887694885, GPS(-43.520600, 172.583000, 0.000000, var=[-1.0, -1.0, -1.0])
09:25:53:285532, 1, 1, 1631827553.2854116, 30, GPS(-43.520554, 172.582937, 21.452899, var=[1.0, 1.0, 1.0]), 49.239346948716246, GPS(-43.520600, 172.583000, 0.000000, var=[-1.0, -1.0, -1.0])
09:25:53:285772, 3, 1, 1631827553.2856584, 30, GPS(-43.520645, 172.582938, 21.454754, var=[1.0, 1.0, 1.0]), 49.21143059796169, GPS(-43.520600, 172.583000, 0.000000, var=[-1.0, -1.0, -1.0])
09:25:53:285929, 4, 1, 1631827553.2857656, 33, GPS(-43.520646, 172.583063, 21.457780, var=[1.0, 1.0, 1.0]), 49.23787016436615, GPS(-43.520600, 172.583000, 0.000000, var=[-1.0, -1.0, -1.0])
09:25:54:286598, 2, 1, 1631827554.286447, 33, GPS(-43.520555, 172.583062, 21.444925, var=[1.0, 1.0, 1.0]), 49.20744714075515, GPS(-43.520600, 172.583000, 0.000000, var=[-1.0, -1.0, -1.0])
09:25:54:288792, 3, 1, 1631827554.288652, 31, GPS(-43.520645, 172.582938, 21.456755, var=[1.0, 1.0, 1.0]), 49.20660589731859, GPS(-43.520600, 172.583000, 0.000000, var=[-1.0, -1.0, -1.0])
09:25:54:289187, 1, 2, 1631827554.2890766, 31, GPS(-43.520554, 172.582937, 21.448899, var=[1.0, 1.0, 1.0]), 49.23194338694197, GPS(-43.520600, 172.583000, 0.000000, var=[-1.0, -1.0, -1.0])
09:25:54:289356, 2, 1, 1631827554.2892349, 34, GPS(-43.520555, 172.583062, 21.444925, var=[1.0, 1.0, 1.0]), 49.20744714075515, GPS(-43.520600, 172.583000, 0.000000, var=[-1.0, -1.0, -1.0])
09:25:54:289461, 4, 1, 1631827554.2893624, 34, GPS(-43.520646, 172.583063, 21.457780, var=[1.0, 1.0, 1.0]), 49.24216823901864, GPS(-43.520600, 172.583000, 0.000000, var=[-1.0, -1.0, -1.0])
09:25:55:291546, 3, 1, 1631827555.2914093, 32, GPS(-43.520645, 172.582939, 21.441755, var=[1.0, 1.0, 1.0]), 49.18835725037731, GPS(-43.520600, 172.583000, 0.000000, var=[-1.0, -1.0, -1.0])
09:25:55:292113, 1, 2, 1631827555.2919943, 32, GPS(-43.520554, 172.582937, 21.443899, var=[1.0, 1.0, 1.0]), 49.22991630073537, GPS(-43.520600, 172.583000, 0.000000, var=[-1.0, -1.0, -1.0])
09:25:55:292571, 4, 1, 1631827555.2924514, 35, GPS(-43.520646, 172.583063, 21.452780, var=[1.0, 1.0, 1.0]), 49.23875205500539, GPS(-43.520600, 172.583000, 0.000000, var=[-1.0, -1.0, -1.0])
09:25:55:292708, 2, 1, 1631827555.2925885, 35, GPS(-43.520555, 172.583062, 21.449925, var=[1.0, 1.0, 1.0]), 49.216689748045525, GPS(-43.520600, 172.583000, 0.000000, var=[-1.0, -1.0, -1.0])
09:25:55:395599, 4, 1, 1631827555.3953915, 36, GPS(-43.520646, 172.583063, 21.448780, var=[1.0, 1.0, 1.0]), 49.23398004557536, GPS(-43.520600, 172.583000, 0.000000, var=[-1.0, -1.0, -1.0])
09:25:55:395693, 3, 1, 1631827555.3955092, 33, GPS(-43.520645, 172.582939, 21.443755, var=[1.0, 1.0, 1.0]), 49.18927892682834, GPS(-43.520600, 172.583000, 0.000000, var=[-1.0, -1.0, -1.0])
09:25:55:395749, 1, 2, 1631827555.395443, 33, GPS(-43.520554, 172.582937, 21.442899, var=[1.0, 1.0, 1.0]), 49.22798950730849, GPS(-43.520600, 172.583000, 0.000000, var=[-1.0, -1.0, -1.0])
09:25:55:396372, 2, 1, 1631827555.396177, 36, GPS(-43.520555, 172.583062, 21.449925, var=[1.0, 1.0, 1.0]), 49.21571133933644, GPS(-43.520600, 172.583000, 0.000000, var=[-1.0, -1.0, -1.0])
09:25:56:398445, 3, 1, 1631827556.3982828, 34, GPS(-43.520645, 172.582939, 21.452755, var=[1.0, 1.0, 1.0]), 49.18936432169019, GPS(-43.520600, 172.583000, 0.000000, var=[-1.0, -1.0, -1.0])
09:25:56:399742, 2, 1, 1631827556.3995788, 37, GPS(-43.520554, 172.583062, 21.453925, var=[1.0, 1.0, 1.0]), 49.22805252575177, GPS(-43.520600, 172.583000, 0.000000, var=[-1.0, -1.0, -1.0])
09:25:56:399813, 4, 1, 1631827556.3995996, 37, GPS(-43.520645, 172.583063, 21.440780, var=[1.0, 1.0, 1.0]), 49.22502893945036, GPS(-43.520600, 172.583000, 0.000000, var=[-1.0, -1.0, -1.0])
09:25:56:400047, 1, 2, 1631827556.399921, 34, GPS(-43.520554, 172.582938, 21.442900, var=[1.0, 1.0, 1.0]), 49.227611940009474, GPS(-43.520600, 172.583000, 0.000000, var=[-1.0, -1.0, -1.0])
09:25:57:399782, 3, 1, 1631827557.3996613, 35, GPS(-43.520645, 172.582939, 21.459755, var=[1.0, 1.0, 1.0]), 49.18690978944167, GPS(-43.520600, 172.583000, 0.000000, var=[-1.0, -1.0, -1.0])
09:25:57:400711, 2, 1, 1631827557.4005752, 38, GPS(-43.520554, 172.583062, 21.452925, var=[1.0, 1.0, 1.0]), 49.22112509091936, GPS(-43.520600, 172.583000, 0.000000, var=[-1.0, -1.0, -1.0])
09:25:57:401476, 4, 1, 1631827557.4013789, 38, GPS(-43.520645, 172.583063, 21.453780, var=[1.0, 1.0, 1.0]), 49.22824284706532, GPS(-43.520600, 172.583000, 0.000000, var=[-1.0, -1.0, -1.0])
09:25:57:403155, 3, 1, 1631827557.4029684, 36, GPS(-43.520645, 172.582939, 21.459755, var=[1.0, 1.0, 1.0]), 49.18690978944167, GPS(-43.520600, 172.583000, 0.000000, var=[-1.0, -1.0, -1.0])
09:25:57:403346, 2, 1, 1631827557.4031773, 39, GPS(-43.520554, 172.583062, 21.452925, var=[1.0, 1.0, 1.0]), 49.22112509091936, GPS(-43.520600, 172.583000, 0.000000, var=[-1.0, -1.0, -1.0])
09:25:57:403535, 1, 2, 1631827557.4033573, 35, GPS(-43.520554, 172.582938, 21.444900, var=[1.0, 1.0, 1.0]), 49.22532277431856, GPS(-43.520600, 172.583000, 0.000000, var=[-1.0, -1.0, -1.0])
09:25:57:403887, 4, 1, 1631827557.403747, 39, GPS(-43.520645, 172.583063, 21.453780, var=[1.0, 1.0, 1.0]), 49.22824284706532, GPS(-43.520600, 172.583000, 0.000000, var=[-1.0, -1.0, -1.0])
09:25:58:405453, 3, 1, 1631827558.4052813, 37, GPS(-43.520645, 172.582939, 21.465756, var=[1.0, 1.0, 1.0]), 49.196500676324256, GPS(-43.520600, 172.583000, 0.000000, var=[-1.0, -1.0, -1.0])
09:25:58:407561, 4, 1, 1631827558.4074004, 40, GPS(-43.520645, 172.583063, 21.458780, var=[1.0, 1.0, 1.0]), 49.239264045552844, GPS(-43.520600, 172.583000, 0.000000, var=[-1.0, -1.0, -1.0])
09:25:58:407994, 1, 2, 1631827558.4078722, 36, GPS(-43.520554, 172.582937, 21.448900, var=[1.0, 1.0, 1.0]), 49.24260258112513, GPS(-43.520600, 172.583000, 0.000000, var=[-1.0, -1.0, -1.0])
09:25:58:408184, 3, 1, 1631827558.4080353, 38, GPS(-43.520645, 172.582939, 21.465756, var=[1.0, 1.0, 1.0]), 49.196500676324256, GPS(-43.520600, 172.583000, 0.000000, var=[-1.0, -1.0, -1.0])
09:25:58:408377, 2, 1, 1631827558.4082441, 40, GPS(-43.520554, 172.583062, 21.443925, var=[1.0, 1.0, 1.0]), 49.22138552276132, GPS(-43.520600, 172.583000, 0.000000, var=[-1.0, -1.0, -1.0])
09:25:59:410508, 3, 1, 1631827559.4102933, 39, GPS(-43.520645, 172.582939, 21.452755, var=[1.0, 1.0, 1.0]), 49.18353620035131, GPS(-43.520600, 172.583000, 0.000000, var=[-1.0, -1.0, -1.0])
09:25:59:411724, 2, 1, 1631827559.4114945, 41, GPS(-43.520554, 172.583062, 21.440925, var=[1.0, 1.0, 1.0]), 49.21120769317619, GPS(-43.520600, 172.583000, 0.000000, var=[-1.0, -1.0, -1.0])
09:25:59:412154, 4, 1, 1631827559.4119775, 41, GPS(-43.520645, 172.583063, 21.462780, var=[1.0, 1.0, 1.0]), 49.24182833969414, GPS(-43.520600, 172.583000, 0.000000, var=[-1.0, -1.0, -1.0])
09:25:59:412285, 1, 2, 1631827559.4121118, 37, GPS(-43.520554, 172.582937, 21.453900, var=[1.0, 1.0, 1.0]), 49.24501442402835, GPS(-43.520600, 172.583000, 0.000000, var=[-1.0, -1.0, -1.0])
09:25:59:512916, 2, 1, 1631827559.512741, 42, GPS(-43.520554, 172.583062, 21.440925, var=[1.0, 1.0, 1.0]), 49.21917795453844, GPS(-43.520600, 172.583000, 0.000000, var=[-1.0, -1.0, -1.0])
09:25:59:513681, 1, 2, 1631827559.5135286, 38, GPS(-43.520554, 172.582937, 21.452900, var=[1.0, 1.0, 1.0]), 49.25203657199914, GPS(-43.520600, 172.583000, 0.000000, var=[-1.0, -1.0, -1.0])
09:25:59:514118, 3, 1, 1631827559.5139477, 40, GPS(-43.520645, 172.582939, 21.449755, var=[1.0, 1.0, 1.0]), 49.19110096414208, GPS(-43.520600, 172.583000, 0.000000, var=[-1.0, -1.0, -1.0])
09:25:59:514202, 4, 1, 1631827559.51403, 42, GPS(-43.520645, 172.583063, 21.461780, var=[1.0, 1.0, 1.0]), 49.248849961615704, GPS(-43.520600, 172.583000, 0.000000, var=[-1.0, -1.0, -1.0])
09:26:00:514441, 2, 1, 1631827560.5142765, 43, GPS(-43.520554, 172.583062, 21.433925, var=[1.0, 1.0, 1.0]), 49.209965967891414, GPS(-43.520600, 172.583000, 0.000000, var=[-1.0, -1.0, -1.0])
09:26:00:516253, 4, 1, 1631827560.51555, 43, GPS(-43.520645, 172.583063, 21.447780, var=[1.0, 1.0, 1.0]), 49.23541503014089, GPS(-43.520600, 172.583000, 0.000000, var=[-1.0, -1.0, -1.0])
09:26:00:517044, 3, 1, 1631827560.5168798, 41, GPS(-43.520645, 172.582939, 21.449755, var=[1.0, 1.0, 1.0]), 49.19631980395509, GPS(-43.520600, 172.583000, 0.000000, var=[-1.0, -1.0, -1.0])
09:26:00:517115, 1, 2, 1631827560.5169272, 39, GPS(-43.520554, 172.582937, 21.445900, var=[1.0, 1.0, 1.0]), 49.2463998955821, GPS(-43.520600, 172.583000, 0.000000, var=[-1.0, -1.0, -1.0])
09:26:00:617304, 1, 2, 1631827560.6171308, 40, GPS(-43.520554, 172.582937, 21.445900, var=[1.0, 1.0, 1.0]), 49.22988320856763, GPS(-43.520600, 172.583000, 0.000000, var=[-1.0, -1.0, -1.0])
09:26:00:618108, 3, 1, 1631827560.6179595, 42, GPS(-43.520645, 172.582939, 21.449755, var=[1.0, 1.0, 1.0]), 49.18477716762365, GPS(-43.520600, 172.583000, 0.000000, var=[-1.0, -1.0, -1.0])
09:26:00:618678, 2, 1, 1631827560.6185174, 44, GPS(-43.520554, 172.583062, 21.433925, var=[1.0, 1.0, 1.0]), 49.19596667184655, GPS(-43.520600, 172.583000, 0.000000, var=[-1.0, -1.0, -1.0])
09:26:00:624598, 4, 1, 1631827560.618839, 44, GPS(-43.520645, 172.583063, 21.446780, var=[1.0, 1.0, 1.0]), 49.220467112646304, GPS(-43.520600, 172.583000, 0.000000, var=[-1.0, -1.0, -1.0])
09:26:01:622324, 1, 2, 1631827561.6221347, 41, GPS(-43.520554, 172.582937, 21.439899, var=[1.0, 1.0, 1.0]), 49.216173717775646, GPS(-43.520600, 172.583000, 0.000000, var=[-1.0, -1.0, -1.0])
09:26:01:622651, 4, 1, 1631827561.6225245, 45, GPS(-43.520646, 172.583063, 21.439780, var=[1.0, 1.0, 1.0]), 49.21579327749437, GPS(-43.520600, 172.583000, 0.000000, var=[-1.0, -1.0, -1.0])
09:26:01:622987, 2, 1, 1631827561.6228452, 45, GPS(-43.520555, 172.583062, 21.437925, var=[1.0, 1.0, 1.0]), 49.191780934640775, GPS(-43.520600, 172.583000, 0.000000, var=[-1.0, -1.0, -1.0])
09:26:01:623113, 3, 1, 1631827561.6229513, 43, GPS(-43.520645, 172.582939, 21.436755, var=[1.0, 1.0, 1.0]), 49.17365804225132, GPS(-43.520600, 172.583000, 0.000000, var=[-1.0, -1.0, -1.0])
09:26:02:626906, 2, 1, 1631827562.6267202, 46, GPS(-43.520555, 172.583062, 21.441925, var=[1.0, 1.0, 1.0]), 49.19754317131473, GPS(-43.520600, 172.583000, 0.000000, var=[-1.0, -1.0, -1.0])
09:26:02:628482, 3, 1, 1631827562.6282759, 44, GPS(-43.520645, 172.582938, 21.433755, var=[1.0, 1.0, 1.0]), 49.17879088457389, GPS(-43.520600, 172.583000, 0.000000, var=[-1.0, -1.0, -1.0])
09:26:02:629088, 4, 1, 1631827562.6286683, 46, GPS(-43.520646, 172.583063, 21.441780, var=[1.0, 1.0, 1.0]), 49.21852840133374, GPS(-43.520600, 172.583000, 0.000000, var=[-1.0, -1.0, -1.0])
09:26:02:629177, 1, 2, 1631827562.6288464, 42, GPS(-43.520554, 172.582937, 21.436899, var=[1.0, 1.0, 1.0]), 49.21459283757799, GPS(-43.520600, 172.583000, 0.000000, var=[-1.0, -1.0, -1.0])
09:26:03:628817, 2, 1, 1631827563.628255, 47, GPS(-43.520555, 172.583062, 21.445925, var=[1.0, 1.0, 1.0]), 49.200092965085176, GPS(-43.520600, 172.583000, 0.000000, var=[-1.0, -1.0, -1.0])
09:26:03:630535, 3, 1, 1631827563.6303215, 45, GPS(-43.520645, 172.582939, 21.427755, var=[1.0, 1.0, 1.0]), 49.16651186958739, GPS(-43.520600, 172.583000, 0.000000, var=[-1.0, -1.0, -1.0])
09:26:03:630941, 4, 1, 1631827563.6307995, 47, GPS(-43.520646, 172.583063, 21.440780, var=[1.0, 1.0, 1.0]), 49.218167165342294, GPS(-43.520600, 172.583000, 0.000000, var=[-1.0, -1.0, -1.0])
09:26:03:631465, 1, 2, 1631827563.631334, 43, GPS(-43.520554, 172.582937, 21.440899, var=[1.0, 1.0, 1.0]), 49.215356069367225, GPS(-43.520600, 172.583000, 0.000000, var=[-1.0, -1.0, -1.0])
09:26:03:734687, 4, 1, 1631827563.734478, 48, GPS(-43.520646, 172.583063, 21.438780, var=[1.0, 1.0, 1.0]), 49.2122156321707, GPS(-43.520600, 172.583000, 0.000000, var=[-1.0, -1.0, -1.0])
09:26:03:735803, 1, 2, 1631827563.7355795, 44, GPS(-43.520554, 172.582937, 21.440899, var=[1.0, 1.0, 1.0]), 49.21130108684024, GPS(-43.520600, 172.583000, 0.000000, var=[-1.0, -1.0, -1.0])
09:26:03:738449, 2, 1, 1631827563.73652, 48, GPS(-43.520555, 172.583062, 21.445925, var=[1.0, 1.0, 1.0]), 49.19603798255819, GPS(-43.520600, 172.583000, 0.000000, var=[-1.0, -1.0, -1.0])
09:26:03:738570, 3, 1, 1631827563.7364902, 46, GPS(-43.520645, 172.582939, 21.427754, var=[1.0, 1.0, 1.0]), 49.16493126651588, GPS(-43.520600, 172.583000, 0.000000, var=[-1.0, -1.0, -1.0])
09:26:04:736299, 4, 1, 1631827564.7361765, 49, GPS(-43.520646, 172.583063, 21.428779, var=[1.0, 1.0, 1.0]), 49.20573299386882, GPS(-43.520600, 172.583000, 0.000000, var=[-1.0, -1.0, -1.0])
09:26:04:738199, 1, 2, 1631827564.738084, 45, GPS(-43.520554, 172.582937, 21.434899, var=[1.0, 1.0, 1.0]), 49.199310819704806, GPS(-43.520600, 172.583000, 0.000000, var=[-1.0, -1.0, -1.0])
09:26:04:738488, 3, 1, 1631827564.738378, 47, GPS(-43.520645, 172.582939, 21.430754, var=[1.0, 1.0, 1.0]), 49.1682598764683, GPS(-43.520600, 172.583000, 0.000000, var=[-1.0, -1.0, -1.0])
09:26:04:738599, 2, 1, 1631827564.7385058, 49, GPS(-43.520555, 172.583062, 21.426924, var=[1.0, 1.0, 1.0]), 49.16856571751589, GPS(-43.520600, 172.583000, 0.000000, var=[-1.0, -1.0, -1.0])
09:26:04:839696, 2, 1, 1631827564.8393493, 50, GPS(-43.520555, 172.583062, 21.425924, var=[1.0, 1.0, 1.0]), 49.168567743179224, GPS(-43.520600, 172.583000, 0.000000, var=[-1.0, -1.0, -1.0])
09:26:04:839798, 4, 1, 1631827564.8396878, 50, GPS(-43.520646, 172.583063, 21.429779, var=[1.0, 1.0, 1.0]), 49.207632531774735, GPS(-43.520600, 172.583000, 0.000000, var=[-1.0, -1.0, -1.0])
09:26:04:840909, 1, 2, 1631827564.8405917, 46, GPS(-43.520555, 172.582937, 21.434899, var=[1.0, 1.0, 1.0]), 49.19776974972493, GPS(-43.520600, 172.583000, 0.000000, var=[-1.0, -1.0, -1.0])
09:26:04:841353, 3, 1, 1631827564.84071, 48, GPS(-43.520645, 172.582939, 21.430754, var=[1.0, 1.0, 1.0]), 49.169211395631784, GPS(-43.520600, 172.583000, 0.000000, var=[-1.0, -1.0, -1.0])
09:26:05:841567, 2, 1, 1631827565.8414266, 51, GPS(-43.520555, 172.583062, 21.426924, var=[1.0, 1.0, 1.0]), 49.16637322353967, GPS(-43.520600, 172.583000, 0.000000, var=[-1.0, -1.0, -1.0])
09:26:05:842490, 4, 1, 1631827565.842381, 51, GPS(-43.520646, 172.583063, 21.429779, var=[1.0, 1.0, 1.0]), 49.21014013638985, GPS(-43.520600, 172.583000, 0.000000, var=[-1.0, -1.0, -1.0])
09:26:05:844286, 1, 2, 1631827565.8441384, 47, GPS(-43.520555, 172.582937, 21.431899, var=[1.0, 1.0, 1.0]), 49.19243608078614, GPS(-43.520600, 172.583000, 0.000000, var=[-1.0, -1.0, -1.0])
09:26:05:845128, 2, 1, 1631827565.8446627, 52, GPS(-43.520555, 172.583062, 21.426924, var=[1.0, 1.0, 1.0]), 49.16637322353967, GPS(-43.520600, 172.583000, 0.000000, var=[-1.0, -1.0, -1.0])
09:26:05:845607, 4, 1, 1631827565.84544, 52, GPS(-43.520646, 172.583063, 21.429779, var=[1.0, 1.0, 1.0]), 49.21014013638985, GPS(-43.520600, 172.583000, 0.000000, var=[-1.0, -1.0, -1.0])
09:26:05:847988, 3, 1, 1631827565.847798, 49, GPS(-43.520646, 172.582939, 21.424754, var=[1.0, 1.0, 1.0]), 49.168488827310696, GPS(-43.520600, 172.583000, 0.000000, var=[-1.0, -1.0, -1.0])
09:26:06:846825, 1, 2, 1631827566.8466876, 48, GPS(-43.520555, 172.582937, 21.422899, var=[1.0, 1.0, 1.0]), 49.177402268800094, GPS(-43.520600, 172.583000, 0.000000, var=[-1.0, -1.0, -1.0])
09:26:06:847001, 2, 1, 1631827566.8467782, 53, GPS(-43.520555, 172.583062, 21.431924, var=[1.0, 1.0, 1.0]), 49.16778492683072, GPS(-43.520600, 172.583000, 0.000000, var=[-1.0, -1.0, -1.0])
09:26:06:847968, 4, 1, 1631827566.847809, 53, GPS(-43.520646, 172.583063, 21.432779, var=[1.0, 1.0, 1.0]), 49.20465449599675, GPS(-43.520600, 172.583000, 0.000000, var=[-1.0, -1.0, -1.0])
09:26:06:873541, 3, 1, 1631827566.8733964, 50, GPS(-43.520646, 172.582939, 21.425754, var=[1.0, 1.0, 1.0]), 49.16441796455464, GPS(-43.520600, 172.583000, 0.000000, var=[-1.0, -1.0, -1.0])
09:26:06:952583, 2, 1, 1631827566.9524014, 54, GPS(-43.520555, 172.583062, 21.431924, var=[1.0, 1.0, 1.0]), 49.166776393795736, GPS(-43.520600, 172.583000, 0.000000, var=[-1.0, -1.0, -1.0])
09:26:06:953307, 4, 1, 1631827566.9531138, 54, GPS(-43.520646, 172.583063, 21.433779, var=[1.0, 1.0, 1.0]), 49.20459407553622, GPS(-43.520600, 172.583000, 0.000000, var=[-1.0, -1.0, -1.0])
09:26:06:953435, 1, 2, 1631827566.9532297, 49, GPS(-43.520555, 172.582937, 21.422899, var=[1.0, 1.0, 1.0]), 49.17639373576511, GPS(-43.520600, 172.583000, 0.000000, var=[-1.0, -1.0, -1.0])
09:26:06:953940, 3, 1, 1631827566.9534657, 51, GPS(-43.520646, 172.582939, 21.426754, var=[1.0, 1.0, 1.0]), 49.16536741387647, GPS(-43.520600, 172.583000, 0.000000, var=[-1.0, -1.0, -1.0])
09:26:07:954967, 2, 1, 1631827567.9548433, 55, GPS(-43.520555, 172.583062, 21.430924, var=[1.0, 1.0, 1.0]), 49.16651042546494, GPS(-43.520600, 172.583000, 0.000000, var=[-1.0, -1.0, -1.0])
09:26:07:955577, 4, 1, 1631827567.9554727, 55, GPS(-43.520646, 172.583063, 21.436779, var=[1.0, 1.0, 1.0]), 49.20743844008429, GPS(-43.520600, 172.583000, 0.000000, var=[-1.0, -1.0, -1.0])
09:26:07:957092, 1, 2, 1631827567.9569561, 50, GPS(-43.520555, 172.582937, 21.422899, var=[1.0, 1.0, 1.0]), 49.17887717917162, GPS(-43.520600, 172.583000, 0.000000, var=[-1.0, -1.0, -1.0])
09:26:07:958264, 2, 1, 1631827567.9579892, 56, GPS(-43.520555, 172.583062, 21.430924, var=[1.0, 1.0, 1.0]), 49.16651042546494, GPS(-43.520600, 172.583000, 0.000000, var=[-1.0, -1.0, -1.0])
09:26:07:958795, 3, 1, 1631827567.9585977, 52, GPS(-43.520646, 172.582938, 21.429754, var=[1.0, 1.0, 1.0]), 49.16998861118327, GPS(-43.520600, 172.583000, 0.000000, var=[-1.0, -1.0, -1.0])
09:26:07:958842, 4, 1, 1631827567.9587085, 56, GPS(-43.520646, 172.583063, 21.436779, var=[1.0, 1.0, 1.0]), 49.20743844008429, GPS(-43.520600, 172.583000, 0.000000, var=[-1.0, -1.0, -1.0])
09:26:08:960072, 1, 2, 1631827568.9599311, 51, GPS(-43.520555, 172.582937, 21.417899, var=[1.0, 1.0, 1.0]), 49.172142207065875, GPS(-43.520600, 172.583000, 0.000000, var=[-1.0, -1.0, -1.0])
09:26:08:960309, 2, 1, 1631827568.960208, 57, GPS(-43.520555, 172.583062, 21.420924, var=[1.0, 1.0, 1.0]), 49.152553891360576, GPS(-43.520600, 172.583000, 0.000000, var=[-1.0, -1.0, -1.0])
09:26:08:960635, 3, 1, 1631827568.9605343, 53, GPS(-43.520645, 172.582938, 21.407754, var=[1.0, 1.0, 1.0]), 49.14391063190092, GPS(-43.520600, 172.583000, 0.000000, var=[-1.0, -1.0, -1.0])
09:26:08:960939, 4, 1, 1631827568.9607532, 57, GPS(-43.520646, 172.583063, 21.418779, var=[1.0, 1.0, 1.0]), 49.18838139299563, GPS(-43.520600, 172.583000, 0.000000, var=[-1.0, -1.0, -1.0])
09:26:09:961265, 1, 2, 1631827569.9611435, 52, GPS(-43.520555, 172.582937, 21.404899, var=[1.0, 1.0, 1.0]), 49.14593531126094, GPS(-43.520600, 172.583000, 0.000000, var=[-1.0, -1.0, -1.0])
09:26:09:962978, 3, 1, 1631827569.962663, 54, GPS(-43.520645, 172.582938, 21.407754, var=[1.0, 1.0, 1.0]), 49.12323268466872, GPS(-43.520600, 172.583000, 0.000000, var=[-1.0, -1.0, -1.0])
09:26:09:963702, 2, 2, 1631827569.9635522, 58, GPS(-43.520555, 172.583062, 21.419924, var=[1.0, 1.0, 1.0]), 49.1305340847058, GPS(-43.520600, 172.583000, 0.000000, var=[-1.0, -1.0, -1.0])
09:26:09:963773, 4, 1, 1631827569.963652, 58, GPS(-43.520646, 172.583063, 21.405780, var=[1.0, 1.0, 1.0]), 49.1481534346519, GPS(-43.520600, 172.583000, 0.000000, var=[-1.0, -1.0, -1.0])
09:26:09:963821, 1, 2, 1631827569.9636264, 53, GPS(-43.520555, 172.582937, 21.404899, var=[1.0, 1.0, 1.0]), 49.14593531126094, GPS(-43.520600, 172.583000, 0.000000, var=[-1.0, -1.0, -1.0])
09:26:10:966179, 1, 2, 1631827570.9659588, 54, GPS(-43.520554, 172.582937, 21.407899, var=[1.0, 1.0, 1.0]), 49.15499054460047, GPS(-43.520600, 172.583000, 0.000000, var=[-1.0, -1.0, -1.0])
09:26:10:968092, 2, 2, 1631827570.9670272, 59, GPS(-43.520555, 172.583062, 21.405925, var=[1.0, 1.0, 1.0]), 49.11873698676703, GPS(-43.520600, 172.583000, 0.000000, var=[-1.0, -1.0, -1.0])
09:26:10:968158, 3, 1, 1631827570.9673066, 55, GPS(-43.520645, 172.582938, 21.408755, var=[1.0, 1.0, 1.0]), 49.12111200663798, GPS(-43.520600, 172.583000, 0.000000, var=[-1.0, -1.0, -1.0])
09:26:10:968202, 4, 1, 1631827570.9675446, 59, GPS(-43.520646, 172.583063, 21.412780, var=[1.0, 1.0, 1.0]), 49.150583273526635, GPS(-43.520600, 172.583000, 0.000000, var=[-1.0, -1.0, -1.0])
09:26:11:967343, 1, 2, 1631827571.9672062, 55, GPS(-43.520554, 172.582937, 21.408899, var=[1.0, 1.0, 1.0]), 49.156235761234555, GPS(-43.520600, 172.583000, 0.000000, var=[-1.0, -1.0, -1.0])
09:26:11:969679, 3, 1, 1631827571.9695349, 56, GPS(-43.520645, 172.582938, 21.413755, var=[1.0, 1.0, 1.0]), 49.12475058337814, GPS(-43.520600, 172.583000, 0.000000, var=[-1.0, -1.0, -1.0])
09:26:11:969927, 4, 1, 1631827571.9698267, 60, GPS(-43.520646, 172.583063, 21.417780, var=[1.0, 1.0, 1.0]), 49.151737450860594, GPS(-43.520600, 172.583000, 0.000000, var=[-1.0, -1.0, -1.0])
09:26:11:970171, 2, 2, 1631827571.9700537, 60, GPS(-43.520555, 172.583062, 21.406925, var=[1.0, 1.0, 1.0]), 49.116791139299565, GPS(-43.520600, 172.583000, 0.000000, var=[-1.0, -1.0, -1.0])
09:26:11:970242, 1, 2, 1631827571.9701548, 56, GPS(-43.520554, 172.582937, 21.408899, var=[1.0, 1.0, 1.0]), 49.156235761234555, GPS(-43.520600, 172.583000, 0.000000, var=[-1.0, -1.0, -1.0])
09:26:12:970589, 3, 1, 1631827572.9704425, 57, GPS(-43.520645, 172.582938, 21.414754, var=[1.0, 1.0, 1.0]), 49.12392310065638, GPS(-43.520600, 172.583000, 0.000000, var=[-1.0, -1.0, -1.0])
09:26:12:970934, 2, 2, 1631827572.9708352, 61, GPS(-43.520555, 172.583062, 21.410924, var=[1.0, 1.0, 1.0]), 49.11207281232166, GPS(-43.520600, 172.583000, 0.000000, var=[-1.0, -1.0, -1.0])
09:26:12:971918, 1, 2, 1631827572.971701, 57, GPS(-43.520554, 172.582937, 21.412900, var=[1.0, 1.0, 1.0]), 49.15831430528536, GPS(-43.520600, 172.583000, 0.000000, var=[-1.0, -1.0, -1.0])
09:26:12:972209, 4, 1, 1631827572.9718058, 61, GPS(-43.520646, 172.583063, 21.417780, var=[1.0, 1.0, 1.0]), 49.145702442200964, GPS(-43.520600, 172.583000, 0.000000, var=[-1.0, -1.0, -1.0])
09:26:13:972338, 2, 2, 1631827573.972188, 62, GPS(-43.520555, 172.583062, 21.383924, var=[1.0, 1.0, 1.0]), 49.08542541996397, GPS(-43.520600, 172.583000, 0.000000, var=[-1.0, -1.0, -1.0])
09:26:13:975063, 3, 2, 1631827573.974913, 58, GPS(-43.520645, 172.582938, 21.395754, var=[1.0, 1.0, 1.0]), 49.10308887034088, GPS(-43.520600, 172.583000, 0.000000, var=[-1.0, -1.0, -1.0])
09:26:13:975425, 2, 2, 1631827573.9753056, 63, GPS(-43.520555, 172.583062, 21.383924, var=[1.0, 1.0, 1.0]), 49.08542541996397, GPS(-43.520600, 172.583000, 0.000000, var=[-1.0, -1.0, -1.0])
09:26:13:975633, 4, 1, 1631827573.9754887, 62, GPS(-43.520646, 172.583063, 21.398780, var=[1.0, 1.0, 1.0]), 49.12667294237228, GPS(-43.520600, 172.583000, 0.000000, var=[-1.0, -1.0, -1.0])
09:26:13:975921, 1, 2, 1631827573.975646, 58, GPS(-43.520554, 172.582937, 21.408899, var=[1.0, 1.0, 1.0]), 49.15463813979707, GPS(-43.520600, 172.583000, 0.000000, var=[-1.0, -1.0, -1.0])
09:26:14:976843, 3, 2, 1631827574.976689, 59, GPS(-43.520645, 172.582938, 21.379754, var=[1.0, 1.0, 1.0]), 49.07602200003353, GPS(-43.520600, 172.583000, 0.000000, var=[-1.0, -1.0, -1.0])
09:26:14:977081, 2, 2, 1631827574.9769828, 64, GPS(-43.520555, 172.583062, 21.364925, var=[1.0, 1.0, 1.0]), 49.066213310603956, GPS(-43.520600, 172.583000, 0.000000, var=[-1.0, -1.0, -1.0])
09:26:14:977407, 1, 2, 1631827574.977304, 59, GPS(-43.520554, 172.582937, 21.394899, var=[1.0, 1.0, 1.0]), 49.12622884328407, GPS(-43.520600, 172.583000, 0.000000, var=[-1.0, -1.0, -1.0])
09:26:14:977756, 4, 1, 1631827574.9776688, 63, GPS(-43.520646, 172.583063, 21.384780, var=[1.0, 1.0, 1.0]), 49.10869815756891, GPS(-43.520600, 172.583000, 0.000000, var=[-1.0, -1.0, -1.0])
09:26:15:081062, 4, 1, 1631827575.0808392, 64, GPS(-43.520646, 172.583063, 21.380780, var=[1.0, 1.0, 1.0]), 49.10366540611539, GPS(-43.520600, 172.583000, 0.000000, var=[-1.0, -1.0, -1.0])
09:26:15:081344, 2, 2, 1631827575.0811963, 65, GPS(-43.520555, 172.583062, 21.361925, var=[1.0, 1.0, 1.0]), 49.060316849829164, GPS(-43.520600, 172.583000, 0.000000, var=[-1.0, -1.0, -1.0])
09:26:15:081556, 3, 2, 1631827575.0814385, 60, GPS(-43.520645, 172.582938, 21.376754, var=[1.0, 1.0, 1.0]), 49.068344684274614, GPS(-43.520600, 172.583000, 0.000000, var=[-1.0, -1.0, -1.0])
09:26:15:081776, 1, 2, 1631827575.0816627, 60, GPS(-43.520554, 172.582937, 21.395899, var=[1.0, 1.0, 1.0]), 49.12412783105023, GPS(-43.520600, 172.583000, 0.000000, var=[-1.0, -1.0, -1.0])
09:26:16:083007, 2, 2, 1631827576.0828636, 66, GPS(-43.520555, 172.583062, 21.349925, var=[1.0, 1.0, 1.0]), 49.054997320018224, GPS(-43.520600, 172.583000, 0.000000, var=[-1.0, -1.0, -1.0])
09:26:16:083474, 4, 1, 1631827576.0833569, 65, GPS(-43.520646, 172.583063, 21.364780, var=[1.0, 1.0, 1.0]), 49.09212446798823, GPS(-43.520600, 172.583000, 0.000000, var=[-1.0, -1.0, -1.0])
09:26:16:083794, 3, 2, 1631827576.0836444, 61, GPS(-43.520645, 172.582939, 21.359755, var=[1.0, 1.0, 1.0]), 49.04794415202367, GPS(-43.520600, 172.583000, 0.000000, var=[-1.0, -1.0, -1.0])
09:26:16:084294, 1, 2, 1631827576.0839832, 61, GPS(-43.520554, 172.582937, 21.375899, var=[1.0, 1.0, 1.0]), 49.09722916511687, GPS(-43.520600, 172.583000, 0.000000, var=[-1.0, -1.0, -1.0])
09:26:16:086740, 2, 2, 1631827576.086533, 67, GPS(-43.520555, 172.583062, 21.349925, var=[1.0, 1.0, 1.0]), 49.054997320018224, GPS(-43.520600, 172.583000, 0.000000, var=[-1.0, -1.0, -1.0])
09:26:16:086868, 4, 1, 1631827576.0866327, 66, GPS(-43.520646, 172.583063, 21.363780, var=[1.0, 1.0, 1.0]), 49.09117653078957, GPS(-43.520600, 172.583000, 0.000000, var=[-1.0, -1.0, -1.0])
09:26:16:087522, 3, 2, 1631827576.0869665, 62, GPS(-43.520645, 172.582939, 21.359755, var=[1.0, 1.0, 1.0]), 49.04794415202367, GPS(-43.520600, 172.583000, 0.000000, var=[-1.0, -1.0, -1.0])
09:26:16:087583, 1, 2, 1631827576.0872288, 62, GPS(-43.520554, 172.582937, 21.375899, var=[1.0, 1.0, 1.0]), 49.09722916511687, GPS(-43.520600, 172.583000, 0.000000, var=[-1.0, -1.0, -1.0])
09:26:17:088447, 3, 2, 1631827577.0881412, 63, GPS(-43.520645, 172.582939, 21.349755, var=[1.0, 1.0, 1.0]), 49.02085858467023, GPS(-43.520600, 172.583000, 0.000000, var=[-1.0, -1.0, -1.0])
09:26:17:089408, 4, 2, 1631827577.089194, 67, GPS(-43.520646, 172.583063, 21.346780, var=[1.0, 1.0, 1.0]), 49.060342728850564, GPS(-43.520600, 172.583000, 0.000000, var=[-1.0, -1.0, -1.0])
09:26:17:089558, 1, 2, 1631827577.089289, 63, GPS(-43.520554, 172.582938, 21.363899, var=[1.0, 1.0, 1.0]), 49.07070451976992, GPS(-43.520600, 172.583000, 0.000000, var=[-1.0, -1.0, -1.0])
09:26:17:089795, 2, 2, 1631827577.0895925, 68, GPS(-43.520555, 172.583062, 21.334925, var=[1.0, 1.0, 1.0]), 49.03211606804045, GPS(-43.520600, 172.583000, 0.000000, var=[-1.0, -1.0, -1.0])
09:26:18:090102, 3, 2, 1631827578.089966, 64, GPS(-43.520645, 172.582939, 21.329755, var=[1.0, 1.0, 1.0]), 48.968672950707344, GPS(-43.520600, 172.583000, 0.000000, var=[-1.0, -1.0, -1.0])
09:26:18:090298, 4, 2, 1631827578.0901945, 68, GPS(-43.520645, 172.583063, 21.336780, var=[1.0, 1.0, 1.0]), 49.02017721209746, GPS(-43.520600, 172.583000, 0.000000, var=[-1.0, -1.0, -1.0])
09:26:18:091360, 1, 2, 1631827578.0912607, 64, GPS(-43.520554, 172.582938, 21.337900, var=[1.0, 1.0, 1.0]), 49.01674767743852, GPS(-43.520600, 172.583000, 0.000000, var=[-1.0, -1.0, -1.0])
09:26:18:091481, 2, 2, 1631827578.0913377, 69, GPS(-43.520555, 172.583062, 21.336925, var=[1.0, 1.0, 1.0]), 49.005800717760884, GPS(-43.520600, 172.583000, 0.000000, var=[-1.0, -1.0, -1.0])
09:26:18:193436, 4, 2, 1631827578.1932285, 69, GPS(-43.520645, 172.583063, 21.329780, var=[1.0, 1.0, 1.0]), 48.99955809724338, GPS(-43.520600, 172.583000, 0.000000, var=[-1.0, -1.0, -1.0])
09:26:18:193610, 3, 2, 1631827578.1934566, 65, GPS(-43.520645, 172.582939, 21.325755, var=[1.0, 1.0, 1.0]), 48.94911364176453, GPS(-43.520600, 172.583000, 0.000000, var=[-1.0, -1.0, -1.0])
09:26:18:193879, 2, 2, 1631827578.193745, 70, GPS(-43.520555, 172.583062, 21.330925, var=[1.0, 1.0, 1.0]), 48.986125769761315, GPS(-43.520600, 172.583000, 0.000000, var=[-1.0, -1.0, -1.0])
09:26:18:194269, 1, 2, 1631827578.1941433, 65, GPS(-43.520554, 172.582938, 21.336900, var=[1.0, 1.0, 1.0]), 49.004334409378004, GPS(-43.520600, 172.583000, 0.000000, var=[-1.0, -1.0, -1.0])
09:26:19:196256, 3, 2, 1631827579.1960535, 66, GPS(-43.520645, 172.582939, 21.314755, var=[1.0, 1.0, 1.0]), 48.93392704833596, GPS(-43.520600, 172.583000, 0.000000, var=[-1.0, -1.0, -1.0])
09:26:19:197426, 1, 2, 1631827579.1972086, 66, GPS(-43.520554, 172.582938, 21.325900, var=[1.0, 1.0, 1.0]), 48.99094236581118, GPS(-43.520600, 172.583000, 0.000000, var=[-1.0, -1.0, -1.0])
09:26:19:199413, 2, 2, 1631827579.1991765, 71, GPS(-43.520555, 172.583062, 21.323925, var=[1.0, 1.0, 1.0]), 48.976521865481935, GPS(-43.520600, 172.583000, 0.000000, var=[-1.0, -1.0, -1.0])
09:26:19:200704, 4, 2, 1631827579.200518, 70, GPS(-43.520646, 172.583063, 21.324780, var=[1.0, 1.0, 1.0]), 48.99435156308142, GPS(-43.520600, 172.583000, 0.000000, var=[-1.0, -1.0, -1.0])
09:26:19:200799, 3, 2, 1631827579.2005556, 67, GPS(-43.520645, 172.582939, 21.314755, var=[1.0, 1.0, 1.0]), 48.93392704833596, GPS(-43.520600, 172.583000, 0.000000, var=[-1.0, -1.0, -1.0])
09:26:19:202154, 1, 2, 1631827579.2019742, 67, GPS(-43.520554, 172.582938, 21.325900, var=[1.0, 1.0, 1.0]), 48.99094236581118, GPS(-43.520600, 172.583000, 0.000000, var=[-1.0, -1.0, -1.0])
09:26:20:200849, 2, 2, 1631827580.2007203, 72, GPS(-43.520555, 172.583062, 21.328925, var=[1.0, 1.0, 1.0]), 48.96916752720157, GPS(-43.520600, 172.583000, 0.000000, var=[-1.0, -1.0, -1.0])
09:26:20:202325, 3, 2, 1631827580.2021945, 68, GPS(-43.520645, 172.582939, 21.312755, var=[1.0, 1.0, 1.0]), 48.9327598836683, GPS(-43.520600, 172.583000, 0.000000, var=[-1.0, -1.0, -1.0])
09:26:20:202765, 4, 2, 1631827580.2026632, 71, GPS(-43.520646, 172.583063, 21.307780, var=[1.0, 1.0, 1.0]), 48.97474560482519, GPS(-43.520600, 172.583000, 0.000000, var=[-1.0, -1.0, -1.0])
09:26:20:205420, 1, 2, 1631827580.20501, 68, GPS(-43.520554, 172.582938, 21.320900, var=[1.0, 1.0, 1.0]), 48.97408031088476, GPS(-43.520600, 172.583000, 0.000000, var=[-1.0, -1.0, -1.0])
09:26:20:305732, 2, 2, 1631827580.3055286, 73, GPS(-43.520555, 172.583062, 21.326925, var=[1.0, 1.0, 1.0]), 48.95523134957614, GPS(-43.520600, 172.583000, 0.000000, var=[-1.0, -1.0, -1.0])
09:26:20:305808, 4, 2, 1631827580.3056552, 72, GPS(-43.520646, 172.583063, 21.305780, var=[1.0, 1.0, 1.0]), 48.960811778618336, GPS(-43.520600, 172.583000, 0.000000, var=[-1.0, -1.0, -1.0])
09:26:20:306130, 1, 2, 1631827580.306026, 69, GPS(-43.520554, 172.582938, 21.322899, var=[1.0, 1.0, 1.0]), 48.961422219197004, GPS(-43.520600, 172.583000, 0.000000, var=[-1.0, -1.0, -1.0])
09:26:20:306509, 3, 2, 1631827580.3064122, 69, GPS(-43.520645, 172.582939, 21.314755, var=[1.0, 1.0, 1.0]), 48.9226201583288, GPS(-43.520600, 172.583000, 0.000000, var=[-1.0, -1.0, -1.0])
09:26:21:307069, 4, 2, 1631827581.3069243, 73, GPS(-43.520646, 172.583063, 21.308780, var=[1.0, 1.0, 1.0]), 48.962828654287925, GPS(-43.520600, 172.583000, 0.000000, var=[-1.0, -1.0, -1.0])
09:26:21:309603, 3, 2, 1631827581.3094187, 70, GPS(-43.520645, 172.582939, 21.317755, var=[1.0, 1.0, 1.0]), 48.922213780362426, GPS(-43.520600, 172.583000, 0.000000, var=[-1.0, -1.0, -1.0])
09:26:21:310924, 2, 2, 1631827581.3106575, 74, GPS(-43.520555, 172.583062, 21.308925, var=[1.0, 1.0, 1.0]), 48.94165174823054, GPS(-43.520600, 172.583000, 0.000000, var=[-1.0, -1.0, -1.0])
09:26:21:311243, 4, 2, 1631827581.31109, 74, GPS(-43.520646, 172.583063, 21.308780, var=[1.0, 1.0, 1.0]), 48.962828654287925, GPS(-43.520600, 172.583000, 0.000000, var=[-1.0, -1.0, -1.0])
09:26:21:311398, 1, 2, 1631827581.311287, 70, GPS(-43.520554, 172.582938, 21.310899, var=[1.0, 1.0, 1.0]), 48.95464740142786, GPS(-43.520600, 172.583000, 0.000000, var=[-1.0, -1.0, -1.0])
09:26:22:310963, 3, 2, 1631827582.3108404, 71, GPS(-43.520645, 172.582939, 21.321755, var=[1.0, 1.0, 1.0]), 48.93147279484556, GPS(-43.520600, 172.583000, 0.000000, var=[-1.0, -1.0, -1.0])
09:26:22:312123, 2, 2, 1631827582.3119853, 75, GPS(-43.520555, 172.583062, 21.312925, var=[1.0, 1.0, 1.0]), 48.945929306142986, GPS(-43.520600, 172.583000, 0.000000, var=[-1.0, -1.0, -1.0])
09:26:22:313818, 3, 2, 1631827582.3136773, 72, GPS(-43.520645, 172.582939, 21.321755, var=[1.0, 1.0, 1.0]), 48.93147279484556, GPS(-43.520600, 172.583000, 0.000000, var=[-1.0, -1.0, -1.0])
09:26:22:314866, 1, 2, 1631827582.3146281, 71, GPS(-43.520554, 172.582938, 21.318899, var=[1.0, 1.0, 1.0]), 48.96701666412568, GPS(-43.520600, 172.583000, 0.000000, var=[-1.0, -1.0, -1.0])
09:26:22:315006, 2, 2, 1631827582.3148272, 76, GPS(-43.520555, 172.583062, 21.312925, var=[1.0, 1.0, 1.0]), 48.945929306142986, GPS(-43.520600, 172.583000, 0.000000, var=[-1.0, -1.0, -1.0])
09:26:22:315092, 4, 2, 1631827582.3149896, 75, GPS(-43.520646, 172.583063, 21.324780, var=[1.0, 1.0, 1.0]), 48.980970245670306, GPS(-43.520600, 172.583000, 0.000000, var=[-1.0, -1.0, -1.0])
09:26:23:315781, 3, 2, 1631827583.3156323, 73, GPS(-43.520645, 172.582939, 21.316754, var=[1.0, 1.0, 1.0]), 48.93196759646271, GPS(-43.520600, 172.583000, 0.000000, var=[-1.0, -1.0, -1.0])
09:26:23:315988, 1, 2, 1631827583.3158784, 72, GPS(-43.520554, 172.582938, 21.314899, var=[1.0, 1.0, 1.0]), 48.964207392608316, GPS(-43.520600, 172.583000, 0.000000, var=[-1.0, -1.0, -1.0])
09:26:23:317540, 2, 2, 1631827583.3174355, 77, GPS(-43.520555, 172.583062, 21.316925, var=[1.0, 1.0, 1.0]), 48.95140392798937, GPS(-43.520600, 172.583000, 0.000000, var=[-1.0, -1.0, -1.0])
09:26:23:318182, 4, 2, 1631827583.318008, 76, GPS(-43.520646, 172.583063, 21.322780, var=[1.0, 1.0, 1.0]), 48.9775545602682, GPS(-43.520600, 172.583000, 0.000000, var=[-1.0, -1.0, -1.0])
09:26:23:318661, 3, 2, 1631827583.318264, 74, GPS(-43.520645, 172.582939, 21.316754, var=[1.0, 1.0, 1.0]), 48.93196759646271, GPS(-43.520600, 172.583000, 0.000000, var=[-1.0, -1.0, -1.0])
09:26:23:318772, 1, 2, 1631827583.318646, 73, GPS(-43.520554, 172.582938, 21.314899, var=[1.0, 1.0, 1.0]), 48.964207392608316, GPS(-43.520600, 172.583000, 0.000000, var=[-1.0, -1.0, -1.0])
09:26:24:318710, 3, 2, 1631827584.3184626, 75, GPS(-43.520645, 172.582939, 21.328754, var=[1.0, 1.0, 1.0]), 48.94786250577009, GPS(-43.520600, 172.583000, 0.000000, var=[-1.0, -1.0, -1.0])
09:26:24:319405, 2, 2, 1631827584.3192596, 78, GPS(-43.520555, 172.583062, 21.318925, var=[1.0, 1.0, 1.0]), 48.95212501761699, GPS(-43.520600, 172.583000, 0.000000, var=[-1.0, -1.0, -1.0])
09:26:24:319614, 4, 2, 1631827584.3194897, 77, GPS(-43.520646, 172.583063, 21.325779, var=[1.0, 1.0, 1.0]), 48.99175679040361, GPS(-43.520600, 172.583000, 0.000000, var=[-1.0, -1.0, -1.0])
09:26:24:319697, 1, 2, 1631827584.3196118, 74, GPS(-43.520554, 172.582938, 21.321899, var=[1.0, 1.0, 1.0]), 48.97285445923608, GPS(-43.520600, 172.583000, 0.000000, var=[-1.0, -1.0, -1.0])
09:26:25:322796, 3, 2, 1631827585.322308, 76, GPS(-43.520645, 172.582939, 21.338754, var=[1.0, 1.0, 1.0]), 48.96506845242173, GPS(-43.520600, 172.583000, 0.000000, var=[-1.0, -1.0, -1.0])
09:26:25:323867, 2, 2, 1631827585.3237028, 79, GPS(-43.520555, 172.583062, 21.327924, var=[1.0, 1.0, 1.0]), 48.96696982202684, GPS(-43.520600, 172.583000, 0.000000, var=[-1.0, -1.0, -1.0])
09:26:25:324030, 1, 2, 1631827585.3239005, 75, GPS(-43.520555, 172.582938, 21.322899, var=[1.0, 1.0, 1.0]), 48.96966895687902, GPS(-43.520600, 172.583000, 0.000000, var=[-1.0, -1.0, -1.0])
09:26:25:324179, 4, 2, 1631827585.3239405, 78, GPS(-43.520646, 172.583063, 21.339779, var=[1.0, 1.0, 1.0]), 49.01818009254427, GPS(-43.520600, 172.583000, 0.000000, var=[-1.0, -1.0, -1.0])
09:26:26:324373, 3, 2, 1631827586.3242254, 77, GPS(-43.520645, 172.582939, 21.348754, var=[1.0, 1.0, 1.0]), 48.979742197750454, GPS(-43.520600, 172.583000, 0.000000, var=[-1.0, -1.0, -1.0])
09:26:26:325538, 2, 2, 1631827586.3254178, 80, GPS(-43.520555, 172.583062, 21.339924, var=[1.0, 1.0, 1.0]), 48.98462929357054, GPS(-43.520600, 172.583000, 0.000000, var=[-1.0, -1.0, -1.0])
09:26:26:326475, 1, 2, 1631827586.3263552, 76, GPS(-43.520555, 172.582938, 21.343899, var=[1.0, 1.0, 1.0]), 48.996536000854285, GPS(-43.520600, 172.583000, 0.000000, var=[-1.0, -1.0, -1.0])
09:26:26:327019, 4, 2, 1631827586.3268938, 79, GPS(-43.520646, 172.583063, 21.352779, var=[1.0, 1.0, 1.0]), 49.03996187855665, GPS(-43.520600, 172.583000, 0.000000, var=[-1.0, -1.0, -1.0])
09:26:26:428500, 2, 2, 1631827586.428332, 81, GPS(-43.520555, 172.583062, 21.341924, var=[1.0, 1.0, 1.0]), 48.99651043723525, GPS(-43.520600, 172.583000, 0.000000, var=[-1.0, -1.0, -1.0])
09:26:26:428964, 4, 2, 1631827586.428834, 80, GPS(-43.520646, 172.583063, 21.354779, var=[1.0, 1.0, 1.0]), 49.049319599658816, GPS(-43.520600, 172.583000, 0.000000, var=[-1.0, -1.0, -1.0])
09:26:26:429528, 3, 2, 1631827586.429408, 78, GPS(-43.520645, 172.582939, 21.351754, var=[1.0, 1.0, 1.0]), 48.990080511425134, GPS(-43.520600, 172.583000, 0.000000, var=[-1.0, -1.0, -1.0])
09:26:26:429691, 1, 2, 1631827586.4295793, 77, GPS(-43.520555, 172.582938, 21.342899, var=[1.0, 1.0, 1.0]), 49.003078301537286, GPS(-43.520600, 172.583000, 0.000000, var=[-1.0, -1.0, -1.0])
09:26:27:432930, 2, 2, 1631827587.4325774, 82, GPS(-43.520555, 172.583063, 21.337924, var=[1.0, 1.0, 1.0]), 48.996520242052554, GPS(-43.520600, 172.583000, 0.000000, var=[-1.0, -1.0, -1.0])
09:26:27:434673, 4, 2, 1631827587.434512, 81, GPS(-43.520646, 172.583064, 21.350779, var=[1.0, 1.0, 1.0]), 49.04936062451436, GPS(-43.520600, 172.583000, 0.000000, var=[-1.0, -1.0, -1.0])
09:26:27:436031, 1, 2, 1631827587.4354649, 78, GPS(-43.520555, 172.582938, 21.349899, var=[1.0, 1.0, 1.0]), 49.01241269358742, GPS(-43.520600, 172.583000, 0.000000, var=[-1.0, -1.0, -1.0])
09:26:27:437026, 3, 2, 1631827587.4359229, 79, GPS(-43.520645, 172.582939, 21.343754, var=[1.0, 1.0, 1.0]), 48.98521229049268, GPS(-43.520600, 172.583000, 0.000000, var=[-1.0, -1.0, -1.0])
09:26:27:437914, 2, 2, 1631827587.4365964, 83, GPS(-43.520555, 172.583063, 21.337924, var=[1.0, 1.0, 1.0]), 48.996520242052554, GPS(-43.520600, 172.583000, 0.000000, var=[-1.0, -1.0, -1.0])
09:26:28:437055, 4, 2, 1631827588.436895, 82, GPS(-43.520646, 172.583064, 21.352780, var=[1.0, 1.0, 1.0]), 49.05206504070836, GPS(-43.520600, 172.583000, 0.000000, var=[-1.0, -1.0, -1.0])
09:26:28:437706, 1, 2, 1631827588.4375992, 79, GPS(-43.520555, 172.582938, 21.348899, var=[1.0, 1.0, 1.0]), 49.01366964896778, GPS(-43.520600, 172.583000, 0.000000, var=[-1.0, -1.0, -1.0])
09:26:28:438658, 2, 2, 1631827588.4385428, 84, GPS(-43.520555, 172.583063, 21.342924, var=[1.0, 1.0, 1.0]), 49.00774200180979, GPS(-43.520600, 172.583000, 0.000000, var=[-1.0, -1.0, -1.0])
09:26:28:438814, 3, 2, 1631827588.4386969, 80, GPS(-43.520645, 172.582939, 21.352754, var=[1.0, 1.0, 1.0]), 48.997031349122864, GPS(-43.520600, 172.583000, 0.000000, var=[-1.0, -1.0, -1.0])
09:26:28:541403, 2, 2, 1631827588.541255, 85, GPS(-43.520555, 172.583063, 21.342925, var=[1.0, 1.0, 1.0]), 49.0202717961201, GPS(-43.520600, 172.583000, 0.000000, var=[-1.0, -1.0, -1.0])
09:26:28:542000, 1, 2, 1631827588.5418909, 80, GPS(-43.520555, 172.582938, 21.348899, var=[1.0, 1.0, 1.0]), 49.02371786949661, GPS(-43.520600, 172.583000, 0.000000, var=[-1.0, -1.0, -1.0])
09:26:28:542506, 3, 2, 1631827588.5423982, 81, GPS(-43.520645, 172.582939, 21.353754, var=[1.0, 1.0, 1.0]), 49.008029208586365, GPS(-43.520600, 172.583000, 0.000000, var=[-1.0, -1.0, -1.0])
09:26:28:542653, 4, 2, 1631827588.5425477, 83, GPS(-43.520646, 172.583064, 21.355780, var=[1.0, 1.0, 1.0]), 49.064955239514134, GPS(-43.520600, 172.583000, 0.000000, var=[-1.0, -1.0, -1.0])
09:26:29:547086, 4, 2, 1631827589.5468974, 84, GPS(-43.520646, 172.583064, 21.363780, var=[1.0, 1.0, 1.0]), 49.07253404839, GPS(-43.520600, 172.583000, 0.000000, var=[-1.0, -1.0, -1.0])
09:26:29:547829, 1, 2, 1631827589.5475576, 81, GPS(-43.520554, 172.582938, 21.364899, var=[1.0, 1.0, 1.0]), 49.04389530095253, GPS(-43.520600, 172.583000, 0.000000, var=[-1.0, -1.0, -1.0])
09:26:29:548130, 3, 2, 1631827589.5479567, 82, GPS(-43.520645, 172.582939, 21.370754, var=[1.0, 1.0, 1.0]), 49.02345422979636, GPS(-43.520600, 172.583000, 0.000000, var=[-1.0, -1.0, -1.0])
09:26:29:550529, 2, 2, 1631827589.5480533, 86, GPS(-43.520555, 172.583063, 21.356925, var=[1.0, 1.0, 1.0]), 49.033553233944026, GPS(-43.520600, 172.583000, 0.000000, var=[-1.0, -1.0, -1.0])
09:26:30:548275, 4, 2, 1631827590.548125, 85, GPS(-43.520646, 172.583063, 21.365780, var=[1.0, 1.0, 1.0]), 49.060495013847216, GPS(-43.520600, 172.583000, 0.000000, var=[-1.0, -1.0, -1.0])
09:26:30:549842, 2, 2, 1631827590.5497177, 87, GPS(-43.520555, 172.583062, 21.359925, var=[1.0, 1.0, 1.0]), 49.03113872402064, GPS(-43.520600, 172.583000, 0.000000, var=[-1.0, -1.0, -1.0])
09:26:30:550726, 1, 2, 1631827590.5506215, 82, GPS(-43.520554, 172.582938, 21.364899, var=[1.0, 1.0, 1.0]), 49.042252731032036, GPS(-43.520600, 172.583000, 0.000000, var=[-1.0, -1.0, -1.0])
09:26:30:550855, 3, 2, 1631827590.5507183, 83, GPS(-43.520645, 172.582939, 21.363755, var=[1.0, 1.0, 1.0]), 49.00590557365091, GPS(-43.520600, 172.583000, 0.000000, var=[-1.0, -1.0, -1.0])
09:26:30:653291, 3, 2, 1631827590.6526868, 84, GPS(-43.520645, 172.582939, 21.362755, var=[1.0, 1.0, 1.0]), 49.01998945207818, GPS(-43.520600, 172.583000, 0.000000, var=[-1.0, -1.0, -1.0])
09:26:30:653499, 1, 2, 1631827590.6533637, 83, GPS(-43.520554, 172.582938, 21.366899, var=[1.0, 1.0, 1.0]), 49.059183425937285, GPS(-43.520600, 172.583000, 0.000000, var=[-1.0, -1.0, -1.0])
09:26:30:653717, 4, 2, 1631827590.6536088, 86, GPS(-43.520646, 172.583063, 21.362780, var=[1.0, 1.0, 1.0]), 49.072685692353005, GPS(-43.520600, 172.583000, 0.000000, var=[-1.0, -1.0, -1.0])
09:26:30:654023, 2, 2, 1631827590.6539216, 88, GPS(-43.520555, 172.583062, 21.358925, var=[1.0, 1.0, 1.0]), 49.04522383720277, GPS(-43.520600, 172.583000, 0.000000, var=[-1.0, -1.0, -1.0])
09:26:31:654504, 3, 2, 1631827591.6543672, 85, GPS(-43.520645, 172.582939, 21.376755, var=[1.0, 1.0, 1.0]), 49.03081891478022, GPS(-43.520600, 172.583000, 0.000000, var=[-1.0, -1.0, -1.0])
09:26:31:656047, 1, 2, 1631827591.6558924, 84, GPS(-43.520554, 172.582938, 21.359900, var=[1.0, 1.0, 1.0]), 49.060095047699, GPS(-43.520600, 172.583000, 0.000000, var=[-1.0, -1.0, -1.0])
09:26:31:656357, 2, 2, 1631827591.6562464, 89, GPS(-43.520555, 172.583062, 21.376925, var=[1.0, 1.0, 1.0]), 49.06299057699301, GPS(-43.520600, 172.583000, 0.000000, var=[-1.0, -1.0, -1.0])
09:26:31:657069, 4, 2, 1631827591.6569297, 87, GPS(-43.520645, 172.583063, 21.365780, var=[1.0, 1.0, 1.0]), 49.066225395711186, GPS(-43.520600, 172.583000, 0.000000, var=[-1.0, -1.0, -1.0])
09:26:31:659097, 3, 2, 1631827591.6582952, 86, GPS(-43.520645, 172.582939, 21.376755, var=[1.0, 1.0, 1.0]), 49.03081891478022, GPS(-43.520600, 172.583000, 0.000000, var=[-1.0, -1.0, -1.0])
09:26:32:662291, 3, 2, 1631827592.662046, 87, GPS(-43.520645, 172.582939, 21.391755, var=[1.0, 1.0, 1.0]), 49.06704452695121, GPS(-43.520600, 172.583000, 0.000000, var=[-1.0, -1.0, -1.0])
09:26:32:662821, 2, 2, 1631827592.6626246, 90, GPS(-43.520555, 172.583062, 21.396925, var=[1.0, 1.0, 1.0]), 49.09434553063431, GPS(-43.520600, 172.583000, 0.000000, var=[-1.0, -1.0, -1.0])
09:26:32:663026, 1, 2, 1631827592.6628728, 85, GPS(-43.520554, 172.582938, 21.369900, var=[1.0, 1.0, 1.0]), 49.084816996581296, GPS(-43.520600, 172.583000, 0.000000, var=[-1.0, -1.0, -1.0])
09:26:32:663802, 4, 2, 1631827592.6626463, 88, GPS(-43.520645, 172.583063, 21.384780, var=[1.0, 1.0, 1.0]), 49.10451516057378, GPS(-43.520600, 172.583000, 0.000000, var=[-1.0, -1.0, -1.0])
09:26:33:664550, 2, 2, 1631827593.6644173, 91, GPS(-43.520555, 172.583062, 21.397925, var=[1.0, 1.0, 1.0]), 49.10609001443876, GPS(-43.520600, 172.583000, 0.000000, var=[-1.0, -1.0, -1.0])
09:26:33:664913, 4, 2, 1631827593.6648014, 89, GPS(-43.520646, 172.583063, 21.386780, var=[1.0, 1.0, 1.0]), 49.11790551964172, GPS(-43.520600, 172.583000, 0.000000, var=[-1.0, -1.0, -1.0])
09:26:33:665452, 3, 2, 1631827593.665129, 88, GPS(-43.520645, 172.582939, 21.406755, var=[1.0, 1.0, 1.0]), 49.08606052297506, GPS(-43.520600, 172.583000, 0.000000, var=[-1.0, -1.0, -1.0])
09:26:33:665788, 1, 2, 1631827593.6656842, 86, GPS(-43.520554, 172.582938, 21.391900, var=[1.0, 1.0, 1.0]), 49.11396529126031, GPS(-43.520600, 172.583000, 0.000000, var=[-1.0, -1.0, -1.0])
09:26:33:772986, 3, 2, 1631827593.7728148, 89, GPS(-43.520645, 172.582939, 21.404755, var=[1.0, 1.0, 1.0]), 49.086166341253424, GPS(-43.520600, 172.583000, 0.000000, var=[-1.0, -1.0, -1.0])
09:26:33:773859, 2, 2, 1631827593.773685, 92, GPS(-43.520555, 172.583062, 21.398925, var=[1.0, 1.0, 1.0]), 49.109045011408725, GPS(-43.520600, 172.583000, 0.000000, var=[-1.0, -1.0, -1.0])
09:26:33:773987, 1, 2, 1631827593.7738187, 87, GPS(-43.520554, 172.582938, 21.390900, var=[1.0, 1.0, 1.0]), 49.115023077233396, GPS(-43.520600, 172.583000, 0.000000, var=[-1.0, -1.0, -1.0])
09:26:33:774139, 4, 2, 1631827593.7739346, 90, GPS(-43.520646, 172.583063, 21.390780, var=[1.0, 1.0, 1.0]), 49.12552838040102, GPS(-43.520600, 172.583000, 0.000000, var=[-1.0, -1.0, -1.0])
09:26:34:775028, 3, 2, 1631827594.7748902, 90, GPS(-43.520645, 172.582939, 21.405755, var=[1.0, 1.0, 1.0]), 49.086856355002425, GPS(-43.520600, 172.583000, 0.000000, var=[-1.0, -1.0, -1.0])
09:26:34:776785, 2, 2, 1631827594.77661, 93, GPS(-43.520555, 172.583062, 21.395925, var=[1.0, 1.0, 1.0]), 49.10416789001796, GPS(-43.520600, 172.583000, 0.000000, var=[-1.0, -1.0, -1.0])
09:26:34:777724, 1, 2, 1631827594.7775586, 88, GPS(-43.520554, 172.582938, 21.406900, var=[1.0, 1.0, 1.0]), 49.13067758631037, GPS(-43.520600, 172.583000, 0.000000, var=[-1.0, -1.0, -1.0])
09:26:34:778456, 3, 2, 1631827594.7778502, 91, GPS(-43.520645, 172.582939, 21.405755, var=[1.0, 1.0, 1.0]), 49.086856355002425, GPS(-43.520600, 172.583000, 0.000000, var=[-1.0, -1.0, -1.0])
09:26:34:778549, 4, 2, 1631827594.778211, 91, GPS(-43.520646, 172.583063, 21.400780, var=[1.0, 1.0, 1.0]), 49.12933084877712, GPS(-43.520600, 172.583000, 0.000000, var=[-1.0, -1.0, -1.0])
09:26:35:779361, 2, 2, 1631827595.7791553, 94, GPS(-43.520555, 172.583062, 21.406925, var=[1.0, 1.0, 1.0]), 49.11006529689473, GPS(-43.520600, 172.583000, 0.000000, var=[-1.0, -1.0, -1.0])
09:26:35:781810, 1, 2, 1631827595.7816083, 89, GPS(-43.520554, 172.582938, 21.412899, var=[1.0, 1.0, 1.0]), 49.13218801211042, GPS(-43.520600, 172.583000, 0.000000, var=[-1.0, -1.0, -1.0])
09:26:35:783262, 3, 2, 1631827595.7830381, 92, GPS(-43.520645, 172.582939, 21.409755, var=[1.0, 1.0, 1.0]), 49.091468351625196, GPS(-43.520600, 172.583000, 0.000000, var=[-1.0, -1.0, -1.0])
09:26:35:783585, 2, 2, 1631827595.7834377, 95, GPS(-43.520555, 172.583062, 21.406925, var=[1.0, 1.0, 1.0]), 49.11006529689473, GPS(-43.520600, 172.583000, 0.000000, var=[-1.0, -1.0, -1.0])
09:26:35:783685, 4, 2, 1631827595.7835038, 92, GPS(-43.520646, 172.583063, 21.397780, var=[1.0, 1.0, 1.0]), 49.120076658643235, GPS(-43.520600, 172.583000, 0.000000, var=[-1.0, -1.0, -1.0])
09:26:36:784743, 4, 2, 1631827596.7846005, 93, GPS(-43.520645, 172.583063, 21.401780, var=[1.0, 1.0, 1.0]), 49.13459340182247, GPS(-43.520600, 172.583000, 0.000000, var=[-1.0, -1.0, -1.0])
09:26:36:785309, 1, 2, 1631827596.7851954, 90, GPS(-43.520554, 172.582937, 21.412899, var=[1.0, 1.0, 1.0]), 49.15332235204151, GPS(-43.520600, 172.583000, 0.000000, var=[-1.0, -1.0, -1.0])
09:26:36:785678, 2, 2, 1631827596.785552, 96, GPS(-43.520555, 172.583062, 21.414925, var=[1.0, 1.0, 1.0]), 49.12911502174947, GPS(-43.520600, 172.583000, 0.000000, var=[-1.0, -1.0, -1.0])
09:26:36:785740, 3, 2, 1631827596.7856257, 93, GPS(-43.520645, 172.582938, 21.422755, var=[1.0, 1.0, 1.0]), 49.1230819144808, GPS(-43.520600, 172.583000, 0.000000, var=[-1.0, -1.0, -1.0])
09:26:37:785983, 4, 2, 1631827597.7858148, 94, GPS(-43.520645, 172.583063, 21.412780, var=[1.0, 1.0, 1.0]), 49.16718909283094, GPS(-43.520600, 172.583000, 0.000000, var=[-1.0, -1.0, -1.0])
09:26:37:789105, 1, 2, 1631827597.7889066, 91, GPS(-43.520554, 172.582937, 21.412900, var=[1.0, 1.0, 1.0]), 49.18341715064062, GPS(-43.520600, 172.583000, 0.000000, var=[-1.0, -1.0, -1.0])
09:26:37:790009, 3, 2, 1631827597.7898352, 94, GPS(-43.520645, 172.582938, 21.431755, var=[1.0, 1.0, 1.0]), 49.15984525421311, GPS(-43.520600, 172.583000, 0.000000, var=[-1.0, -1.0, -1.0])
09:26:37:790770, 4, 2, 1631827597.7900176, 95, GPS(-43.520645, 172.583063, 21.412780, var=[1.0, 1.0, 1.0]), 49.16718909283094, GPS(-43.520600, 172.583000, 0.000000, var=[-1.0, -1.0, -1.0])
09:26:37:790867, 2, 2, 1631827597.7904925, 97, GPS(-43.520555, 172.583062, 21.413925, var=[1.0, 1.0, 1.0]), 49.15035549420516, GPS(-43.520600, 172.583000, 0.000000, var=[-1.0, -1.0, -1.0])
09:26:38:792316, 4, 2, 1631827598.792091, 96, GPS(-43.520646, 172.583063, 21.423780, var=[1.0, 1.0, 1.0]), 49.178704800495396, GPS(-43.520600, 172.583000, 0.000000, var=[-1.0, -1.0, -1.0])
09:26:38:792638, 1, 2, 1631827598.7924812, 92, GPS(-43.520554, 172.582937, 21.425899, var=[1.0, 1.0, 1.0]), 49.18933154580016, GPS(-43.520600, 172.583000, 0.000000, var=[-1.0, -1.0, -1.0])
09:26:38:793999, 3, 2, 1631827598.793857, 95, GPS(-43.520645, 172.582938, 21.443754, var=[1.0, 1.0, 1.0]), 49.16912013176592, GPS(-43.520600, 172.583000, 0.000000, var=[-1.0, -1.0, -1.0])
09:26:38:794085, 2, 2, 1631827598.7938628, 98, GPS(-43.520555, 172.583062, 21.428925, var=[1.0, 1.0, 1.0]), 49.1606958750742, GPS(-43.520600, 172.583000, 0.000000, var=[-1.0, -1.0, -1.0])
09:26:39:793453, 4, 2, 1631827599.79331, 97, GPS(-43.520646, 172.583063, 21.438780, var=[1.0, 1.0, 1.0]), 49.20689664052463, GPS(-43.520600, 172.583000, 0.000000, var=[-1.0, -1.0, -1.0])
09:26:39:795836, 3, 2, 1631827599.7956944, 96, GPS(-43.520645, 172.582938, 21.448754, var=[1.0, 1.0, 1.0]), 49.18783364524029, GPS(-43.520600, 172.583000, 0.000000, var=[-1.0, -1.0, -1.0])
09:26:39:796152, 1, 2, 1631827599.7960265, 93, GPS(-43.520554, 172.582937, 21.438899, var=[1.0, 1.0, 1.0]), 49.21562182196635, GPS(-43.520600, 172.583000, 0.000000, var=[-1.0, -1.0, -1.0])
09:26:39:796449, 2, 2, 1631827599.7963498, 99, GPS(-43.520555, 172.583062, 21.447925, var=[1.0, 1.0, 1.0]), 49.19092599392853, GPS(-43.520600, 172.583000, 0.000000, var=[-1.0, -1.0, -1.0])
09:26:39:897783, 3, 2, 1631827599.8976266, 97, GPS(-43.520645, 172.582938, 21.448754, var=[1.0, 1.0, 1.0]), 49.19478493180351, GPS(-43.520600, 172.583000, 0.000000, var=[-1.0, -1.0, -1.0])
09:26:39:898379, 1, 2, 1631827599.898228, 94, GPS(-43.520554, 172.582937, 21.439899, var=[1.0, 1.0, 1.0]), 49.221714212415655, GPS(-43.520600, 172.583000, 0.000000, var=[-1.0, -1.0, -1.0])
09:26:39:898595, 4, 2, 1631827599.8984392, 98, GPS(-43.520646, 172.583063, 21.438780, var=[1.0, 1.0, 1.0]), 49.21384792708787, GPS(-43.520600, 172.583000, 0.000000, var=[-1.0, -1.0, -1.0])
09:26:39:898739, 2, 2, 1631827599.8986106, 100, GPS(-43.520555, 172.583062, 21.448925, var=[1.0, 1.0, 1.0]), 49.1988268565737, GPS(-43.520600, 172.583000, 0.000000, var=[-1.0, -1.0, -1.0])
09:26:40:900666, 1, 2, 1631827600.900495, 95, GPS(-43.520554, 172.582937, 21.440899, var=[1.0, 1.0, 1.0]), 49.22096764765911, GPS(-43.520600, 172.583000, 0.000000, var=[-1.0, -1.0, -1.0])
09:26:40:902739, 2, 2, 1631827600.9025602, 101, GPS(-43.520555, 172.583062, 21.454925, var=[1.0, 1.0, 1.0]), 49.20281646102047, GPS(-43.520600, 172.583000, 0.000000, var=[-1.0, -1.0, -1.0])
09:26:40:903701, 4, 2, 1631827600.9034395, 99, GPS(-43.520646, 172.583063, 21.435780, var=[1.0, 1.0, 1.0]), 49.21000245737381, GPS(-43.520600, 172.583000, 0.000000, var=[-1.0, -1.0, -1.0])
09:26:40:904142, 3, 2, 1631827600.9039474, 98, GPS(-43.520645, 172.582938, 21.444754, var=[1.0, 1.0, 1.0]), 49.18998600923574, GPS(-43.520600, 172.583000, 0.000000, var=[-1.0, -1.0, -1.0])
09:26:40:906187, 1, 2, 1631827600.9047668, 96, GPS(-43.520554, 172.582937, 21.440899, var=[1.0, 1.0, 1.0]), 49.22096764765911, GPS(-43.520600, 172.583000, 0.000000, var=[-1.0, -1.0, -1.0])
09:26:41:907669, 3, 2, 1631827601.9073665, 99, GPS(-43.520645, 172.582938, 21.446754, var=[1.0, 1.0, 1.0]), 49.19457224109296, GPS(-43.520600, 172.583000, 0.000000, var=[-1.0, -1.0, -1.0])
09:26:41:908971, 2, 2, 1631827601.9086843, 102, GPS(-43.520555, 172.583062, 21.460925, var=[1.0, 1.0, 1.0]), 49.21228332927164, GPS(-43.520600, 172.583000, 0.000000, var=[-1.0, -1.0, -1.0])
09:26:41:909253, 1, 2, 1631827601.9089055, 97, GPS(-43.520554, 172.582937, 21.441899, var=[1.0, 1.0, 1.0]), 49.221412024722696, GPS(-43.520600, 172.583000, 0.000000, var=[-1.0, -1.0, -1.0])
09:26:41:912281, 4, 2, 1631827601.9118443, 100, GPS(-43.520646, 172.583063, 21.442780, var=[1.0, 1.0, 1.0]), 49.22043906145103, GPS(-43.520600, 172.583000, 0.000000, var=[-1.0, -1.0, -1.0])
09:26:42:909358, 3, 2, 1631827602.9092112, 100, GPS(-43.520645, 172.582938, 21.453755, var=[1.0, 1.0, 1.0]), 49.2089560755593, GPS(-43.520600, 172.583000, 0.000000, var=[-1.0, -1.0, -1.0])
09:26:42:911656, 1, 2, 1631827602.9114769, 98, GPS(-43.520554, 172.582937, 21.447899, var=[1.0, 1.0, 1.0]), 49.2390839140027, GPS(-43.520600, 172.583000, 0.000000, var=[-1.0, -1.0, -1.0])
09:26:42:912731, 4, 2, 1631827602.9125366, 101, GPS(-43.520646, 172.583063, 21.452780, var=[1.0, 1.0, 1.0]), 49.24552105520543, GPS(-43.520600, 172.583000, 0.000000, var=[-1.0, -1.0, -1.0])
09:26:42:913616, 3, 2, 1631827602.9134264, 101, GPS(-43.520645, 172.582938, 21.453755, var=[1.0, 1.0, 1.0]), 49.2089560755593, GPS(-43.520600, 172.583000, 0.000000, var=[-1.0, -1.0, -1.0])
09:26:42:914056, 2, 2, 1631827602.9139159, 103, GPS(-43.520555, 172.583062, 21.455925, var=[1.0, 1.0, 1.0]), 49.22129661999343, GPS(-43.520600, 172.583000, 0.000000, var=[-1.0, -1.0, -1.0])
09:26:42:914998, 1, 2, 1631827602.9148624, 99, GPS(-43.520554, 172.582937, 21.447899, var=[1.0, 1.0, 1.0]), 49.2390839140027, GPS(-43.520600, 172.583000, 0.000000, var=[-1.0, -1.0, -1.0])
09:26:43:917044, 2, 2, 1631827603.9165862, 104, GPS(-43.520555, 172.583062, 21.450925, var=[1.0, 1.0, 1.0]), 49.21337208594616, GPS(-43.520600, 172.583000, 0.000000, var=[-1.0, -1.0, -1.0])
09:26:43:917916, 1, 2, 1631827603.9176288, 100, GPS(-43.520554, 172.582937, 21.459899, var=[1.0, 1.0, 1.0]), 49.246891123623854, GPS(-43.520600, 172.583000, 0.000000, var=[-1.0, -1.0, -1.0])
09:26:43:918267, 3, 2, 1631827603.9177127, 102, GPS(-43.520645, 172.582939, 21.453755, var=[1.0, 1.0, 1.0]), 49.202224488917466, GPS(-43.520600, 172.583000, 0.000000, var=[-1.0, -1.0, -1.0])
09:26:43:918423, 4, 2, 1631827603.9182405, 102, GPS(-43.520646, 172.583063, 21.450780, var=[1.0, 1.0, 1.0]), 49.236174795301, GPS(-43.520600, 172.583000, 0.000000, var=[-1.0, -1.0, -1.0])
09:26:44:919593, 3, 2, 1631827604.9194503, 103, GPS(-43.520645, 172.582939, 21.448755, var=[1.0, 1.0, 1.0]), 49.220444149840134, GPS(-43.520600, 172.583000, 0.000000, var=[-1.0, -1.0, -1.0])
09:26:44:919696, 2, 2, 1631827604.9195745, 105, GPS(-43.520555, 172.583062, 21.442925, var=[1.0, 1.0, 1.0]), 49.22944612873879, GPS(-43.520600, 172.583000, 0.000000, var=[-1.0, -1.0, -1.0])
09:26:44:920662, 1, 2, 1631827604.9204905, 101, GPS(-43.520554, 172.582937, 21.449899, var=[1.0, 1.0, 1.0]), 49.25857624061521, GPS(-43.520600, 172.583000, 0.000000, var=[-1.0, -1.0, -1.0])
09:26:44:921029, 4, 2, 1631827604.920661, 103, GPS(-43.520646, 172.583063, 21.450780, var=[1.0, 1.0, 1.0]), 49.25914433349597, GPS(-43.520600, 172.583000, 0.000000, var=[-1.0, -1.0, -1.0])
09:26:45:021238, 3, 2, 1631827605.020934, 104, GPS(-43.520645, 172.582939, 21.448754, var=[1.0, 1.0, 1.0]), 49.19789075426941, GPS(-43.520600, 172.583000, 0.000000, var=[-1.0, -1.0, -1.0])
09:26:45:022108, 4, 2, 1631827605.0219135, 104, GPS(-43.520646, 172.583063, 21.450780, var=[1.0, 1.0, 1.0]), 49.234118744517225, GPS(-43.520600, 172.583000, 0.000000, var=[-1.0, -1.0, -1.0])
09:26:45:022489, 1, 2, 1631827605.0223317, 102, GPS(-43.520554, 172.582937, 21.449899, var=[1.0, 1.0, 1.0]), 49.23355065163647, GPS(-43.520600, 172.583000, 0.000000, var=[-1.0, -1.0, -1.0])
09:26:45:023605, 2, 2, 1631827605.0233996, 106, GPS(-43.520555, 172.583062, 21.439925, var=[1.0, 1.0, 1.0]), 49.201572575562125, GPS(-43.520600, 172.583000, 0.000000, var=[-1.0, -1.0, -1.0])
09:26:46:026056, 1, 2, 1631827606.025871, 103, GPS(-43.520554, 172.582938, 21.441899, var=[1.0, 1.0, 1.0]), 49.215368754424816, GPS(-43.520600, 172.583000, 0.000000, var=[-1.0, -1.0, -1.0])
09:26:46:026250, 2, 2, 1631827606.0261235, 107, GPS(-43.520555, 172.583062, 21.431925, var=[1.0, 1.0, 1.0]), 49.19376206294221, GPS(-43.520600, 172.583000, 0.000000, var=[-1.0, -1.0, -1.0])
09:26:46:026677, 3, 2, 1631827606.0265276, 105, GPS(-43.520645, 172.582939, 21.446754, var=[1.0, 1.0, 1.0]), 49.19399104931023, GPS(-43.520600, 172.583000, 0.000000, var=[-1.0, -1.0, -1.0])
09:26:46:026723, 4, 2, 1631827606.026601, 105, GPS(-43.520646, 172.583063, 21.434780, var=[1.0, 1.0, 1.0]), 49.21875798465987, GPS(-43.520600, 172.583000, 0.000000, var=[-1.0, -1.0, -1.0])
09:26:47:028236, 2, 2, 1631827607.0280101, 108, GPS(-43.520555, 172.583062, 21.431925, var=[1.0, 1.0, 1.0]), 49.18324548456067, GPS(-43.520600, 172.583000, 0.000000, var=[-1.0, -1.0, -1.0])
09:26:47:029397, 1, 2, 1631827607.0291312, 104, GPS(-43.520554, 172.582938, 21.430899, var=[1.0, 1.0, 1.0]), 49.196900003059554, GPS(-43.520600, 172.583000, 0.000000, var=[-1.0, -1.0, -1.0])
09:26:47:029917, 4, 2, 1631827607.0297265, 106, GPS(-43.520646, 172.583063, 21.427780, var=[1.0, 1.0, 1.0]), 49.20657926228336, GPS(-43.520600, 172.583000, 0.000000, var=[-1.0, -1.0, -1.0])
09:26:47:030298, 3, 2, 1631827607.0301733, 106, GPS(-43.520645, 172.582939, 21.435755, var=[1.0, 1.0, 1.0]), 49.173036500096444, GPS(-43.520600, 172.583000, 0.000000, var=[-1.0, -1.0, -1.0])
09:26:47:130404, 3, 2, 1631827607.1302564, 107, GPS(-43.520645, 172.582939, 21.434755, var=[1.0, 1.0, 1.0]), 49.17511230148999, GPS(-43.520600, 172.583000, 0.000000, var=[-1.0, -1.0, -1.0])
09:26:47:131360, 2, 2, 1631827607.1312172, 109, GPS(-43.520555, 172.583062, 21.430925, var=[1.0, 1.0, 1.0]), 49.18532188516721, GPS(-43.520600, 172.583000, 0.000000, var=[-1.0, -1.0, -1.0])
09:26:47:131488, 1, 2, 1631827607.1313062, 105, GPS(-43.520554, 172.582938, 21.430899, var=[1.0, 1.0, 1.0]), 49.19992571072014, GPS(-43.520600, 172.583000, 0.000000, var=[-1.0, -1.0, -1.0])
09:26:47:131733, 4, 2, 1631827607.1315315, 107, GPS(-43.520646, 172.583063, 21.427780, var=[1.0, 1.0, 1.0]), 49.20960496994394, GPS(-43.520600, 172.583000, 0.000000, var=[-1.0, -1.0, -1.0])
09:26:48:132536, 3, 2, 1631827608.1324034, 108, GPS(-43.520645, 172.582939, 21.430755, var=[1.0, 1.0, 1.0]), 49.16784386558467, GPS(-43.520600, 172.583000, 0.000000, var=[-1.0, -1.0, -1.0])
09:26:48:132939, 1, 2, 1631827608.1326466, 106, GPS(-43.520554, 172.582938, 21.432899, var=[1.0, 1.0, 1.0]), 49.205118329861754, GPS(-43.520600, 172.583000, 0.000000, var=[-1.0, -1.0, -1.0])
09:26:48:133484, 2, 2, 1631827608.1332862, 110, GPS(-43.520555, 172.583062, 21.429925, var=[1.0, 1.0, 1.0]), 49.183372586046886, GPS(-43.520600, 172.583000, 0.000000, var=[-1.0, -1.0, -1.0])
09:26:48:166001, 4, 2, 1631827608.165856, 108, GPS(-43.520646, 172.583063, 21.425780, var=[1.0, 1.0, 1.0]), 49.180894768602876, GPS(-43.520600, 172.583000, 0.000000, var=[-1.0, -1.0, -1.0])
09:26:48:237152, 4, 2, 1631827608.2368972, 109, GPS(-43.520646, 172.583063, 21.425780, var=[1.0, 1.0, 1.0]), 49.180894768602876, GPS(-43.520600, 172.583000, 0.000000, var=[-1.0, -1.0, -1.0])
09:26:48:239073, 3, 2, 1631827608.238821, 109, GPS(-43.520645, 172.582939, 21.428755, var=[1.0, 1.0, 1.0]), 49.14194397817262, GPS(-43.520600, 172.583000, 0.000000, var=[-1.0, -1.0, -1.0])
09:26:48:239188, 2, 2, 1631827608.238841, 111, GPS(-43.520555, 172.583062, 21.430925, var=[1.0, 1.0, 1.0]), 49.160321974156965, GPS(-43.520600, 172.583000, 0.000000, var=[-1.0, -1.0, -1.0])
09:26:48:239266, 1, 2, 1631827608.2389205, 107, GPS(-43.520554, 172.582938, 21.431899, var=[1.0, 1.0, 1.0]), 49.18016989895361, GPS(-43.520600, 172.583000, 0.000000, var=[-1.0, -1.0, -1.0])
09:26:49:240548, 4, 2, 1631827609.2399316, 110, GPS(-43.520645, 172.583063, 21.432780, var=[1.0, 1.0, 1.0]), 49.18075154095014, GPS(-43.520600, 172.583000, 0.000000, var=[-1.0, -1.0, -1.0])
09:26:49:242031, 2, 2, 1631827609.2417994, 112, GPS(-43.520555, 172.583062, 21.431925, var=[1.0, 1.0, 1.0]), 49.16376350459146, GPS(-43.520600, 172.583000, 0.000000, var=[-1.0, -1.0, -1.0])
09:26:49:243308, 3, 2, 1631827609.2430565, 110, GPS(-43.520645, 172.582938, 21.424755, var=[1.0, 1.0, 1.0]), 49.13992679355284, GPS(-43.520600, 172.583000, 0.000000, var=[-1.0, -1.0, -1.0])
09:26:49:243908, 1, 2, 1631827609.2433844, 108, GPS(-43.520554, 172.582937, 21.432899, var=[1.0, 1.0, 1.0]), 49.18542971210833, GPS(-43.520600, 172.583000, 0.000000, var=[-1.0, -1.0, -1.0])
09:26:50:242475, 4, 2, 1631827610.2422345, 111, GPS(-43.520645, 172.583063, 21.431780, var=[1.0, 1.0, 1.0]), 49.18008435762782, GPS(-43.520600, 172.583000, 0.000000, var=[-1.0, -1.0, -1.0])
09:26:50:245726, 2, 2, 1631827610.245488, 113, GPS(-43.520554, 172.583062, 21.427925, var=[1.0, 1.0, 1.0]), 49.167040363370745, GPS(-43.520600, 172.583000, 0.000000, var=[-1.0, -1.0, -1.0])
09:26:50:247331, 1, 2, 1631827610.247074, 109, GPS(-43.520554, 172.582937, 21.432900, var=[1.0, 1.0, 1.0]), 49.19182982699533, GPS(-43.520600, 172.583000, 0.000000, var=[-1.0, -1.0, -1.0])
09:26:50:247912, 3, 2, 1631827610.2473898, 111, GPS(-43.520645, 172.582938, 21.440755, var=[1.0, 1.0, 1.0]), 49.15652891304017, GPS(-43.520600, 172.583000, 0.000000, var=[-1.0, -1.0, -1.0])
09:26:51:245041, 4, 2, 1631827611.2447846, 112, GPS(-43.520645, 172.583063, 21.442780, var=[1.0, 1.0, 1.0]), 49.19061860640381, GPS(-43.520600, 172.583000, 0.000000, var=[-1.0, -1.0, -1.0])
09:26:51:249634, 1, 2, 1631827611.2494385, 110, GPS(-43.520554, 172.582937, 21.451900, var=[1.0, 1.0, 1.0]), 49.221021230935904, GPS(-43.520600, 172.583000, 0.000000, var=[-1.0, -1.0, -1.0])
09:26:51:249880, 2, 2, 1631827611.2495337, 114, GPS(-43.520554, 172.583062, 21.448925, var=[1.0, 1.0, 1.0]), 49.19524378544607, GPS(-43.520600, 172.583000, 0.000000, var=[-1.0, -1.0, -1.0])
09:26:51:250747, 3, 2, 1631827611.2505686, 112, GPS(-43.520645, 172.582939, 21.452755, var=[1.0, 1.0, 1.0]), 49.164530207518084, GPS(-43.520600, 172.583000, 0.000000, var=[-1.0, -1.0, -1.0])
STOP: 09/17/2021 09:26:52:744212
