START: 09/16/2021 21:36:10:847963
TIME,            RX_ID,          STATE,          TIMESTAMP,          SEQ_NO,          RX_COORDS,          RANGE_READING,          TARGET_COORDS,          
21:36:33:487283, 2, 1, 1631784993.458785, 8, GPS(-43.520557, 172.583063, 21.431922, var=[1.0, 1.0, 1.0]), 37.543415321595944, GPS(-43.520600, 172.583000, 0.000000, var=[-1.0, -1.0, -1.0])
21:36:33:488504, 4, 1, 1631784993.4598265, 8, GPS(-43.520646, 172.583063, 21.437779, var=[1.0, 1.0, 1.0]), 37.6209825980317, GPS(-43.520600, 172.583000, 0.000000, var=[-1.0, -1.0, -1.0])
21:36:33:489229, 1, 1, 1631784993.459478, 8, GPS(-43.520557, 172.582939, 21.418895, var=[1.0, 1.0, 1.0]), 37.49638347775162, GPS(-43.520600, 172.583000, 0.000000, var=[-1.0, -1.0, -1.0])
21:36:33:489889, 3, 1, 1631784993.4598515, 8, GPS(-43.520646, 172.582940, 21.433753, var=[1.0, 1.0, 1.0]), 37.56659661523765, GPS(-43.520600, 172.583000, 0.000000, var=[-1.0, -1.0, -1.0])
21:36:33:561658, 1, 1, 1631784993.5584528, 9, GPS(-43.520557, 172.582939, 21.418895, var=[1.0, 1.0, 1.0]), 48.929407844725745, GPS(-43.520600, 172.583000, 0.000000, var=[-1.0, -1.0, -1.0])
21:36:33:562538, 3, 1, 1631784993.5583916, 9, GPS(-43.520646, 172.582940, 21.433753, var=[1.0, 1.0, 1.0]), 48.999620982211766, GPS(-43.520600, 172.583000, 0.000000, var=[-1.0, -1.0, -1.0])
21:36:33:564262, 4, 1, 1631784993.558425, 9, GPS(-43.520646, 172.583063, 21.438779, var=[1.0, 1.0, 1.0]), 49.0567723345017, GPS(-43.520600, 172.583000, 0.000000, var=[-1.0, -1.0, -1.0])
21:36:33:565403, 2, 1, 1631784993.5584152, 9, GPS(-43.520557, 172.583063, 21.430921, var=[1.0, 1.0, 1.0]), 48.97494049066313, GPS(-43.520600, 172.583000, 0.000000, var=[-1.0, -1.0, -1.0])
21:36:34:562109, 3, 1, 1631784994.5586572, 10, GPS(-43.520646, 172.582940, 21.432754, var=[1.0, 1.0, 1.0]), 48.994417123067805, GPS(-43.520600, 172.583000, 0.000000, var=[-1.0, -1.0, -1.0])
21:36:34:563136, 4, 1, 1631784994.558701, 10, GPS(-43.520646, 172.583063, 21.456779, var=[1.0, 1.0, 1.0]), 49.06950441961817, GPS(-43.520600, 172.583000, 0.000000, var=[-1.0, -1.0, -1.0])
21:36:34:564373, 2, 1, 1631784994.5586586, 10, GPS(-43.520557, 172.583063, 21.425921, var=[1.0, 1.0, 1.0]), 48.972008599781276, GPS(-43.520600, 172.583000, 0.000000, var=[-1.0, -1.0, -1.0])
21:36:34:565454, 1, 1, 1631784994.5585392, 10, GPS(-43.520557, 172.582939, 21.430896, var=[1.0, 1.0, 1.0]), 48.93554263071096, GPS(-43.520600, 172.583000, 0.000000, var=[-1.0, -1.0, -1.0])
21:36:34:568284, 1, 1, 1631784994.5615451, 10, GPS(-43.520557, 172.582939, 21.430896, var=[1.0, 1.0, 1.0]), 48.93554263071096, GPS(-43.520600, 172.583000, 0.000000, var=[-1.0, -1.0, -1.0])
STOP: 09/16/2021 21:36:34:569711
