START: 09/16/2021 21:22:52:883969
TIME,            RX_ID,          STATE,          TIMESTAMP,          SEQ_NO,          RX_COORDS,          RANGE_READING,          TARGET_COORDS,          
21:23:12:550533, 2, 1, 1631784192.5218332, 0, GPS(-43.520555, 172.583062, 21.561924, var=[1.0, 1.0, 1.0]), 37.69554368993339, GPS(-43.520600, 172.583000, 0.000000, var=[-1.0, -1.0, -1.0])
21:23:12:551608, 1, 1, 1631784192.5438569, 0, GPS(-43.520555, 172.582938, 21.560899, var=[1.0, 1.0, 1.0]), 37.703469279160345, GPS(-43.520600, 172.583000, 0.000000, var=[-1.0, -1.0, -1.0])
21:23:12:552333, 4, 1, 1631784192.5392842, 0, GPS(-43.520645, 172.583062, 21.567781, var=[1.0, 1.0, 1.0]), 37.69974481300086, GPS(-43.520600, 172.583000, 0.000000, var=[-1.0, -1.0, -1.0])
21:23:12:555486, 3, 1, 1631784192.5535178, 0, GPS(-43.520645, 172.582938, 21.572755, var=[1.0, 1.0, 1.0]), 37.706716367852195, GPS(-43.520600, 172.583000, 0.000000, var=[-1.0, -1.0, -1.0])
21:23:13:526028, 2, 1, 1631784193.5234056, 1, GPS(-43.520555, 172.583062, 21.556924, var=[1.0, 1.0, 1.0]), 49.247194359393184, GPS(-43.520600, 172.583000, 0.000000, var=[-1.0, -1.0, -1.0])
21:23:13:542793, 4, 1, 1631784193.5405347, 1, GPS(-43.520645, 172.583062, 21.554780, var=[1.0, 1.0, 1.0]), 49.242701202722, GPS(-43.520600, 172.583000, 0.000000, var=[-1.0, -1.0, -1.0])
21:23:13:546425, 1, 1, 1631784193.5440536, 1, GPS(-43.520555, 172.582938, 21.562898, var=[1.0, 1.0, 1.0]), 49.25753160149044, GPS(-43.520600, 172.583000, 0.000000, var=[-1.0, -1.0, -1.0])
21:23:13:557371, 3, 1, 1631784193.5553014, 1, GPS(-43.520645, 172.582938, 21.572755, var=[1.0, 1.0, 1.0]), 49.268019666061846, GPS(-43.520600, 172.583000, 0.000000, var=[-1.0, -1.0, -1.0])
21:23:14:527306, 2, 1, 1631784194.52377, 2, GPS(-43.520555, 172.583062, 21.540924, var=[1.0, 1.0, 1.0]), 49.218220215090895, GPS(-43.520600, 172.583000, 0.000000, var=[-1.0, -1.0, -1.0])
21:23:14:545057, 4, 1, 1631784194.5415823, 2, GPS(-43.520645, 172.583062, 21.561780, var=[1.0, 1.0, 1.0]), 49.24935716524249, GPS(-43.520600, 172.583000, 0.000000, var=[-1.0, -1.0, -1.0])
21:23:14:549655, 1, 1, 1631784194.5459871, 2, GPS(-43.520555, 172.582938, 21.552898, var=[1.0, 1.0, 1.0]), 49.238464951362445, GPS(-43.520600, 172.583000, 0.000000, var=[-1.0, -1.0, -1.0])
21:23:14:558737, 3, 1, 1631784194.555789, 2, GPS(-43.520645, 172.582938, 21.570755, var=[1.0, 1.0, 1.0]), 49.260776711047704, GPS(-43.520600, 172.583000, 0.000000, var=[-1.0, -1.0, -1.0])
21:23:15:527719, 2, 1, 1631784195.5245128, 3, GPS(-43.520555, 172.583062, 21.553924, var=[1.0, 1.0, 1.0]), 49.24311520892512, GPS(-43.520600, 172.583000, 0.000000, var=[-1.0, -1.0, -1.0])
21:23:15:545551, 4, 1, 1631784195.5417528, 3, GPS(-43.520645, 172.583062, 21.569780, var=[1.0, 1.0, 1.0]), 49.2695214235131, GPS(-43.520600, 172.583000, 0.000000, var=[-1.0, -1.0, -1.0])
21:23:15:550263, 1, 1, 1631784195.546701, 3, GPS(-43.520555, 172.582938, 21.562899, var=[1.0, 1.0, 1.0]), 49.25764501722407, GPS(-43.520600, 172.583000, 0.000000, var=[-1.0, -1.0, -1.0])
21:23:15:559729, 3, 1, 1631784195.5567622, 3, GPS(-43.520645, 172.582938, 21.571755, var=[1.0, 1.0, 1.0]), 49.266496177737956, GPS(-43.520600, 172.583000, 0.000000, var=[-1.0, -1.0, -1.0])
21:23:16:528987, 2, 1, 1631784196.5265284, 4, GPS(-43.520555, 172.583062, 21.555925, var=[1.0, 1.0, 1.0]), 49.2647080276988, GPS(-43.520600, 172.583000, 0.000000, var=[-1.0, -1.0, -1.0])
21:23:16:547118, 4, 1, 1631784196.5426338, 4, GPS(-43.520645, 172.583062, 21.572781, var=[1.0, 1.0, 1.0]), 49.27089411862703, GPS(-43.520600, 172.583000, 0.000000, var=[-1.0, -1.0, -1.0])
21:23:16:551105, 1, 1, 1631784196.548763, 4, GPS(-43.520555, 172.582938, 21.555899, var=[1.0, 1.0, 1.0]), 49.26113119618759, GPS(-43.520600, 172.583000, 0.000000, var=[-1.0, -1.0, -1.0])
21:23:16:560916, 3, 1, 1631784196.557516, 4, GPS(-43.520645, 172.582938, 21.572755, var=[1.0, 1.0, 1.0]), 49.2677694269681, GPS(-43.520600, 172.583000, 0.000000, var=[-1.0, -1.0, -1.0])
21:23:17:529399, 2, 1, 1631784197.5275276, 5, GPS(-43.520555, 172.583062, 21.568925, var=[1.0, 1.0, 1.0]), 49.272532173270314, GPS(-43.520600, 172.583000, 0.000000, var=[-1.0, -1.0, -1.0])
21:23:17:547163, 4, 1, 1631784197.5429475, 5, GPS(-43.520645, 172.583062, 21.574781, var=[1.0, 1.0, 1.0]), 49.26335964577002, GPS(-43.520600, 172.583000, 0.000000, var=[-1.0, -1.0, -1.0])
21:23:17:552908, 1, 1, 1631784197.5496936, 5, GPS(-43.520555, 172.582938, 21.569899, var=[1.0, 1.0, 1.0]), 49.27415559684885, GPS(-43.520600, 172.583000, 0.000000, var=[-1.0, -1.0, -1.0])
21:23:17:559931, 3, 1, 1631784197.5576148, 5, GPS(-43.520645, 172.582938, 21.575755, var=[1.0, 1.0, 1.0]), 49.26119627111051, GPS(-43.520600, 172.583000, 0.000000, var=[-1.0, -1.0, -1.0])
21:23:18:531644, 2, 1, 1631784198.5293195, 6, GPS(-43.520555, 172.583062, 21.573925, var=[1.0, 1.0, 1.0]), 49.284286950685114, GPS(-43.520600, 172.583000, 0.000000, var=[-1.0, -1.0, -1.0])
21:23:18:547595, 4, 1, 1631784198.545002, 6, GPS(-43.520645, 172.583062, 21.572781, var=[1.0, 1.0, 1.0]), 49.2660275327409, GPS(-43.520600, 172.583000, 0.000000, var=[-1.0, -1.0, -1.0])
21:23:18:553364, 1, 1, 1631784198.5513294, 6, GPS(-43.520555, 172.582938, 21.566899, var=[1.0, 1.0, 1.0]), 49.27831260558774, GPS(-43.520600, 172.583000, 0.000000, var=[-1.0, -1.0, -1.0])
21:23:18:560097, 3, 1, 1631784198.5578454, 6, GPS(-43.520645, 172.582938, 21.581755, var=[1.0, 1.0, 1.0]), 49.27390544842292, GPS(-43.520600, 172.583000, 0.000000, var=[-1.0, -1.0, -1.0])
21:23:19:533248, 2, 1, 1631784199.5306158, 7, GPS(-43.520555, 172.583062, 21.578925, var=[1.0, 1.0, 1.0]), 49.28276197545334, GPS(-43.520600, 172.583000, 0.000000, var=[-1.0, -1.0, -1.0])
21:23:19:548132, 4, 1, 1631784199.5454824, 7, GPS(-43.520645, 172.583062, 21.573781, var=[1.0, 1.0, 1.0]), 49.26000625040271, GPS(-43.520600, 172.583000, 0.000000, var=[-1.0, -1.0, -1.0])
21:23:19:555498, 1, 1, 1631784199.5527608, 7, GPS(-43.520555, 172.582938, 21.571899, var=[1.0, 1.0, 1.0]), 49.27716995810099, GPS(-43.520600, 172.583000, 0.000000, var=[-1.0, -1.0, -1.0])
21:23:19:561633, 3, 1, 1631784199.5597029, 7, GPS(-43.520645, 172.582938, 21.581755, var=[1.0, 1.0, 1.0]), 49.266933702584204, GPS(-43.520600, 172.583000, 0.000000, var=[-1.0, -1.0, -1.0])
21:23:20:533526, 2, 1, 1631784200.5314996, 8, GPS(-43.520555, 172.583062, 21.574925, var=[1.0, 1.0, 1.0]), 49.276724384432846, GPS(-43.520600, 172.583000, 0.000000, var=[-1.0, -1.0, -1.0])
21:23:20:549568, 4, 1, 1631784200.5475025, 8, GPS(-43.520645, 172.583062, 21.560781, var=[1.0, 1.0, 1.0]), 49.24677162127728, GPS(-43.520600, 172.583000, 0.000000, var=[-1.0, -1.0, -1.0])
21:23:20:555354, 1, 1, 1631784200.5534127, 8, GPS(-43.520555, 172.582938, 21.564899, var=[1.0, 1.0, 1.0]), 49.270061466674456, GPS(-43.520600, 172.583000, 0.000000, var=[-1.0, -1.0, -1.0])
21:23:20:563797, 3, 1, 1631784200.5616035, 8, GPS(-43.520645, 172.582938, 21.592755, var=[1.0, 1.0, 1.0]), 49.28475104580049, GPS(-43.520600, 172.583000, 0.000000, var=[-1.0, -1.0, -1.0])
21:23:21:535032, 2, 1, 1631784201.5331535, 9, GPS(-43.520555, 172.583062, 21.572925, var=[1.0, 1.0, 1.0]), 49.276078397485335, GPS(-43.520600, 172.583000, 0.000000, var=[-1.0, -1.0, -1.0])
21:23:21:550496, 4, 1, 1631784201.5485332, 9, GPS(-43.520645, 172.583062, 21.560781, var=[1.0, 1.0, 1.0]), 49.24381923804665, GPS(-43.520600, 172.583000, 0.000000, var=[-1.0, -1.0, -1.0])
21:23:21:556677, 1, 1, 1631784201.5544195, 9, GPS(-43.520555, 172.582938, 21.573899, var=[1.0, 1.0, 1.0]), 49.28519961089066, GPS(-43.520600, 172.583000, 0.000000, var=[-1.0, -1.0, -1.0])
21:23:21:563630, 3, 1, 1631784201.5616472, 9, GPS(-43.520645, 172.582938, 21.584755, var=[1.0, 1.0, 1.0]), 49.27838523925368, GPS(-43.520600, 172.583000, 0.000000, var=[-1.0, -1.0, -1.0])
21:23:22:254802, 2, 1, 1631784202.2503033, 0, GPS(-43.520555, 172.583062, 21.568925, var=[1.0, 1.0, 1.0]), 49.25826215378943, GPS(-43.520600, 172.583000, 0.000000, var=[-1.0, -1.0, -1.0])
STOP: 09/16/2021 21:23:22:256338
