START: 09/27/2021 14:29:11:526821
TIME,            STATES_LIST,          TARGET_FILT_CART,          TARGET_FILT_GPS,          TARGET_REAL_GPS,          TX_FILT_CART,          TX_FILT_GPS,          TX_REAL_GPS,          MULTILATERATION_ERROR,          MODE,          
14:29:31:176620, [1, 1, 1, 1]1, None, GPS(-43.520600, 172.583000, 0.000000, var=[-1.0, -1.0, -1.0]), GPS(-43.520600, 172.583000, 0.000000, var=[-1.0, -1.0, -1.0]), None, GPS(-43.520600, 172.583000, 15.000000, var=[-1, -1, -1]), GPS(-43.520601, 172.582998, 26.369838, var=[1.0, 1.0, 1.0]), 0.0, OFFBOARD
14:29:31:815786, [1, 1, 1, 1]1, None, GPS(-43.520600, 172.583000, 0.000000, var=[-1.0, -1.0, -1.0]), GPS(-43.520600, 172.583000, 0.000000, var=[-1.0, -1.0, -1.0]), None, GPS(-43.520600, 172.583000, 15.000000, var=[-1, -1, -1]), GPS(-43.520601, 172.582998, 26.380838, var=[1.0, 1.0, 1.0]), 0.0, OFFBOARD
14:29:32:816888, [1, 1, 1, 1]1, None, GPS(-43.520600, 172.583000, 0.000000, var=[-1.0, -1.0, -1.0]), GPS(-43.520600, 172.583000, 0.000000, var=[-1.0, -1.0, -1.0]), None, GPS(-43.520600, 172.583000, 15.000000, var=[-1, -1, -1]), GPS(-43.520601, 172.582998, 26.393838, var=[1.0, 1.0, 1.0]), 0.0, OFFBOARD
14:29:32:817982, [1, 1, 1, 1]1, None, GPS(-43.520600, 172.583000, 0.000000, var=[-1.0, -1.0, -1.0]), GPS(-43.520600, 172.583000, 0.000000, var=[-1.0, -1.0, -1.0]), None, GPS(-43.520600, 172.583000, 15.000000, var=[-1, -1, -1]), GPS(-43.520601, 172.582998, 26.393838, var=[1.0, 1.0, 1.0]), 0.0, OFFBOARD
14:29:33:818328, [1, 1, 1, 1]1, None, GPS(-43.520600, 172.583000, 0.000000, var=[-1.0, -1.0, -1.0]), GPS(-43.520600, 172.583000, 0.000000, var=[-1.0, -1.0, -1.0]), None, GPS(-43.520600, 172.583000, 15.000000, var=[-1, -1, -1]), GPS(-43.520601, 172.582998, 26.378838, var=[1.0, 1.0, 1.0]), 0.0, OFFBOARD
14:29:34:820349, [1, 1, 1, 1]1, None, GPS(-43.520600, 172.583000, 0.000000, var=[-1.0, -1.0, -1.0]), GPS(-43.520600, 172.583000, 0.000000, var=[-1.0, -1.0, -1.0]), None, GPS(-43.520600, 172.583000, 15.000000, var=[-1, -1, -1]), GPS(-43.520601, 172.582998, 26.377838, var=[1.0, 1.0, 1.0]), 0.0, OFFBOARD
14:29:35:821792, [1, 1, 1, 1]1, None, GPS(-43.520600, 172.583000, 0.000000, var=[-1.0, -1.0, -1.0]), GPS(-43.520600, 172.583000, 0.000000, var=[-1.0, -1.0, -1.0]), None, GPS(-43.520600, 172.583000, 15.000000, var=[-1, -1, -1]), GPS(-43.520601, 172.582998, 26.377838, var=[1.0, 1.0, 1.0]), 0.0, OFFBOARD
14:29:35:823047, [1, 1, 1, 2]1, None, GPS(-43.520600, 172.583000, 0.000000, var=[-1.0, -1.0, -1.0]), GPS(-43.520600, 172.583000, 0.000000, var=[-1.0, -1.0, -1.0]), None, GPS(-43.520600, 172.583000, 15.000000, var=[-1, -1, -1]), GPS(-43.520601, 172.582998, 26.377838, var=[1.0, 1.0, 1.0]), 0.0, OFFBOARD
14:29:36:823247, [1, 1, 1, 2]1, None, GPS(-43.520600, 172.583000, 0.000000, var=[-1.0, -1.0, -1.0]), GPS(-43.520600, 172.583000, 0.000000, var=[-1.0, -1.0, -1.0]), None, GPS(-43.520600, 172.583000, 15.000000, var=[-1, -1, -1]), GPS(-43.520601, 172.582998, 26.380838, var=[1.0, 1.0, 1.0]), 0.0, OFFBOARD
14:29:37:823237, [1, 1, 1, 2]1, None, GPS(-43.520600, 172.583000, 0.000000, var=[-1.0, -1.0, -1.0]), GPS(-43.520600, 172.583000, 0.000000, var=[-1.0, -1.0, -1.0]), None, GPS(-43.520600, 172.583000, 15.000000, var=[-1, -1, -1]), GPS(-43.520601, 172.582998, 26.391837, var=[1.0, 1.0, 1.0]), 0.0, OFFBOARD
14:29:37:862206, [1, 1, 1, 2]1, None, GPS(-43.520600, 172.583000, 0.000000, var=[-1.0, -1.0, -1.0]), GPS(-43.520600, 172.583000, 0.000000, var=[-1.0, -1.0, -1.0]), None, GPS(-43.520600, 172.583000, 15.000000, var=[-1, -1, -1]), GPS(-43.520601, 172.582998, 26.388837, var=[1.0, 1.0, 1.0]), 0.0, OFFBOARD
14:29:38:862271, [1, 1, 1, 2]1, None, GPS(-43.520600, 172.583000, 0.000000, var=[-1.0, -1.0, -1.0]), GPS(-43.520600, 172.583000, 0.000000, var=[-1.0, -1.0, -1.0]), None, GPS(-43.520600, 172.583000, 15.000000, var=[-1, -1, -1]), GPS(-43.520601, 172.582998, 26.384837, var=[1.0, 1.0, 1.0]), 0.0, OFFBOARD
14:29:38:899558, [1, 1, 1, 2]1, None, GPS(-43.520600, 172.583000, 0.000000, var=[-1.0, -1.0, -1.0]), GPS(-43.520600, 172.583000, 0.000000, var=[-1.0, -1.0, -1.0]), None, GPS(-43.520600, 172.583000, 15.000000, var=[-1, -1, -1]), GPS(-43.520601, 172.582998, 26.385837, var=[1.0, 1.0, 1.0]), 0.0, OFFBOARD
14:29:39:901397, [1, 2, 2, 2]1, None, GPS(-43.520600, 172.583000, 0.000000, var=[-1.0, -1.0, -1.0]), GPS(-43.520600, 172.583000, 0.000000, var=[-1.0, -1.0, -1.0]), None, GPS(-43.520600, 172.583000, 15.000000, var=[-1, -1, -1]), GPS(-43.520601, 172.582998, 26.378837, var=[1.0, 1.0, 1.0]), 0.0, OFFBOARD
14:29:40:902733, [1, 2, 2, 2]1, None, GPS(-43.520600, 172.583000, 0.000000, var=[-1.0, -1.0, -1.0]), GPS(-43.520600, 172.583000, 0.000000, var=[-1.0, -1.0, -1.0]), None, GPS(-43.520600, 172.583000, 15.000000, var=[-1, -1, -1]), GPS(-43.520601, 172.582998, 26.393837, var=[1.0, 1.0, 1.0]), 0.0, OFFBOARD
14:29:40:904564, [2, 2, 2, 2]1, None, GPS(-43.520600, 172.583000, 0.000000, var=[-1.0, -1.0, -1.0]), GPS(-43.520600, 172.583000, 0.000000, var=[-1.0, -1.0, -1.0]), None, GPS(-43.520600, 172.583000, 15.000000, var=[-1, -1, -1]), GPS(-43.520601, 172.582998, 26.393837, var=[1.0, 1.0, 1.0]), 0.0, OFFBOARD
14:29:41:903478, [2, 2, 2, 2]1, None, GPS(-43.520600, 172.583000, 0.000000, var=[-1.0, -1.0, -1.0]), GPS(-43.520600, 172.583000, 0.000000, var=[-1.0, -1.0, -1.0]), None, GPS(-43.520600, 172.583000, 15.000000, var=[-1, -1, -1]), GPS(-43.520601, 172.582998, 26.403837, var=[1.0, 1.0, 1.0]), 0.0, OFFBOARD
14:29:41:905218, [2, 2, 2, 2]1, None, GPS(-43.520600, 172.583000, 0.000000, var=[-1.0, -1.0, -1.0]), GPS(-43.520600, 172.583000, 0.000000, var=[-1.0, -1.0, -1.0]), None, GPS(-43.520600, 172.583000, 15.000000, var=[-1, -1, -1]), GPS(-43.520601, 172.582998, 26.403837, var=[1.0, 1.0, 1.0]), 0.0, OFFBOARD
14:29:42:906602, [2, 2, 2, 2]1, None, GPS(-43.520600, 172.583000, 0.000000, var=[-1.0, -1.0, -1.0]), GPS(-43.520600, 172.583000, 0.000000, var=[-1.0, -1.0, -1.0]), None, GPS(-43.520600, 172.583000, 15.000000, var=[-1, -1, -1]), GPS(-43.520601, 172.582998, 26.406837, var=[1.0, 1.0, 1.0]), 0.0, OFFBOARD
14:29:42:908315, [2, 2, 2, 2]1, None, GPS(-43.520600, 172.583000, 0.000000, var=[-1.0, -1.0, -1.0]), GPS(-43.520600, 172.583000, 0.000000, var=[-1.0, -1.0, -1.0]), None, GPS(-43.520600, 172.583000, 15.000000, var=[-1, -1, -1]), GPS(-43.520601, 172.582998, 26.406837, var=[1.0, 1.0, 1.0]), 0.0, OFFBOARD
14:29:43:907837, [2, 2, 2, 2]1, None, GPS(-43.520600, 172.583000, 0.000000, var=[-1.0, -1.0, -1.0]), GPS(-43.520600, 172.583000, 0.000000, var=[-1.0, -1.0, -1.0]), None, GPS(-43.520600, 172.583000, 15.000000, var=[-1, -1, -1]), GPS(-43.520601, 172.582998, 26.412837, var=[1.0, 1.0, 1.0]), 0.0, OFFBOARD
14:29:43:941008, [2, 2, 2, 2]1, None, GPS(-43.520600, 172.583000, 0.000000, var=[-1.0, -1.0, -1.0]), GPS(-43.520600, 172.583000, 0.000000, var=[-1.0, -1.0, -1.0]), None, GPS(-43.520600, 172.583000, 15.000000, var=[-1, -1, -1]), GPS(-43.520601, 172.582998, 26.413837, var=[1.0, 1.0, 1.0]), 0.0, OFFBOARD
14:29:44:943180, [2, 2, 2, 2]2, None, GPS(-43.520600, 172.583000, 0.000000, var=[-1.0, -1.0, -1.0]), GPS(-43.520600, 172.583000, 0.000000, var=[-1.0, -1.0, -1.0]), None, GPS(-43.520600, 172.583000, 15.000000, var=[-1, -1, -1]), GPS(-43.520601, 172.582998, 26.436837, var=[1.0, 1.0, 1.0]), 0.0, OFFBOARD
14:29:45:943571, [2, 2, 2, 2]2, None, GPS(-43.520600, 172.583000, 0.000000, var=[-1.0, -1.0, -1.0]), GPS(-43.520600, 172.583000, 0.000000, var=[-1.0, -1.0, -1.0]), None, GPS(-43.520600, 172.583000, 15.000000, var=[-1, -1, -1]), GPS(-43.520601, 172.582998, 26.436838, var=[1.0, 1.0, 1.0]), 0.0, OFFBOARD
14:29:45:945411, [2, 2, 2, 2]2, None, GPS(-43.520600, 172.583000, 0.000000, var=[-1.0, -1.0, -1.0]), GPS(-43.520600, 172.583000, 0.000000, var=[-1.0, -1.0, -1.0]), None, GPS(-43.520600, 172.583000, 15.000000, var=[-1, -1, -1]), GPS(-43.520601, 172.582998, 26.436838, var=[1.0, 1.0, 1.0]), 0.0, OFFBOARD
14:29:46:945076, [2, 2, 2, 2]2, None, GPS(-43.520600, 172.583000, 0.000000, var=[-1.0, -1.0, -1.0]), GPS(-43.520600, 172.583000, 0.000000, var=[-1.0, -1.0, -1.0]), None, GPS(-43.520600, 172.583000, 15.000000, var=[-1, -1, -1]), GPS(-43.520601, 172.582998, 26.457838, var=[1.0, 1.0, 1.0]), 0.0, OFFBOARD
14:29:47:946693, [2, 2, 2, 2]2, None, GPS(-43.520600, 172.583000, 0.000000, var=[-1.0, -1.0, -1.0]), GPS(-43.520600, 172.583000, 0.000000, var=[-1.0, -1.0, -1.0]), None, GPS(-43.520600, 172.583000, 15.000000, var=[-1, -1, -1]), GPS(-43.520601, 172.582998, 26.470838, var=[1.0, 1.0, 1.0]), 0.0, OFFBOARD
14:29:48:948465, [2, 2, 2, 2]2, None, GPS(-43.520600, 172.583000, 0.000000, var=[-1.0, -1.0, -1.0]), GPS(-43.520600, 172.583000, 0.000000, var=[-1.0, -1.0, -1.0]), None, GPS(-43.520600, 172.583000, 15.000000, var=[-1, -1, -1]), GPS(-43.520601, 172.582998, 26.475838, var=[1.0, 1.0, 1.0]), 0.0, OFFBOARD
14:29:49:950290, [2, 2, 2, 2]2, None, GPS(-43.520600, 172.583000, 0.000000, var=[-1.0, -1.0, -1.0]), GPS(-43.520600, 172.583000, 0.000000, var=[-1.0, -1.0, -1.0]), None, GPS(-43.520600, 172.583000, 15.000000, var=[-1, -1, -1]), GPS(-43.520601, 172.582999, 26.475838, var=[1.0, 1.0, 1.0]), 0.0, OFFBOARD
14:29:50:951680, [2, 2, 2, 2]2, None, GPS(-43.520600, 172.583000, 0.000000, var=[-1.0, -1.0, -1.0]), GPS(-43.520600, 172.583000, 0.000000, var=[-1.0, -1.0, -1.0]), None, GPS(-43.520600, 172.583000, 15.000000, var=[-1, -1, -1]), GPS(-43.520601, 172.582999, 26.494838, var=[1.0, 1.0, 1.0]), 0.0, OFFBOARD
14:29:51:953040, [2, 2, 2, 2]2, None, GPS(-43.520600, 172.583000, 0.000000, var=[-1.0, -1.0, -1.0]), GPS(-43.520600, 172.583000, 0.000000, var=[-1.0, -1.0, -1.0]), None, GPS(-43.520600, 172.583000, 15.000000, var=[-1, -1, -1]), GPS(-43.520601, 172.582999, 26.493838, var=[1.0, 1.0, 1.0]), 0.0, OFFBOARD
14:29:52:954417, [2, 2, 2, 2]2, None, GPS(-43.520600, 172.583000, 0.000000, var=[-1.0, -1.0, -1.0]), GPS(-43.520600, 172.583000, 0.000000, var=[-1.0, -1.0, -1.0]), None, GPS(-43.520600, 172.583000, 15.000000, var=[-1, -1, -1]), GPS(-43.520601, 172.582999, 26.497838, var=[1.0, 1.0, 1.0]), 0.0, OFFBOARD
14:29:53:956461, [2, 2, 2, 2]2, None, GPS(-43.520600, 172.583000, 0.000000, var=[-1.0, -1.0, -1.0]), GPS(-43.520600, 172.583000, 0.000000, var=[-1.0, -1.0, -1.0]), None, GPS(-43.520600, 172.583000, 15.000000, var=[-1, -1, -1]), GPS(-43.520601, 172.582999, 26.487838, var=[1.0, 1.0, 1.0]), 0.0, OFFBOARD
14:29:54:956879, [2, 2, 2, 2]2, None, GPS(-43.520600, 172.583000, 0.000000, var=[-1.0, -1.0, -1.0]), GPS(-43.520600, 172.583000, 0.000000, var=[-1.0, -1.0, -1.0]), None, GPS(-43.520600, 172.583000, 15.000000, var=[-1, -1, -1]), GPS(-43.520601, 172.582999, 26.498837, var=[1.0, 1.0, 1.0]), 0.0, OFFBOARD
14:29:54:958019, [2, 2, 2, 2]2, None, GPS(-43.520600, 172.583000, 0.000000, var=[-1.0, -1.0, -1.0]), GPS(-43.520600, 172.583000, 0.000000, var=[-1.0, -1.0, -1.0]), None, GPS(-43.520600, 172.583000, 15.000000, var=[-1, -1, -1]), GPS(-43.520601, 172.582999, 26.498837, var=[1.0, 1.0, 1.0]), 0.0, OFFBOARD
14:29:55:958257, [2, 2, 2, 2]2, None, GPS(-43.520600, 172.583000, 0.000000, var=[-1.0, -1.0, -1.0]), GPS(-43.520600, 172.583000, 0.000000, var=[-1.0, -1.0, -1.0]), None, GPS(-43.520600, 172.583000, 15.000000, var=[-1, -1, -1]), GPS(-43.520601, 172.582999, 26.489837, var=[1.0, 1.0, 1.0]), 0.0, OFFBOARD
14:29:56:959686, [2, 2, 2, 3]2, None, GPS(-43.520600, 172.583000, 0.000000, var=[-1.0, -1.0, -1.0]), GPS(-43.520600, 172.583000, 0.000000, var=[-1.0, -1.0, -1.0]), None, GPS(-43.520600, 172.583000, 15.000000, var=[-1, -1, -1]), GPS(-43.520601, 172.582998, 26.494837, var=[1.0, 1.0, 1.0]), 0.0, OFFBOARD
14:29:57:961376, [2, 2, 2, 3]2, None, GPS(-43.520600, 172.583000, 0.000000, var=[-1.0, -1.0, -1.0]), GPS(-43.520600, 172.583000, 0.000000, var=[-1.0, -1.0, -1.0]), None, GPS(-43.520600, 172.583000, 15.000000, var=[-1, -1, -1]), GPS(-43.520601, 172.582998, 26.485837, var=[1.0, 1.0, 1.0]), 0.0, OFFBOARD
14:29:58:962018, [2, 2, 2, 3]2, None, GPS(-43.520600, 172.583000, 0.000000, var=[-1.0, -1.0, -1.0]), GPS(-43.520600, 172.583000, 0.000000, var=[-1.0, -1.0, -1.0]), None, GPS(-43.520600, 172.583000, 15.000000, var=[-1, -1, -1]), GPS(-43.520601, 172.582998, 26.465837, var=[1.0, 1.0, 1.0]), 0.0, OFFBOARD
14:29:58:963134, [2, 2, 2, 3]2, None, GPS(-43.520600, 172.583000, 0.000000, var=[-1.0, -1.0, -1.0]), GPS(-43.520600, 172.583000, 0.000000, var=[-1.0, -1.0, -1.0]), None, GPS(-43.520600, 172.583000, 15.000000, var=[-1, -1, -1]), GPS(-43.520601, 172.582998, 26.465837, var=[1.0, 1.0, 1.0]), 0.0, OFFBOARD
14:29:59:963233, [2, 4, 2, 3]2, None, GPS(-43.520600, 172.583000, 0.000000, var=[-1.0, -1.0, -1.0]), GPS(-43.520600, 172.583000, 0.000000, var=[-1.0, -1.0, -1.0]), None, GPS(-43.520600, 172.583000, 15.000000, var=[-1, -1, -1]), GPS(-43.520601, 172.582998, 26.439837, var=[1.0, 1.0, 1.0]), 0.0, OFFBOARD
14:29:59:964380, [2, 4, 2, 3]2, None, GPS(-43.520600, 172.583000, 0.000000, var=[-1.0, -1.0, -1.0]), GPS(-43.520600, 172.583000, 0.000000, var=[-1.0, -1.0, -1.0]), None, GPS(-43.520600, 172.583000, 15.000000, var=[-1, -1, -1]), GPS(-43.520601, 172.582998, 26.439837, var=[1.0, 1.0, 1.0]), 0.0, OFFBOARD
14:30:00:963676, [2, 4, 3, 4]2, None, GPS(-43.520600, 172.583000, 0.000000, var=[-1.0, -1.0, -1.0]), GPS(-43.520600, 172.583000, 0.000000, var=[-1.0, -1.0, -1.0]), None, GPS(-43.520600, 172.583000, 15.000000, var=[-1, -1, -1]), GPS(-43.520601, 172.582998, 26.438837, var=[1.0, 1.0, 1.0]), 0.0, OFFBOARD
14:30:00:964906, [2, 4, 3, 4]2, None, GPS(-43.520600, 172.583000, 0.000000, var=[-1.0, -1.0, -1.0]), GPS(-43.520600, 172.583000, 0.000000, var=[-1.0, -1.0, -1.0]), None, GPS(-43.520600, 172.583000, 15.000000, var=[-1, -1, -1]), GPS(-43.520601, 172.582998, 26.438837, var=[1.0, 1.0, 1.0]), 0.0, OFFBOARD
14:30:01:965275, [2, 4, 3, 4]2, None, GPS(-43.520600, 172.583000, 0.000000, var=[-1.0, -1.0, -1.0]), GPS(-43.520600, 172.583000, 0.000000, var=[-1.0, -1.0, -1.0]), None, GPS(-43.520600, 172.583000, 15.000000, var=[-1, -1, -1]), GPS(-43.520601, 172.582998, 26.420837, var=[1.0, 1.0, 1.0]), 0.0, OFFBOARD
14:30:01:966530, [2, 4, 3, 4]2, None, GPS(-43.520600, 172.583000, 0.000000, var=[-1.0, -1.0, -1.0]), GPS(-43.520600, 172.583000, 0.000000, var=[-1.0, -1.0, -1.0]), None, GPS(-43.520600, 172.583000, 15.000000, var=[-1, -1, -1]), GPS(-43.520601, 172.582998, 26.420837, var=[1.0, 1.0, 1.0]), 0.0, OFFBOARD
14:30:02:966466, [2, 4, 3, 4]2, None, GPS(-43.520600, 172.583000, 0.000000, var=[-1.0, -1.0, -1.0]), GPS(-43.520600, 172.583000, 0.000000, var=[-1.0, -1.0, -1.0]), None, GPS(-43.520600, 172.583000, 15.000000, var=[-1, -1, -1]), GPS(-43.520601, 172.582998, 26.402837, var=[1.0, 1.0, 1.0]), 0.0, OFFBOARD
14:30:02:967462, [4, 4, 4, 4]2, None, GPS(-43.520600, 172.583000, 0.000000, var=[-1.0, -1.0, -1.0]), GPS(-43.520600, 172.583000, 0.000000, var=[-1.0, -1.0, -1.0]), None, GPS(-43.520600, 172.583000, 15.000000, var=[-1, -1, -1]), GPS(-43.520601, 172.582998, 26.402837, var=[1.0, 1.0, 1.0]), 0.0, OFFBOARD
14:30:03:971056, [4, 4, 4, 4]3, None, GPS(-43.520600, 172.583000, 0.000000, var=[-1.0, -1.0, -1.0]), GPS(-43.520600, 172.583000, 0.000000, var=[-1.0, -1.0, -1.0]), None, GPS(-43.520600, 172.583000, 15.000000, var=[-1, -1, -1]), GPS(-43.520601, 172.582998, 26.399837, var=[1.0, 1.0, 1.0]), 0.0, OFFBOARD
14:30:04:970679, [4, 4, 4, 4]3, None, GPS(-43.520600, 172.583000, 0.000000, var=[-1.0, -1.0, -1.0]), GPS(-43.520600, 172.583000, 0.000000, var=[-1.0, -1.0, -1.0]), None, GPS(-43.520600, 172.583000, 15.000000, var=[-1, -1, -1]), GPS(-43.520601, 172.582998, 26.389837, var=[1.0, 1.0, 1.0]), 0.0, OFFBOARD
14:30:05:009313, [4, 4, 4, 4]3, None, GPS(-43.520600, 172.583000, 0.000000, var=[-1.0, -1.0, -1.0]), GPS(-43.520600, 172.583000, 0.000000, var=[-1.0, -1.0, -1.0]), None, GPS(-43.520600, 172.583000, 15.000000, var=[-1, -1, -1]), GPS(-43.520601, 172.582998, 26.389837, var=[1.0, 1.0, 1.0]), 0.0, OFFBOARD
14:30:06:008467, [4, 4, 4, 4]3, None, GPS(-43.520600, 172.583000, 0.000000, var=[-1.0, -1.0, -1.0]), GPS(-43.520600, 172.583000, 0.000000, var=[-1.0, -1.0, -1.0]), None, GPS(-43.520600, 172.583000, 15.000000, var=[-1, -1, -1]), GPS(-43.520601, 172.582998, 26.393838, var=[1.0, 1.0, 1.0]), 0.0, OFFBOARD
14:30:06:046804, [4, 4, 4, 4]3, None, GPS(-43.520600, 172.583000, 0.000000, var=[-1.0, -1.0, -1.0]), GPS(-43.520600, 172.583000, 0.000000, var=[-1.0, -1.0, -1.0]), None, GPS(-43.520600, 172.583000, 15.000000, var=[-1, -1, -1]), GPS(-43.520601, 172.582998, 26.392838, var=[1.0, 1.0, 1.0]), 0.0, OFFBOARD
14:30:07:046660, [4, 4, 4, 4]3, None, GPS(-43.520600, 172.583000, 0.000000, var=[-1.0, -1.0, -1.0]), GPS(-43.520600, 172.583000, 0.000000, var=[-1.0, -1.0, -1.0]), None, GPS(-43.520600, 172.583000, 15.000000, var=[-1, -1, -1]), GPS(-43.520601, 172.582998, 26.388838, var=[1.0, 1.0, 1.0]), 0.0, OFFBOARD
14:30:07:079770, [4, 4, 4, 4]3, None, GPS(-43.520600, 172.583000, 0.000000, var=[-1.0, -1.0, -1.0]), GPS(-43.520600, 172.583000, 0.000000, var=[-1.0, -1.0, -1.0]), None, GPS(-43.520600, 172.583000, 15.000000, var=[-1, -1, -1]), GPS(-43.520601, 172.582998, 26.389838, var=[1.0, 1.0, 1.0]), 0.0, OFFBOARD
14:30:08:078916, [4, 4, 4, 4]3, None, GPS(-43.520600, 172.583000, 0.000000, var=[-1.0, -1.0, -1.0]), GPS(-43.520600, 172.583000, 0.000000, var=[-1.0, -1.0, -1.0]), None, GPS(-43.520600, 172.583000, 15.000000, var=[-1, -1, -1]), GPS(-43.520601, 172.582999, 26.393838, var=[1.0, 1.0, 1.0]), 0.0, OFFBOARD
14:30:08:116827, [4, 4, 4, 4]3, None, GPS(-43.520600, 172.583000, 0.000000, var=[-1.0, -1.0, -1.0]), GPS(-43.520600, 172.583000, 0.000000, var=[-1.0, -1.0, -1.0]), None, GPS(-43.520600, 172.583000, 15.000000, var=[-1, -1, -1]), GPS(-43.520601, 172.582999, 26.393838, var=[1.0, 1.0, 1.0]), 0.0, OFFBOARD
14:30:09:118055, [4, 4, 4, 4]3, None, GPS(-43.520600, 172.583000, 0.000000, var=[-1.0, -1.0, -1.0]), GPS(-43.520600, 172.583000, 0.000000, var=[-1.0, -1.0, -1.0]), None, GPS(-43.520600, 172.583000, 15.000000, var=[-1, -1, -1]), GPS(-43.520601, 172.582999, 26.393838, var=[1.0, 1.0, 1.0]), 0.0, OFFBOARD
14:30:09:120101, [4, 4, 4, 4]3, None, GPS(-43.520600, 172.583000, 0.000000, var=[-1.0, -1.0, -1.0]), GPS(-43.520600, 172.583000, 0.000000, var=[-1.0, -1.0, -1.0]), None, GPS(-43.520600, 172.583000, 15.000000, var=[-1, -1, -1]), GPS(-43.520601, 172.582999, 26.393838, var=[1.0, 1.0, 1.0]), 0.0, OFFBOARD
14:30:10:121281, [4, 4, 4, 4]3, None, GPS(-43.520600, 172.583000, 0.000000, var=[-1.0, -1.0, -1.0]), GPS(-43.520600, 172.583000, 0.000000, var=[-1.0, -1.0, -1.0]), None, GPS(-43.520600, 172.583000, 15.000000, var=[-1, -1, -1]), GPS(-43.520601, 172.582999, 26.402837, var=[1.0, 1.0, 1.0]), 0.0, OFFBOARD
14:30:11:121534, [4, 4, 4, 4]3, None, GPS(-43.520600, 172.583000, 0.000000, var=[-1.0, -1.0, -1.0]), GPS(-43.520600, 172.583000, 0.000000, var=[-1.0, -1.0, -1.0]), None, GPS(-43.520600, 172.583000, 15.000000, var=[-1, -1, -1]), GPS(-43.520601, 172.582999, 26.415837, var=[1.0, 1.0, 1.0]), 0.0, OFFBOARD
14:30:11:127963, [4, 4, 4, 4]3, None, GPS(-43.520600, 172.583000, 0.000000, var=[-1.0, -1.0, -1.0]), GPS(-43.520600, 172.583000, 0.000000, var=[-1.0, -1.0, -1.0]), None, GPS(-43.520600, 172.583000, 15.000000, var=[-1, -1, -1]), GPS(-43.520601, 172.582999, 26.415837, var=[1.0, 1.0, 1.0]), 0.0, OFFBOARD
14:30:12:124547, [4, 4, 4, 4]3, None, GPS(-43.520600, 172.583000, 0.000000, var=[-1.0, -1.0, -1.0]), GPS(-43.520600, 172.583000, 0.000000, var=[-1.0, -1.0, -1.0]), None, GPS(-43.520600, 172.583000, 15.000000, var=[-1, -1, -1]), GPS(-43.520601, 172.582999, 26.445837, var=[1.0, 1.0, 1.0]), 0.0, OFFBOARD
14:30:13:126742, [4, 4, 4, 4]3, None, GPS(-43.520600, 172.583000, 0.000000, var=[-1.0, -1.0, -1.0]), GPS(-43.520600, 172.583000, 0.000000, var=[-1.0, -1.0, -1.0]), None, GPS(-43.520600, 172.583000, 15.000000, var=[-1, -1, -1]), GPS(-43.520601, 172.582999, 26.448838, var=[1.0, 1.0, 1.0]), 0.0, OFFBOARD
14:30:13:133992, [4, 4, 4, 4]3, None, GPS(-43.520600, 172.583000, 0.000000, var=[-1.0, -1.0, -1.0]), GPS(-43.520600, 172.583000, 0.000000, var=[-1.0, -1.0, -1.0]), None, GPS(-43.520600, 172.583000, 15.000000, var=[-1, -1, -1]), GPS(-43.520601, 172.582999, 26.448838, var=[1.0, 1.0, 1.0]), 0.0, OFFBOARD
14:30:14:130957, [4, 4, 4, 4]3, None, GPS(-43.520600, 172.583000, 0.000000, var=[-1.0, -1.0, -1.0]), GPS(-43.520600, 172.583000, 0.000000, var=[-1.0, -1.0, -1.0]), None, GPS(-43.520600, 172.583000, 15.000000, var=[-1, -1, -1]), GPS(-43.520601, 172.582999, 26.452838, var=[1.0, 1.0, 1.0]), 0.0, OFFBOARD
14:30:14:134113, [4, 4, 4, 4]3, None, GPS(-43.520600, 172.583000, 0.000000, var=[-1.0, -1.0, -1.0]), GPS(-43.520600, 172.583000, 0.000000, var=[-1.0, -1.0, -1.0]), None, GPS(-43.520600, 172.583000, 15.000000, var=[-1, -1, -1]), GPS(-43.520601, 172.582999, 26.452838, var=[1.0, 1.0, 1.0]), 0.0, OFFBOARD
14:30:15:129579, [4, 4, 4, 4]3, None, GPS(-43.520600, 172.583000, 0.000000, var=[-1.0, -1.0, -1.0]), GPS(-43.520600, 172.583000, 0.000000, var=[-1.0, -1.0, -1.0]), None, GPS(-43.520600, 172.583000, 15.000000, var=[-1, -1, -1]), GPS(-43.520601, 172.582999, 26.474838, var=[1.0, 1.0, 1.0]), 0.0, OFFBOARD
14:30:15:163041, [4, 4, 4, 4]3, None, GPS(-43.520600, 172.583000, 0.000000, var=[-1.0, -1.0, -1.0]), GPS(-43.520600, 172.583000, 0.000000, var=[-1.0, -1.0, -1.0]), None, GPS(-43.520600, 172.583000, 15.000000, var=[-1, -1, -1]), GPS(-43.520601, 172.582999, 26.474838, var=[1.0, 1.0, 1.0]), 0.0, OFFBOARD
14:30:16:164095, [4, 4, 4, 4]3, None, GPS(-43.520600, 172.583000, 0.000000, var=[-1.0, -1.0, -1.0]), GPS(-43.520600, 172.583000, 0.000000, var=[-1.0, -1.0, -1.0]), None, GPS(-43.520600, 172.583000, 15.000000, var=[-1, -1, -1]), GPS(-43.520601, 172.582999, 26.488838, var=[1.0, 1.0, 1.0]), 0.0, OFFBOARD
14:30:16:166540, [4, 4, 4, 4]3, None, GPS(-43.520600, 172.583000, 0.000000, var=[-1.0, -1.0, -1.0]), GPS(-43.520600, 172.583000, 0.000000, var=[-1.0, -1.0, -1.0]), None, GPS(-43.520600, 172.583000, 15.000000, var=[-1, -1, -1]), GPS(-43.520601, 172.582999, 26.488838, var=[1.0, 1.0, 1.0]), 0.0, OFFBOARD
14:30:17:166941, [4, 4, 4, 4]3, None, GPS(-43.520600, 172.583000, 0.000000, var=[-1.0, -1.0, -1.0]), GPS(-43.520600, 172.583000, 0.000000, var=[-1.0, -1.0, -1.0]), None, GPS(-43.520600, 172.583000, 15.000000, var=[-1, -1, -1]), GPS(-43.520601, 172.582999, 26.490837, var=[1.0, 1.0, 1.0]), 0.0, OFFBOARD
14:30:17:172580, [4, 4, 4, 4]3, None, GPS(-43.520600, 172.583000, 0.000000, var=[-1.0, -1.0, -1.0]), GPS(-43.520600, 172.583000, 0.000000, var=[-1.0, -1.0, -1.0]), None, GPS(-43.520600, 172.583000, 15.000000, var=[-1, -1, -1]), GPS(-43.520601, 172.582999, 26.490837, var=[1.0, 1.0, 1.0]), 0.0, OFFBOARD
14:30:18:169571, [4, 4, 4, 4]3, None, GPS(-43.520600, 172.583000, 0.000000, var=[-1.0, -1.0, -1.0]), GPS(-43.520600, 172.583000, 0.000000, var=[-1.0, -1.0, -1.0]), None, GPS(-43.520600, 172.583000, 15.000000, var=[-1, -1, -1]), GPS(-43.520601, 172.582999, 26.496837, var=[1.0, 1.0, 1.0]), 0.0, OFFBOARD
14:30:18:177498, [4, 4, 4, 4]3, None, GPS(-43.520600, 172.583000, 0.000000, var=[-1.0, -1.0, -1.0]), GPS(-43.520600, 172.583000, 0.000000, var=[-1.0, -1.0, -1.0]), None, GPS(-43.520600, 172.583000, 15.000000, var=[-1, -1, -1]), GPS(-43.520601, 172.582999, 26.496837, var=[1.0, 1.0, 1.0]), 0.0, OFFBOARD
14:30:19:170516, [4, 4, 4, 4]3, None, GPS(-43.520600, 172.583000, 0.000000, var=[-1.0, -1.0, -1.0]), GPS(-43.520600, 172.583000, 0.000000, var=[-1.0, -1.0, -1.0]), None, GPS(-43.520600, 172.583000, 15.000000, var=[-1, -1, -1]), GPS(-43.520601, 172.582999, 26.504837, var=[1.0, 1.0, 1.0]), 0.0, OFFBOARD
14:30:19:175676, [4, 4, 4, 4]3, None, GPS(-43.520600, 172.583000, 0.000000, var=[-1.0, -1.0, -1.0]), GPS(-43.520600, 172.583000, 0.000000, var=[-1.0, -1.0, -1.0]), None, GPS(-43.520600, 172.583000, 15.000000, var=[-1, -1, -1]), GPS(-43.520601, 172.582999, 26.504837, var=[1.0, 1.0, 1.0]), 0.0, OFFBOARD
14:30:20:173450, [4, 4, 4, 4]3, None, GPS(-43.520600, 172.583000, 0.000000, var=[-1.0, -1.0, -1.0]), GPS(-43.520600, 172.583000, 0.000000, var=[-1.0, -1.0, -1.0]), None, GPS(-43.520600, 172.583000, 15.000000, var=[-1, -1, -1]), GPS(-43.520601, 172.582999, 26.527837, var=[1.0, 1.0, 1.0]), 0.0, OFFBOARD
14:30:20:177644, [4, 4, 4, 4]3, None, GPS(-43.520600, 172.583000, 0.000000, var=[-1.0, -1.0, -1.0]), GPS(-43.520600, 172.583000, 0.000000, var=[-1.0, -1.0, -1.0]), None, GPS(-43.520600, 172.583000, 15.000000, var=[-1, -1, -1]), GPS(-43.520601, 172.582999, 26.526837, var=[1.0, 1.0, 1.0]), 0.0, OFFBOARD
14:30:21:173534, [4, 4, 4, 4]3, None, GPS(-43.520600, 172.583000, 0.000000, var=[-1.0, -1.0, -1.0]), GPS(-43.520600, 172.583000, 0.000000, var=[-1.0, -1.0, -1.0]), None, GPS(-43.520600, 172.583000, 15.000000, var=[-1, -1, -1]), GPS(-43.520601, 172.582999, 26.553837, var=[1.0, 1.0, 1.0]), 0.0, OFFBOARD
14:30:21:201360, [4, 4, 4, 4]3, None, GPS(-43.520600, 172.583000, 0.000000, var=[-1.0, -1.0, -1.0]), GPS(-43.520600, 172.583000, 0.000000, var=[-1.0, -1.0, -1.0]), None, GPS(-43.520600, 172.583000, 15.000000, var=[-1, -1, -1]), GPS(-43.520601, 172.582999, 26.554837, var=[1.0, 1.0, 1.0]), 0.0, OFFBOARD
14:30:22:201259, [4, 4, 4, 4]3, None, GPS(-43.520600, 172.583000, 0.000000, var=[-1.0, -1.0, -1.0]), GPS(-43.520600, 172.583000, 0.000000, var=[-1.0, -1.0, -1.0]), None, GPS(-43.520600, 172.583000, 15.000000, var=[-1, -1, -1]), GPS(-43.520602, 172.582999, 26.540837, var=[1.0, 1.0, 1.0]), 0.0, OFFBOARD
14:30:22:228195, [4, 4, 4, 4]3, None, GPS(-43.520600, 172.583000, 0.000000, var=[-1.0, -1.0, -1.0]), GPS(-43.520600, 172.583000, 0.000000, var=[-1.0, -1.0, -1.0]), None, GPS(-43.520600, 172.583000, 15.000000, var=[-1, -1, -1]), GPS(-43.520602, 172.582999, 26.541837, var=[1.0, 1.0, 1.0]), 0.0, OFFBOARD
14:30:23:230536, [4, 4, 4, 4]3, None, GPS(-43.520600, 172.583000, 0.000000, var=[-1.0, -1.0, -1.0]), GPS(-43.520600, 172.583000, 0.000000, var=[-1.0, -1.0, -1.0]), None, GPS(-43.520600, 172.583000, 15.000000, var=[-1, -1, -1]), GPS(-43.520602, 172.582999, 26.552836, var=[1.0, 1.0, 1.0]), 0.0, OFFBOARD
14:30:23:234712, [4, 4, 4, 4]3, None, GPS(-43.520600, 172.583000, 0.000000, var=[-1.0, -1.0, -1.0]), GPS(-43.520600, 172.583000, 0.000000, var=[-1.0, -1.0, -1.0]), None, GPS(-43.520600, 172.583000, 15.000000, var=[-1, -1, -1]), GPS(-43.520602, 172.582999, 26.552836, var=[1.0, 1.0, 1.0]), 0.0, OFFBOARD
14:30:24:234235, [4, 4, 4, 4]3, None, GPS(-43.520600, 172.583000, 0.000000, var=[-1.0, -1.0, -1.0]), GPS(-43.520600, 172.583000, 0.000000, var=[-1.0, -1.0, -1.0]), None, GPS(-43.520600, 172.583000, 15.000000, var=[-1, -1, -1]), GPS(-43.520602, 172.582999, 26.551836, var=[1.0, 1.0, 1.0]), 0.0, OFFBOARD
14:30:24:240679, [4, 4, 4, 4]3, None, GPS(-43.520600, 172.583000, 0.000000, var=[-1.0, -1.0, -1.0]), GPS(-43.520600, 172.583000, 0.000000, var=[-1.0, -1.0, -1.0]), None, GPS(-43.520600, 172.583000, 15.000000, var=[-1, -1, -1]), GPS(-43.520602, 172.582999, 26.552836, var=[1.0, 1.0, 1.0]), 0.0, OFFBOARD
14:30:25:233444, [4, 4, 4, 4]3, None, GPS(-43.520600, 172.583000, 0.000000, var=[-1.0, -1.0, -1.0]), GPS(-43.520600, 172.583000, 0.000000, var=[-1.0, -1.0, -1.0]), None, GPS(-43.520600, 172.583000, 15.000000, var=[-1, -1, -1]), GPS(-43.520602, 172.582999, 26.547836, var=[1.0, 1.0, 1.0]), 0.0, OFFBOARD
14:30:25:266282, [4, 4, 4, 4]3, None, GPS(-43.520600, 172.583000, 0.000000, var=[-1.0, -1.0, -1.0]), GPS(-43.520600, 172.583000, 0.000000, var=[-1.0, -1.0, -1.0]), None, GPS(-43.520600, 172.583000, 15.000000, var=[-1, -1, -1]), GPS(-43.520602, 172.582999, 26.547836, var=[1.0, 1.0, 1.0]), 0.0, OFFBOARD
14:30:26:271111, [4, 4, 4, 4]3, None, GPS(-43.520600, 172.583000, 0.000000, var=[-1.0, -1.0, -1.0]), GPS(-43.520600, 172.583000, 0.000000, var=[-1.0, -1.0, -1.0]), None, GPS(-43.520600, 172.583000, 15.000000, var=[-1, -1, -1]), GPS(-43.520602, 172.582999, 26.549837, var=[1.0, 1.0, 1.0]), 0.0, OFFBOARD
14:30:27:271654, [4, 4, 4, 4]3, None, GPS(-43.520600, 172.583000, 0.000000, var=[-1.0, -1.0, -1.0]), GPS(-43.520600, 172.583000, 0.000000, var=[-1.0, -1.0, -1.0]), None, GPS(-43.520600, 172.583000, 15.000000, var=[-1, -1, -1]), GPS(-43.520601, 172.582999, 26.538837, var=[1.0, 1.0, 1.0]), 0.0, OFFBOARD
14:30:27:275325, [4, 4, 4, 4]3, None, GPS(-43.520600, 172.583000, 0.000000, var=[-1.0, -1.0, -1.0]), GPS(-43.520600, 172.583000, 0.000000, var=[-1.0, -1.0, -1.0]), None, GPS(-43.520600, 172.583000, 15.000000, var=[-1, -1, -1]), GPS(-43.520601, 172.582999, 26.538837, var=[1.0, 1.0, 1.0]), 0.0, OFFBOARD
14:30:28:274602, [4, 4, 4, 4]3, None, GPS(-43.520600, 172.583000, 0.000000, var=[-1.0, -1.0, -1.0]), GPS(-43.520600, 172.583000, 0.000000, var=[-1.0, -1.0, -1.0]), None, GPS(-43.520600, 172.583000, 15.000000, var=[-1, -1, -1]), GPS(-43.520601, 172.582999, 26.526837, var=[1.0, 1.0, 1.0]), 0.0, OFFBOARD
14:30:29:274094, [4, 4, 4, 4]3, None, GPS(-43.520600, 172.583000, 0.000000, var=[-1.0, -1.0, -1.0]), GPS(-43.520600, 172.583000, 0.000000, var=[-1.0, -1.0, -1.0]), None, GPS(-43.520600, 172.583000, 15.000000, var=[-1, -1, -1]), GPS(-43.520601, 172.582999, 26.521838, var=[1.0, 1.0, 1.0]), 0.0, OFFBOARD
14:30:29:312288, [4, 4, 4, 4]3, None, GPS(-43.520600, 172.583000, 0.000000, var=[-1.0, -1.0, -1.0]), GPS(-43.520600, 172.583000, 0.000000, var=[-1.0, -1.0, -1.0]), None, GPS(-43.520600, 172.583000, 15.000000, var=[-1, -1, -1]), GPS(-43.520601, 172.582999, 26.520838, var=[1.0, 1.0, 1.0]), 0.0, OFFBOARD
14:30:30:313043, [4, 4, 4, 4]3, None, GPS(-43.520600, 172.583000, 0.000000, var=[-1.0, -1.0, -1.0]), GPS(-43.520600, 172.583000, 0.000000, var=[-1.0, -1.0, -1.0]), None, GPS(-43.520600, 172.583000, 15.000000, var=[-1, -1, -1]), GPS(-43.520601, 172.582999, 26.507838, var=[1.0, 1.0, 1.0]), 0.0, OFFBOARD
14:30:30:315149, [4, 4, 4, 4]3, None, GPS(-43.520600, 172.583000, 0.000000, var=[-1.0, -1.0, -1.0]), GPS(-43.520600, 172.583000, 0.000000, var=[-1.0, -1.0, -1.0]), None, GPS(-43.520600, 172.583000, 15.000000, var=[-1, -1, -1]), GPS(-43.520601, 172.582999, 26.507838, var=[1.0, 1.0, 1.0]), 0.0, OFFBOARD
14:30:31:314251, [4, 4, 4, 4]3, None, GPS(-43.520600, 172.583000, 0.000000, var=[-1.0, -1.0, -1.0]), GPS(-43.520600, 172.583000, 0.000000, var=[-1.0, -1.0, -1.0]), None, GPS(-43.520600, 172.583000, 15.000000, var=[-1, -1, -1]), GPS(-43.520601, 172.582999, 26.505838, var=[1.0, 1.0, 1.0]), 0.0, OFFBOARD
14:30:31:320316, [4, 4, 4, 4]3, None, GPS(-43.520600, 172.583000, 0.000000, var=[-1.0, -1.0, -1.0]), GPS(-43.520600, 172.583000, 0.000000, var=[-1.0, -1.0, -1.0]), None, GPS(-43.520600, 172.583000, 15.000000, var=[-1, -1, -1]), GPS(-43.520601, 172.582999, 26.505838, var=[1.0, 1.0, 1.0]), 0.0, OFFBOARD
14:30:32:317949, [4, 4, 4, 4]3, None, GPS(-43.520600, 172.583000, 0.000000, var=[-1.0, -1.0, -1.0]), GPS(-43.520600, 172.583000, 0.000000, var=[-1.0, -1.0, -1.0]), None, GPS(-43.520600, 172.583000, 15.000000, var=[-1, -1, -1]), GPS(-43.520601, 172.582999, 26.493838, var=[1.0, 1.0, 1.0]), 0.0, OFFBOARD
14:30:33:318738, [4, 4, 4, 4]3, None, GPS(-43.520600, 172.583000, 0.000000, var=[-1.0, -1.0, -1.0]), GPS(-43.520600, 172.583000, 0.000000, var=[-1.0, -1.0, -1.0]), None, GPS(-43.520600, 172.583000, 15.000000, var=[-1, -1, -1]), GPS(-43.520601, 172.582999, 26.470838, var=[1.0, 1.0, 1.0]), 0.0, OFFBOARD
14:30:33:324500, [4, 4, 4, 4]3, None, GPS(-43.520600, 172.583000, 0.000000, var=[-1.0, -1.0, -1.0]), GPS(-43.520600, 172.583000, 0.000000, var=[-1.0, -1.0, -1.0]), None, GPS(-43.520600, 172.583000, 15.000000, var=[-1, -1, -1]), GPS(-43.520601, 172.582999, 26.469838, var=[1.0, 1.0, 1.0]), 0.0, OFFBOARD
14:30:34:323275, [4, 4, 4, 4]3, None, GPS(-43.520600, 172.583000, 0.000000, var=[-1.0, -1.0, -1.0]), GPS(-43.520600, 172.583000, 0.000000, var=[-1.0, -1.0, -1.0]), None, GPS(-43.520600, 172.583000, 15.000000, var=[-1, -1, -1]), GPS(-43.520601, 172.582999, 26.469837, var=[1.0, 1.0, 1.0]), 0.0, OFFBOARD
14:30:35:321532, [4, 4, 4, 4]3, None, GPS(-43.520600, 172.583000, 0.000000, var=[-1.0, -1.0, -1.0]), GPS(-43.520600, 172.583000, 0.000000, var=[-1.0, -1.0, -1.0]), None, GPS(-43.520600, 172.583000, 15.000000, var=[-1, -1, -1]), GPS(-43.520601, 172.582999, 26.472837, var=[1.0, 1.0, 1.0]), 0.0, OFFBOARD
14:30:35:356784, [4, 4, 4, 4]3, None, GPS(-43.520600, 172.583000, 0.000000, var=[-1.0, -1.0, -1.0]), GPS(-43.520600, 172.583000, 0.000000, var=[-1.0, -1.0, -1.0]), None, GPS(-43.520600, 172.583000, 15.000000, var=[-1, -1, -1]), GPS(-43.520601, 172.582999, 26.471837, var=[1.0, 1.0, 1.0]), 0.0, OFFBOARD
14:30:36:357967, [4, 4, 4, 4]3, None, GPS(-43.520600, 172.583000, 0.000000, var=[-1.0, -1.0, -1.0]), GPS(-43.520600, 172.583000, 0.000000, var=[-1.0, -1.0, -1.0]), None, GPS(-43.520600, 172.583000, 15.000000, var=[-1, -1, -1]), GPS(-43.520601, 172.582999, 26.474837, var=[1.0, 1.0, 1.0]), 0.0, OFFBOARD
14:30:36:365723, [4, 4, 4, 4]3, None, GPS(-43.520600, 172.583000, 0.000000, var=[-1.0, -1.0, -1.0]), GPS(-43.520600, 172.583000, 0.000000, var=[-1.0, -1.0, -1.0]), None, GPS(-43.520600, 172.583000, 15.000000, var=[-1, -1, -1]), GPS(-43.520601, 172.582999, 26.474837, var=[1.0, 1.0, 1.0]), 0.0, OFFBOARD
14:30:37:363927, [4, 4, 4, 4]3, None, GPS(-43.520600, 172.583000, 0.000000, var=[-1.0, -1.0, -1.0]), GPS(-43.520600, 172.583000, 0.000000, var=[-1.0, -1.0, -1.0]), None, GPS(-43.520600, 172.583000, 15.000000, var=[-1, -1, -1]), GPS(-43.520601, 172.582999, 26.464837, var=[1.0, 1.0, 1.0]), 0.0, OFFBOARD
14:30:38:362471, [4, 4, 4, 4]3, None, GPS(-43.520600, 172.583000, 0.000000, var=[-1.0, -1.0, -1.0]), GPS(-43.520600, 172.583000, 0.000000, var=[-1.0, -1.0, -1.0]), None, GPS(-43.520600, 172.583000, 15.000000, var=[-1, -1, -1]), GPS(-43.520601, 172.582998, 26.457837, var=[1.0, 1.0, 1.0]), 0.0, OFFBOARD
14:30:38:399879, [4, 4, 4, 4]3, None, GPS(-43.520600, 172.583000, 0.000000, var=[-1.0, -1.0, -1.0]), GPS(-43.520600, 172.583000, 0.000000, var=[-1.0, -1.0, -1.0]), None, GPS(-43.520600, 172.583000, 15.000000, var=[-1, -1, -1]), GPS(-43.520601, 172.582998, 26.458837, var=[1.0, 1.0, 1.0]), 0.0, OFFBOARD
14:30:39:517724, [4, 4, 4, 4]3, None, GPS(-43.520600, 172.583000, 0.000000, var=[-1.0, -1.0, -1.0]), GPS(-43.520600, 172.583000, 0.000000, var=[-1.0, -1.0, -1.0]), None, GPS(-43.520600, 172.583000, 15.000000, var=[-1, -1, -1]), GPS(-43.520601, 172.582998, 26.467837, var=[1.0, 1.0, 1.0]), 0.0, OFFBOARD
STOP: 09/27/2021 14:30:39:520927
