START: 09/27/2021 14:29:11:494029
TIME,            RX_ID,          STATE,          TIMESTAMP,          SEQ_NO,          RX_COORDS,          RANGE_READING,          TARGET_COORDS,          
14:29:31:130880, 3, 1, 1632706171.0938385, 0, GPS(-43.520645, 172.582937, 21.331754, var=[1.0, 1.0, 1.0]), 37.502318745529514, GPS(-43.520600, 172.583000, 0.000000, var=[-1.0, -1.0, -1.0])
14:29:31:163190, 4, 1, 1632706171.1630335, 0, GPS(-43.520644, 172.583061, 21.354781, var=[1.0, 1.0, 1.0]), 37.46600214438175, GPS(-43.520600, 172.583000, 0.000000, var=[-1.0, -1.0, -1.0])
14:29:31:165816, 2, 1, 1632706171.1657047, 0, GPS(-43.520509, 172.583128, 21.362012, var=[1.0, 1.0, 1.0]), 40.794558559271636, GPS(-43.520600, 172.583000, 0.000000, var=[-1.0, -1.0, -1.0])
14:29:31:175349, 1, 1, 1632706171.175214, 0, GPS(-43.520510, 172.582875, 21.358957, var=[1.0, 1.0, 1.0]), 40.647984024922586, GPS(-43.520600, 172.583000, 0.000000, var=[-1.0, -1.0, -1.0])
14:29:31:814070, 3, 1, 1632706171.8139544, 1, GPS(-43.520645, 172.582937, 21.337754, var=[1.0, 1.0, 1.0]), 48.88026921096424, GPS(-43.520600, 172.583000, 0.000000, var=[-1.0, -1.0, -1.0])
14:29:31:814143, 2, 1, 1632706171.8139963, 1, GPS(-43.520509, 172.583128, 21.368012, var=[1.0, 1.0, 1.0]), 52.17318205238705, GPS(-43.520600, 172.583000, 0.000000, var=[-1.0, -1.0, -1.0])
14:29:31:814188, 4, 1, 1632706171.81398, 1, GPS(-43.520644, 172.583061, 21.360782, var=[1.0, 1.0, 1.0]), 48.83616169984701, GPS(-43.520600, 172.583000, 0.000000, var=[-1.0, -1.0, -1.0])
14:29:31:814228, 1, 1, 1632706171.8139894, 1, GPS(-43.520510, 172.582875, 21.362957, var=[1.0, 1.0, 1.0]), 52.024922219419395, GPS(-43.520600, 172.583000, 0.000000, var=[-1.0, -1.0, -1.0])
14:29:32:814400, 4, 1, 1632706172.8142421, 2, GPS(-43.520644, 172.583061, 21.380781, var=[1.0, 1.0, 1.0]), 48.86865967848055, GPS(-43.520600, 172.583000, 0.000000, var=[-1.0, -1.0, -1.0])
14:29:32:814488, 2, 1, 1632706172.8142705, 2, GPS(-43.520509, 172.583128, 21.376012, var=[1.0, 1.0, 1.0]), 52.19407808452543, GPS(-43.520600, 172.583000, 0.000000, var=[-1.0, -1.0, -1.0])
14:29:32:815142, 3, 1, 1632706172.8149652, 2, GPS(-43.520645, 172.582936, 21.351754, var=[1.0, 1.0, 1.0]), 48.90641984144019, GPS(-43.520600, 172.583000, 0.000000, var=[-1.0, -1.0, -1.0])
14:29:32:815197, 1, 1, 1632706172.8150842, 2, GPS(-43.520510, 172.582875, 21.375957, var=[1.0, 1.0, 1.0]), 52.0467963490855, GPS(-43.520600, 172.583000, 0.000000, var=[-1.0, -1.0, -1.0])
14:29:32:816973, 1, 1, 1632706172.8165538, 3, GPS(-43.520510, 172.582875, 21.375957, var=[1.0, 1.0, 1.0]), 52.0467963490855, GPS(-43.520600, 172.583000, 0.000000, var=[-1.0, -1.0, -1.0])
14:29:32:817019, 2, 1, 1632706172.8162541, 3, GPS(-43.520509, 172.583128, 21.376012, var=[1.0, 1.0, 1.0]), 52.19407808452543, GPS(-43.520600, 172.583000, 0.000000, var=[-1.0, -1.0, -1.0])
14:29:32:817050, 3, 1, 1632706172.8165636, 3, GPS(-43.520645, 172.582936, 21.351754, var=[1.0, 1.0, 1.0]), 48.90641984144019, GPS(-43.520600, 172.583000, 0.000000, var=[-1.0, -1.0, -1.0])
14:29:32:817077, 4, 1, 1632706172.8166826, 3, GPS(-43.520644, 172.583061, 21.380781, var=[1.0, 1.0, 1.0]), 48.86865967848055, GPS(-43.520600, 172.583000, 0.000000, var=[-1.0, -1.0, -1.0])
14:29:33:816711, 1, 1, 1632706173.8165815, 4, GPS(-43.520510, 172.582875, 21.386957, var=[1.0, 1.0, 1.0]), 52.06895836078502, GPS(-43.520600, 172.583000, 0.000000, var=[-1.0, -1.0, -1.0])
14:29:33:817165, 1, 1, 1632706173.8170686, 5, GPS(-43.520510, 172.582875, 21.386957, var=[1.0, 1.0, 1.0]), 52.06895836078502, GPS(-43.520600, 172.583000, 0.000000, var=[-1.0, -1.0, -1.0])
14:29:33:817218, 4, 1, 1632706173.817068, 4, GPS(-43.520644, 172.583061, 21.379781, var=[1.0, 1.0, 1.0]), 48.88070856525969, GPS(-43.520600, 172.583000, 0.000000, var=[-1.0, -1.0, -1.0])
14:29:33:817251, 3, 1, 1632706173.8170485, 4, GPS(-43.520645, 172.582936, 21.364754, var=[1.0, 1.0, 1.0]), 48.926794056965065, GPS(-43.520600, 172.583000, 0.000000, var=[-1.0, -1.0, -1.0])
14:29:33:817279, 2, 1, 1632706173.8170567, 4, GPS(-43.520509, 172.583128, 21.389012, var=[1.0, 1.0, 1.0]), 52.21784439809436, GPS(-43.520600, 172.583000, 0.000000, var=[-1.0, -1.0, -1.0])
14:29:34:817757, 4, 1, 1632706174.8175929, 5, GPS(-43.520644, 172.583061, 21.385781, var=[1.0, 1.0, 1.0]), 48.87558380386987, GPS(-43.520600, 172.583000, 0.000000, var=[-1.0, -1.0, -1.0])
14:29:34:817824, 3, 1, 1632706174.8176067, 5, GPS(-43.520645, 172.582937, 21.361754, var=[1.0, 1.0, 1.0]), 48.91020580009959, GPS(-43.520600, 172.583000, 0.000000, var=[-1.0, -1.0, -1.0])
14:29:34:818588, 3, 1, 1632706174.8184679, 6, GPS(-43.520645, 172.582937, 21.361754, var=[1.0, 1.0, 1.0]), 48.91020580009959, GPS(-43.520600, 172.583000, 0.000000, var=[-1.0, -1.0, -1.0])
14:29:34:818658, 1, 1, 1632706174.8185353, 6, GPS(-43.520510, 172.582875, 21.388957, var=[1.0, 1.0, 1.0]), 52.05876345078973, GPS(-43.520600, 172.583000, 0.000000, var=[-1.0, -1.0, -1.0])
14:29:34:818709, 4, 1, 1632706174.8185005, 6, GPS(-43.520644, 172.583061, 21.385781, var=[1.0, 1.0, 1.0]), 48.87558380386987, GPS(-43.520600, 172.583000, 0.000000, var=[-1.0, -1.0, -1.0])
14:29:34:818760, 2, 1, 1632706174.8185961, 5, GPS(-43.520509, 172.583128, 21.384012, var=[1.0, 1.0, 1.0]), 52.195446519086346, GPS(-43.520600, 172.583000, 0.000000, var=[-1.0, -1.0, -1.0])
14:29:35:819968, 3, 1, 1632706175.8197784, 7, GPS(-43.520645, 172.582937, 21.369754, var=[1.0, 1.0, 1.0]), 48.92367261425913, GPS(-43.520600, 172.583000, 0.000000, var=[-1.0, -1.0, -1.0])
14:29:35:820483, 4, 2, 1632706175.8203695, 7, GPS(-43.520645, 172.583061, 21.384781, var=[1.0, 1.0, 1.0]), 48.87439438749708, GPS(-43.520600, 172.583000, 0.000000, var=[-1.0, -1.0, -1.0])
14:29:35:820549, 1, 1, 1632706175.8204014, 7, GPS(-43.520510, 172.582875, 21.383957, var=[1.0, 1.0, 1.0]), 52.046187193894454, GPS(-43.520600, 172.583000, 0.000000, var=[-1.0, -1.0, -1.0])
14:29:35:820609, 2, 1, 1632706175.8205028, 6, GPS(-43.520509, 172.583128, 21.379012, var=[1.0, 1.0, 1.0]), 52.186023830792884, GPS(-43.520600, 172.583000, 0.000000, var=[-1.0, -1.0, -1.0])
14:29:35:821849, 4, 2, 1632706175.8205209, 8, GPS(-43.520645, 172.583061, 21.384781, var=[1.0, 1.0, 1.0]), 48.87439438749708, GPS(-43.520600, 172.583000, 0.000000, var=[-1.0, -1.0, -1.0])
14:29:35:821885, 3, 1, 1632706175.8205156, 8, GPS(-43.520645, 172.582937, 21.369754, var=[1.0, 1.0, 1.0]), 48.92367261425913, GPS(-43.520600, 172.583000, 0.000000, var=[-1.0, -1.0, -1.0])
14:29:35:821914, 1, 1, 1632706175.8205483, 8, GPS(-43.520510, 172.582875, 21.383957, var=[1.0, 1.0, 1.0]), 52.046187193894454, GPS(-43.520600, 172.583000, 0.000000, var=[-1.0, -1.0, -1.0])
14:29:35:821941, 2, 1, 1632706175.8206477, 7, GPS(-43.520509, 172.583128, 21.379012, var=[1.0, 1.0, 1.0]), 52.186023830792884, GPS(-43.520600, 172.583000, 0.000000, var=[-1.0, -1.0, -1.0])
14:29:36:821038, 4, 2, 1632706176.8209038, 9, GPS(-43.520645, 172.583061, 21.384781, var=[1.0, 1.0, 1.0]), 48.875067633274384, GPS(-43.520600, 172.583000, 0.000000, var=[-1.0, -1.0, -1.0])
14:29:36:821101, 3, 1, 1632706176.8209963, 9, GPS(-43.520646, 172.582936, 21.368753, var=[1.0, 1.0, 1.0]), 48.927035800467856, GPS(-43.520600, 172.583000, 0.000000, var=[-1.0, -1.0, -1.0])
14:29:36:822013, 3, 1, 1632706176.8219304, 10, GPS(-43.520646, 172.582936, 21.368753, var=[1.0, 1.0, 1.0]), 48.927035800467856, GPS(-43.520600, 172.583000, 0.000000, var=[-1.0, -1.0, -1.0])
14:29:36:822074, 4, 2, 1632706176.821966, 10, GPS(-43.520645, 172.583061, 21.384781, var=[1.0, 1.0, 1.0]), 48.875067633274384, GPS(-43.520600, 172.583000, 0.000000, var=[-1.0, -1.0, -1.0])
14:29:36:822123, 2, 1, 1632706176.8219485, 8, GPS(-43.520509, 172.583128, 21.377011, var=[1.0, 1.0, 1.0]), 52.17677156416083, GPS(-43.520600, 172.583000, 0.000000, var=[-1.0, -1.0, -1.0])
14:29:36:823301, 1, 1, 1632706176.8219836, 9, GPS(-43.520510, 172.582875, 21.389956, var=[1.0, 1.0, 1.0]), 52.04685707141898, GPS(-43.520600, 172.583000, 0.000000, var=[-1.0, -1.0, -1.0])
14:29:37:822197, 2, 1, 1632706177.8220623, 9, GPS(-43.520509, 172.583128, 21.384011, var=[1.0, 1.0, 1.0]), 52.17359126804155, GPS(-43.520600, 172.583000, 0.000000, var=[-1.0, -1.0, -1.0])
14:29:37:853869, 3, 1, 1632706177.8537247, 11, GPS(-43.520646, 172.582937, 21.365753, var=[1.0, 1.0, 1.0]), 48.938856985148554, GPS(-43.520600, 172.583000, 0.000000, var=[-1.0, -1.0, -1.0])
14:29:37:854185, 3, 1, 1632706177.854092, 12, GPS(-43.520646, 172.582937, 21.365753, var=[1.0, 1.0, 1.0]), 48.938856985148554, GPS(-43.520600, 172.583000, 0.000000, var=[-1.0, -1.0, -1.0])
14:29:37:858866, 4, 2, 1632706177.8587441, 11, GPS(-43.520645, 172.583061, 21.393781, var=[1.0, 1.0, 1.0]), 48.90183515606587, GPS(-43.520600, 172.583000, 0.000000, var=[-1.0, -1.0, -1.0])
14:29:37:859146, 4, 2, 1632706177.859074, 12, GPS(-43.520645, 172.583061, 21.393781, var=[1.0, 1.0, 1.0]), 48.90183515606587, GPS(-43.520600, 172.583000, 0.000000, var=[-1.0, -1.0, -1.0])
14:29:37:859746, 1, 1, 1632706177.8596377, 10, GPS(-43.520511, 172.582875, 21.402956, var=[1.0, 1.0, 1.0]), 52.06737495819429, GPS(-43.520600, 172.583000, 0.000000, var=[-1.0, -1.0, -1.0])
14:29:37:859952, 1, 1, 1632706177.859877, 11, GPS(-43.520511, 172.582875, 21.402956, var=[1.0, 1.0, 1.0]), 52.06737495819429, GPS(-43.520600, 172.583000, 0.000000, var=[-1.0, -1.0, -1.0])
14:29:37:860800, 2, 1, 1632706177.8606915, 10, GPS(-43.520509, 172.583128, 21.383011, var=[1.0, 1.0, 1.0]), 52.18380626447551, GPS(-43.520600, 172.583000, 0.000000, var=[-1.0, -1.0, -1.0])
14:29:38:855882, 3, 2, 1632706178.8557446, 13, GPS(-43.520646, 172.582937, 21.358753, var=[1.0, 1.0, 1.0]), 48.934236659866386, GPS(-43.520600, 172.583000, 0.000000, var=[-1.0, -1.0, -1.0])
14:29:38:861196, 4, 2, 1632706178.8610787, 13, GPS(-43.520645, 172.583061, 21.390780, var=[1.0, 1.0, 1.0]), 48.90267136981163, GPS(-43.520600, 172.583000, 0.000000, var=[-1.0, -1.0, -1.0])
14:29:38:861253, 2, 1, 1632706178.861165, 11, GPS(-43.520509, 172.583128, 21.386011, var=[1.0, 1.0, 1.0]), 52.18651336456824, GPS(-43.520600, 172.583000, 0.000000, var=[-1.0, -1.0, -1.0])
14:29:38:862331, 1, 1, 1632706178.8618686, 12, GPS(-43.520511, 172.582875, 21.391956, var=[1.0, 1.0, 1.0]), 52.047722909293455, GPS(-43.520600, 172.583000, 0.000000, var=[-1.0, -1.0, -1.0])
14:29:38:893993, 3, 2, 1632706178.893866, 14, GPS(-43.520646, 172.582937, 21.358753, var=[1.0, 1.0, 1.0]), 48.93038756171218, GPS(-43.520600, 172.583000, 0.000000, var=[-1.0, -1.0, -1.0])
14:29:38:895750, 4, 2, 1632706178.8956351, 14, GPS(-43.520645, 172.583061, 21.389780, var=[1.0, 1.0, 1.0]), 48.89787212797981, GPS(-43.520600, 172.583000, 0.000000, var=[-1.0, -1.0, -1.0])
14:29:38:898214, 2, 1, 1632706178.8981154, 12, GPS(-43.520509, 172.583128, 21.386011, var=[1.0, 1.0, 1.0]), 52.18266426641404, GPS(-43.520600, 172.583000, 0.000000, var=[-1.0, -1.0, -1.0])
14:29:38:943058, 1, 1, 1632706178.9429226, 13, GPS(-43.520511, 172.582875, 21.390956, var=[1.0, 1.0, 1.0]), 52.04404005797437, GPS(-43.520600, 172.583000, 0.000000, var=[-1.0, -1.0, -1.0])
14:29:39:895531, 3, 2, 1632706179.89535, 15, GPS(-43.520646, 172.582937, 21.364753, var=[1.0, 1.0, 1.0]), 48.937071981424516, GPS(-43.520600, 172.583000, 0.000000, var=[-1.0, -1.0, -1.0])
14:29:39:896606, 4, 2, 1632706179.8964987, 15, GPS(-43.520645, 172.583061, 21.386780, var=[1.0, 1.0, 1.0]), 48.89602169140085, GPS(-43.520600, 172.583000, 0.000000, var=[-1.0, -1.0, -1.0])
14:29:39:899807, 3, 2, 1632706179.8997095, 16, GPS(-43.520646, 172.582937, 21.364753, var=[1.0, 1.0, 1.0]), 48.937071981424516, GPS(-43.520600, 172.583000, 0.000000, var=[-1.0, -1.0, -1.0])
14:29:39:899867, 2, 2, 1632706179.8997557, 13, GPS(-43.520509, 172.583128, 21.382011, var=[1.0, 1.0, 1.0]), 52.179220450401154, GPS(-43.520600, 172.583000, 0.000000, var=[-1.0, -1.0, -1.0])
14:29:39:901563, 4, 2, 1632706179.8997366, 16, GPS(-43.520645, 172.583061, 21.386780, var=[1.0, 1.0, 1.0]), 48.89602169140085, GPS(-43.520600, 172.583000, 0.000000, var=[-1.0, -1.0, -1.0])
14:29:39:901624, 1, 1, 1632706179.8997734, 14, GPS(-43.520511, 172.582875, 21.380956, var=[1.0, 1.0, 1.0]), 52.023918801292595, GPS(-43.520600, 172.583000, 0.000000, var=[-1.0, -1.0, -1.0])
14:29:40:900713, 4, 2, 1632706180.9005914, 17, GPS(-43.520645, 172.583061, 21.393780, var=[1.0, 1.0, 1.0]), 48.89568330916096, GPS(-43.520600, 172.583000, 0.000000, var=[-1.0, -1.0, -1.0])
14:29:40:901112, 3, 2, 1632706180.9010181, 17, GPS(-43.520646, 172.582937, 21.361753, var=[1.0, 1.0, 1.0]), 48.92108059897264, GPS(-43.520600, 172.583000, 0.000000, var=[-1.0, -1.0, -1.0])
14:29:40:901481, 2, 2, 1632706180.9013822, 14, GPS(-43.520509, 172.583128, 21.395011, var=[1.0, 1.0, 1.0]), 52.17866485554984, GPS(-43.520600, 172.583000, 0.000000, var=[-1.0, -1.0, -1.0])
14:29:40:902819, 2, 2, 1632706180.9016724, 15, GPS(-43.520509, 172.583128, 21.395011, var=[1.0, 1.0, 1.0]), 52.17866485554984, GPS(-43.520600, 172.583000, 0.000000, var=[-1.0, -1.0, -1.0])
14:29:40:903083, 3, 2, 1632706180.901655, 18, GPS(-43.520646, 172.582937, 21.361753, var=[1.0, 1.0, 1.0]), 48.92108059897264, GPS(-43.520600, 172.583000, 0.000000, var=[-1.0, -1.0, -1.0])
14:29:40:903144, 4, 2, 1632706180.9016633, 18, GPS(-43.520645, 172.583061, 21.393780, var=[1.0, 1.0, 1.0]), 48.89568330916096, GPS(-43.520600, 172.583000, 0.000000, var=[-1.0, -1.0, -1.0])
14:29:40:903184, 1, 2, 1632706180.9016585, 15, GPS(-43.520511, 172.582875, 21.379956, var=[1.0, 1.0, 1.0]), 52.016095439226916, GPS(-43.520600, 172.583000, 0.000000, var=[-1.0, -1.0, -1.0])
14:29:40:904637, 1, 2, 1632706180.90181, 16, GPS(-43.520511, 172.582875, 21.379956, var=[1.0, 1.0, 1.0]), 52.016095439226916, GPS(-43.520600, 172.583000, 0.000000, var=[-1.0, -1.0, -1.0])
14:29:41:902015, 2, 2, 1632706181.9018807, 16, GPS(-43.520509, 172.583128, 21.392011, var=[1.0, 1.0, 1.0]), 52.194312343938805, GPS(-43.520600, 172.583000, 0.000000, var=[-1.0, -1.0, -1.0])
14:29:41:903565, 2, 2, 1632706181.9032545, 17, GPS(-43.520509, 172.583128, 21.392011, var=[1.0, 1.0, 1.0]), 52.194312343938805, GPS(-43.520600, 172.583000, 0.000000, var=[-1.0, -1.0, -1.0])
14:29:41:903632, 4, 2, 1632706181.901972, 19, GPS(-43.520645, 172.583061, 21.397780, var=[1.0, 1.0, 1.0]), 48.91439487103723, GPS(-43.520600, 172.583000, 0.000000, var=[-1.0, -1.0, -1.0])
14:29:41:903687, 3, 2, 1632706181.9031072, 19, GPS(-43.520646, 172.582937, 21.367753, var=[1.0, 1.0, 1.0]), 48.9373531157424, GPS(-43.520600, 172.583000, 0.000000, var=[-1.0, -1.0, -1.0])
14:29:41:903733, 1, 2, 1632706181.903309, 17, GPS(-43.520511, 172.582875, 21.389956, var=[1.0, 1.0, 1.0]), 52.03504784983711, GPS(-43.520600, 172.583000, 0.000000, var=[-1.0, -1.0, -1.0])
14:29:41:905294, 3, 2, 1632706181.9032469, 20, GPS(-43.520646, 172.582937, 21.367753, var=[1.0, 1.0, 1.0]), 48.9373531157424, GPS(-43.520600, 172.583000, 0.000000, var=[-1.0, -1.0, -1.0])
14:29:41:905346, 4, 2, 1632706181.9032576, 20, GPS(-43.520645, 172.583061, 21.397780, var=[1.0, 1.0, 1.0]), 48.91439487103723, GPS(-43.520600, 172.583000, 0.000000, var=[-1.0, -1.0, -1.0])
14:29:42:903609, 4, 2, 1632706182.9034634, 21, GPS(-43.520645, 172.583061, 21.405781, var=[1.0, 1.0, 1.0]), 48.93393757831122, GPS(-43.520600, 172.583000, 0.000000, var=[-1.0, -1.0, -1.0])
14:29:42:903669, 3, 2, 1632706182.9034898, 21, GPS(-43.520646, 172.582937, 21.372754, var=[1.0, 1.0, 1.0]), 48.947950117267816, GPS(-43.520600, 172.583000, 0.000000, var=[-1.0, -1.0, -1.0])
14:29:42:904401, 2, 2, 1632706182.904307, 18, GPS(-43.520509, 172.583128, 21.405011, var=[1.0, 1.0, 1.0]), 52.2184911812297, GPS(-43.520600, 172.583000, 0.000000, var=[-1.0, -1.0, -1.0])
14:29:42:905440, 1, 2, 1632706182.905294, 18, GPS(-43.520511, 172.582875, 21.391956, var=[1.0, 1.0, 1.0]), 52.046889903340194, GPS(-43.520600, 172.583000, 0.000000, var=[-1.0, -1.0, -1.0])
14:29:42:906675, 1, 2, 1632706182.905416, 19, GPS(-43.520511, 172.582875, 21.391956, var=[1.0, 1.0, 1.0]), 52.046889903340194, GPS(-43.520600, 172.583000, 0.000000, var=[-1.0, -1.0, -1.0])
14:29:42:906729, 2, 2, 1632706182.9053695, 19, GPS(-43.520509, 172.583128, 21.405011, var=[1.0, 1.0, 1.0]), 52.2184911812297, GPS(-43.520600, 172.583000, 0.000000, var=[-1.0, -1.0, -1.0])
14:29:42:908386, 3, 2, 1632706182.905367, 22, GPS(-43.520646, 172.582937, 21.372754, var=[1.0, 1.0, 1.0]), 48.947950117267816, GPS(-43.520600, 172.583000, 0.000000, var=[-1.0, -1.0, -1.0])
14:29:42:908436, 4, 2, 1632706182.905422, 22, GPS(-43.520645, 172.583061, 21.405781, var=[1.0, 1.0, 1.0]), 48.93393757831122, GPS(-43.520600, 172.583000, 0.000000, var=[-1.0, -1.0, -1.0])
14:29:43:906458, 1, 2, 1632706183.906304, 20, GPS(-43.520511, 172.582875, 21.398956, var=[1.0, 1.0, 1.0]), 52.06109231042486, GPS(-43.520600, 172.583000, 0.000000, var=[-1.0, -1.0, -1.0])
14:29:43:906561, 4, 2, 1632706183.906331, 23, GPS(-43.520645, 172.583061, 21.411781, var=[1.0, 1.0, 1.0]), 48.93942455167563, GPS(-43.520600, 172.583000, 0.000000, var=[-1.0, -1.0, -1.0])
14:29:43:906603, 2, 2, 1632706183.9063892, 20, GPS(-43.520509, 172.583128, 21.413011, var=[1.0, 1.0, 1.0]), 52.22805741542865, GPS(-43.520600, 172.583000, 0.000000, var=[-1.0, -1.0, -1.0])
14:29:43:907894, 3, 2, 1632706183.906397, 23, GPS(-43.520646, 172.582937, 21.395753, var=[1.0, 1.0, 1.0]), 48.9770011579822, GPS(-43.520600, 172.583000, 0.000000, var=[-1.0, -1.0, -1.0])
14:29:43:938683, 1, 2, 1632706183.938518, 21, GPS(-43.520511, 172.582875, 21.398956, var=[1.0, 1.0, 1.0]), 52.06692767551594, GPS(-43.520600, 172.583000, 0.000000, var=[-1.0, -1.0, -1.0])
14:29:43:939201, 4, 2, 1632706183.93909, 24, GPS(-43.520645, 172.583061, 21.411781, var=[1.0, 1.0, 1.0]), 48.94525991676671, GPS(-43.520600, 172.583000, 0.000000, var=[-1.0, -1.0, -1.0])
14:29:43:939590, 3, 2, 1632706183.9394848, 24, GPS(-43.520646, 172.582937, 21.396753, var=[1.0, 1.0, 1.0]), 48.9837845275634, GPS(-43.520600, 172.583000, 0.000000, var=[-1.0, -1.0, -1.0])
14:29:43:939641, 2, 2, 1632706183.9394915, 21, GPS(-43.520509, 172.583128, 21.414011, var=[1.0, 1.0, 1.0]), 52.23472209368326, GPS(-43.520600, 172.583000, 0.000000, var=[-1.0, -1.0, -1.0])
14:29:44:939574, 1, 2, 1632706184.939443, 22, GPS(-43.520511, 172.582875, 21.416956, var=[1.0, 1.0, 1.0]), 52.09472188330954, GPS(-43.520600, 172.583000, 0.000000, var=[-1.0, -1.0, -1.0])
14:29:44:940553, 4, 2, 1632706184.9404147, 25, GPS(-43.520645, 172.583061, 21.429781, var=[1.0, 1.0, 1.0]), 48.95670520701067, GPS(-43.520600, 172.583000, 0.000000, var=[-1.0, -1.0, -1.0])
14:29:44:940836, 3, 2, 1632706184.9407415, 25, GPS(-43.520646, 172.582937, 21.410754, var=[1.0, 1.0, 1.0]), 48.99920204555521, GPS(-43.520600, 172.583000, 0.000000, var=[-1.0, -1.0, -1.0])
14:29:44:942279, 3, 2, 1632706184.9411707, 26, GPS(-43.520646, 172.582937, 21.410754, var=[1.0, 1.0, 1.0]), 48.99920204555521, GPS(-43.520600, 172.583000, 0.000000, var=[-1.0, -1.0, -1.0])
14:29:44:942340, 4, 2, 1632706184.9412036, 26, GPS(-43.520645, 172.583061, 21.429781, var=[1.0, 1.0, 1.0]), 48.95493864198325, GPS(-43.520600, 172.583000, 0.000000, var=[-1.0, -1.0, -1.0])
14:29:44:942379, 2, 2, 1632706184.941196, 22, GPS(-43.520509, 172.583128, 21.425011, var=[1.0, 1.0, 1.0]), 52.249184265388045, GPS(-43.520600, 172.583000, 0.000000, var=[-1.0, -1.0, -1.0])
14:29:44:943231, 1, 2, 1632706184.9412189, 23, GPS(-43.520511, 172.582875, 21.416956, var=[1.0, 1.0, 1.0]), 52.09472188330954, GPS(-43.520600, 172.583000, 0.000000, var=[-1.0, -1.0, -1.0])
14:29:45:942100, 1, 2, 1632706185.941961, 24, GPS(-43.520510, 172.582875, 21.438956, var=[1.0, 1.0, 1.0]), 52.14996535484218, GPS(-43.520600, 172.583000, 0.000000, var=[-1.0, -1.0, -1.0])
14:29:45:942320, 2, 2, 1632706185.942236, 23, GPS(-43.520509, 172.583128, 21.424011, var=[1.0, 1.0, 1.0]), 52.266120195020655, GPS(-43.520600, 172.583000, 0.000000, var=[-1.0, -1.0, -1.0])
14:29:45:943663, 2, 2, 1632706185.943327, 24, GPS(-43.520509, 172.583128, 21.424011, var=[1.0, 1.0, 1.0]), 52.266120195020655, GPS(-43.520600, 172.583000, 0.000000, var=[-1.0, -1.0, -1.0])
14:29:45:945507, 3, 2, 1632706185.9424536, 27, GPS(-43.520646, 172.582936, 21.401753, var=[1.0, 1.0, 1.0]), 49.01740335611359, GPS(-43.520600, 172.583000, 0.000000, var=[-1.0, -1.0, -1.0])
14:29:45:945574, 4, 2, 1632706185.942825, 27, GPS(-43.520645, 172.583061, 21.435781, var=[1.0, 1.0, 1.0]), 48.98196190056076, GPS(-43.520600, 172.583000, 0.000000, var=[-1.0, -1.0, -1.0])
14:29:45:945630, 1, 2, 1632706185.9433408, 25, GPS(-43.520510, 172.582875, 21.438956, var=[1.0, 1.0, 1.0]), 52.14996535484218, GPS(-43.520600, 172.583000, 0.000000, var=[-1.0, -1.0, -1.0])
14:29:45:945684, 4, 2, 1632706185.9433315, 28, GPS(-43.520645, 172.583061, 21.435781, var=[1.0, 1.0, 1.0]), 48.98196190056076, GPS(-43.520600, 172.583000, 0.000000, var=[-1.0, -1.0, -1.0])
14:29:45:945736, 3, 2, 1632706185.9433143, 28, GPS(-43.520646, 172.582936, 21.401753, var=[1.0, 1.0, 1.0]), 49.01740335611359, GPS(-43.520600, 172.583000, 0.000000, var=[-1.0, -1.0, -1.0])
14:29:46:943531, 1, 2, 1632706186.943383, 26, GPS(-43.520510, 172.582875, 21.443957, var=[1.0, 1.0, 1.0]), 52.16271592116915, GPS(-43.520600, 172.583000, 0.000000, var=[-1.0, -1.0, -1.0])
14:29:46:943611, 3, 2, 1632706186.943471, 29, GPS(-43.520645, 172.582936, 21.415754, var=[1.0, 1.0, 1.0]), 49.02749017377187, GPS(-43.520600, 172.583000, 0.000000, var=[-1.0, -1.0, -1.0])
14:29:46:943843, 3, 2, 1632706186.94375, 30, GPS(-43.520645, 172.582936, 21.415754, var=[1.0, 1.0, 1.0]), 49.02749017377187, GPS(-43.520600, 172.583000, 0.000000, var=[-1.0, -1.0, -1.0])
14:29:46:943908, 1, 2, 1632706186.9438014, 27, GPS(-43.520510, 172.582875, 21.443957, var=[1.0, 1.0, 1.0]), 52.16271592116915, GPS(-43.520600, 172.583000, 0.000000, var=[-1.0, -1.0, -1.0])
14:29:46:943950, 4, 2, 1632706186.9437573, 29, GPS(-43.520644, 172.583061, 21.445781, var=[1.0, 1.0, 1.0]), 48.98479894529157, GPS(-43.520600, 172.583000, 0.000000, var=[-1.0, -1.0, -1.0])
14:29:46:943985, 2, 2, 1632706186.943749, 25, GPS(-43.520509, 172.583127, 21.434011, var=[1.0, 1.0, 1.0]), 52.27343689385988, GPS(-43.520600, 172.583000, 0.000000, var=[-1.0, -1.0, -1.0])
14:29:47:945455, 2, 2, 1632706187.945302, 26, GPS(-43.520509, 172.583127, 21.457012, var=[1.0, 1.0, 1.0]), 52.3233698045382, GPS(-43.520600, 172.583000, 0.000000, var=[-1.0, -1.0, -1.0])
14:29:47:946793, 3, 2, 1632706187.9452958, 31, GPS(-43.520645, 172.582936, 21.413754, var=[1.0, 1.0, 1.0]), 49.041623331139625, GPS(-43.520600, 172.583000, 0.000000, var=[-1.0, -1.0, -1.0])
14:29:47:946840, 4, 2, 1632706187.9453092, 30, GPS(-43.520644, 172.583061, 21.458782, var=[1.0, 1.0, 1.0]), 49.0139600740022, GPS(-43.520600, 172.583000, 0.000000, var=[-1.0, -1.0, -1.0])
14:29:47:946883, 1, 2, 1632706187.9453342, 28, GPS(-43.520510, 172.582875, 21.451957, var=[1.0, 1.0, 1.0]), 52.202169331281354, GPS(-43.520600, 172.583000, 0.000000, var=[-1.0, -1.0, -1.0])
14:29:48:945609, 4, 2, 1632706188.9454243, 31, GPS(-43.520644, 172.583061, 21.471782, var=[1.0, 1.0, 1.0]), 49.040371087051, GPS(-43.520600, 172.583000, 0.000000, var=[-1.0, -1.0, -1.0])
14:29:48:945904, 1, 2, 1632706188.9457695, 29, GPS(-43.520510, 172.582875, 21.462957, var=[1.0, 1.0, 1.0]), 52.21795095844419, GPS(-43.520600, 172.583000, 0.000000, var=[-1.0, -1.0, -1.0])
14:29:48:946706, 3, 2, 1632706188.9465997, 32, GPS(-43.520645, 172.582937, 21.437754, var=[1.0, 1.0, 1.0]), 49.06756956581239, GPS(-43.520600, 172.583000, 0.000000, var=[-1.0, -1.0, -1.0])
14:29:48:946974, 1, 2, 1632706188.9468675, 30, GPS(-43.520510, 172.582875, 21.462957, var=[1.0, 1.0, 1.0]), 52.21795095844419, GPS(-43.520600, 172.583000, 0.000000, var=[-1.0, -1.0, -1.0])
14:29:48:947060, 4, 2, 1632706188.9468672, 32, GPS(-43.520644, 172.583061, 21.471782, var=[1.0, 1.0, 1.0]), 49.040371087051, GPS(-43.520600, 172.583000, 0.000000, var=[-1.0, -1.0, -1.0])
14:29:48:947188, 2, 2, 1632706188.946862, 27, GPS(-43.520509, 172.583128, 21.460012, var=[1.0, 1.0, 1.0]), 52.35599437799772, GPS(-43.520600, 172.583000, 0.000000, var=[-1.0, -1.0, -1.0])
14:29:48:948536, 3, 2, 1632706188.9470541, 33, GPS(-43.520645, 172.582937, 21.437754, var=[1.0, 1.0, 1.0]), 49.06756956581239, GPS(-43.520600, 172.583000, 0.000000, var=[-1.0, -1.0, -1.0])
14:29:49:947110, 1, 2, 1632706189.9469402, 31, GPS(-43.520510, 172.582875, 21.473957, var=[1.0, 1.0, 1.0]), 52.22683855131639, GPS(-43.520600, 172.583000, 0.000000, var=[-1.0, -1.0, -1.0])
14:29:49:947520, 4, 2, 1632706189.94744, 33, GPS(-43.520644, 172.583062, 21.475782, var=[1.0, 1.0, 1.0]), 49.05610927129808, GPS(-43.520600, 172.583000, 0.000000, var=[-1.0, -1.0, -1.0])
14:29:49:948024, 3, 2, 1632706189.947937, 34, GPS(-43.520645, 172.582937, 21.442754, var=[1.0, 1.0, 1.0]), 49.07174320541459, GPS(-43.520600, 172.583000, 0.000000, var=[-1.0, -1.0, -1.0])
14:29:49:948681, 3, 2, 1632706189.9485898, 35, GPS(-43.520645, 172.582937, 21.442754, var=[1.0, 1.0, 1.0]), 49.07174320541459, GPS(-43.520600, 172.583000, 0.000000, var=[-1.0, -1.0, -1.0])
14:29:49:948781, 1, 2, 1632706189.9486284, 32, GPS(-43.520510, 172.582875, 21.473957, var=[1.0, 1.0, 1.0]), 52.22683855131639, GPS(-43.520600, 172.583000, 0.000000, var=[-1.0, -1.0, -1.0])
14:29:49:948821, 4, 2, 1632706189.9486146, 34, GPS(-43.520644, 172.583062, 21.475782, var=[1.0, 1.0, 1.0]), 49.05610927129808, GPS(-43.520600, 172.583000, 0.000000, var=[-1.0, -1.0, -1.0])
14:29:49:948855, 2, 2, 1632706189.9486053, 28, GPS(-43.520508, 172.583128, 21.473012, var=[1.0, 1.0, 1.0]), 52.3932281828359, GPS(-43.520600, 172.583000, 0.000000, var=[-1.0, -1.0, -1.0])
14:29:50:949351, 3, 2, 1632706190.9492261, 36, GPS(-43.520645, 172.582937, 21.461754, var=[1.0, 1.0, 1.0]), 49.09090297004972, GPS(-43.520600, 172.583000, 0.000000, var=[-1.0, -1.0, -1.0])
14:29:50:950472, 3, 2, 1632706190.9503713, 37, GPS(-43.520645, 172.582937, 21.461754, var=[1.0, 1.0, 1.0]), 49.09090297004972, GPS(-43.520600, 172.583000, 0.000000, var=[-1.0, -1.0, -1.0])
14:29:50:950565, 4, 2, 1632706190.9503932, 35, GPS(-43.520644, 172.583062, 21.495782, var=[1.0, 1.0, 1.0]), 49.082674678285485, GPS(-43.520600, 172.583000, 0.000000, var=[-1.0, -1.0, -1.0])
14:29:50:950611, 2, 2, 1632706190.9503856, 29, GPS(-43.520508, 172.583128, 21.487012, var=[1.0, 1.0, 1.0]), 52.409924836611225, GPS(-43.520600, 172.583000, 0.000000, var=[-1.0, -1.0, -1.0])
14:29:50:951743, 1, 2, 1632706190.950413, 33, GPS(-43.520510, 172.582875, 21.479957, var=[1.0, 1.0, 1.0]), 52.217868632019275, GPS(-43.520600, 172.583000, 0.000000, var=[-1.0, -1.0, -1.0])
14:29:51:950918, 3, 2, 1632706191.950783, 38, GPS(-43.520645, 172.582937, 21.457754, var=[1.0, 1.0, 1.0]), 49.11034159950904, GPS(-43.520600, 172.583000, 0.000000, var=[-1.0, -1.0, -1.0])
14:29:51:951032, 4, 3, 1632706191.9509544, 36, GPS(-43.520645, 172.583062, 21.494781, var=[1.0, 1.0, 1.0]), 49.106180656527755, GPS(-43.520600, 172.583000, 0.000000, var=[-1.0, -1.0, -1.0])
14:29:51:951902, 3, 2, 1632706191.951817, 39, GPS(-43.520645, 172.582937, 21.457754, var=[1.0, 1.0, 1.0]), 49.11034159950904, GPS(-43.520600, 172.583000, 0.000000, var=[-1.0, -1.0, -1.0])
14:29:51:951956, 4, 3, 1632706191.9518287, 37, GPS(-43.520645, 172.583062, 21.494781, var=[1.0, 1.0, 1.0]), 49.106180656527755, GPS(-43.520600, 172.583000, 0.000000, var=[-1.0, -1.0, -1.0])
14:29:51:951993, 2, 2, 1632706191.9518366, 30, GPS(-43.520509, 172.583128, 21.491012, var=[1.0, 1.0, 1.0]), 52.423479784352, GPS(-43.520600, 172.583000, 0.000000, var=[-1.0, -1.0, -1.0])
14:29:51:953102, 1, 2, 1632706191.951851, 34, GPS(-43.520510, 172.582876, 21.490957, var=[1.0, 1.0, 1.0]), 52.22676327068104, GPS(-43.520600, 172.583000, 0.000000, var=[-1.0, -1.0, -1.0])
14:29:52:952474, 4, 3, 1632706192.9523516, 38, GPS(-43.520656, 172.583078, 21.572767, var=[1.0, 1.0, 1.0]), 49.80443858125403, GPS(-43.520600, 172.583000, 0.000000, var=[-1.0, -1.0, -1.0])
14:29:52:952596, 1, 2, 1632706192.9524903, 35, GPS(-43.520511, 172.582876, 21.491956, var=[1.0, 1.0, 1.0]), 52.218135005088044, GPS(-43.520600, 172.583000, 0.000000, var=[-1.0, -1.0, -1.0])
14:29:52:953285, 3, 2, 1632706192.9531813, 40, GPS(-43.520645, 172.582937, 21.465754, var=[1.0, 1.0, 1.0]), 49.11955928617276, GPS(-43.520600, 172.583000, 0.000000, var=[-1.0, -1.0, -1.0])
14:29:52:953353, 1, 2, 1632706192.9532166, 36, GPS(-43.520511, 172.582876, 21.491956, var=[1.0, 1.0, 1.0]), 52.218135005088044, GPS(-43.520600, 172.583000, 0.000000, var=[-1.0, -1.0, -1.0])
14:29:52:953394, 2, 2, 1632706192.9531927, 31, GPS(-43.520509, 172.583129, 21.488011, var=[1.0, 1.0, 1.0]), 52.41032217495753, GPS(-43.520600, 172.583000, 0.000000, var=[-1.0, -1.0, -1.0])
14:29:52:954487, 4, 3, 1632706192.9533756, 39, GPS(-43.520656, 172.583078, 21.572767, var=[1.0, 1.0, 1.0]), 49.80443858125403, GPS(-43.520600, 172.583000, 0.000000, var=[-1.0, -1.0, -1.0])
14:29:53:953819, 4, 3, 1632706193.953664, 40, GPS(-43.520680, 172.583113, 21.489736, var=[1.0, 1.0, 1.0]), 51.462565640587535, GPS(-43.520600, 172.583000, 0.000000, var=[-1.0, -1.0, -1.0])
14:29:53:954165, 1, 2, 1632706193.9540703, 37, GPS(-43.520511, 172.582876, 21.504956, var=[1.0, 1.0, 1.0]), 52.232997265335825, GPS(-43.520600, 172.583000, 0.000000, var=[-1.0, -1.0, -1.0])
14:29:53:954910, 4, 3, 1632706193.9545774, 41, GPS(-43.520680, 172.583113, 21.489736, var=[1.0, 1.0, 1.0]), 51.462565640587535, GPS(-43.520600, 172.583000, 0.000000, var=[-1.0, -1.0, -1.0])
14:29:53:954982, 3, 2, 1632706193.9545758, 41, GPS(-43.520645, 172.582937, 21.469754, var=[1.0, 1.0, 1.0]), 49.127354258210644, GPS(-43.520600, 172.583000, 0.000000, var=[-1.0, -1.0, -1.0])
14:29:53:955040, 1, 2, 1632706193.9545949, 38, GPS(-43.520511, 172.582876, 21.504956, var=[1.0, 1.0, 1.0]), 52.232997265335825, GPS(-43.520600, 172.583000, 0.000000, var=[-1.0, -1.0, -1.0])
14:29:53:955090, 2, 2, 1632706193.9545767, 32, GPS(-43.520509, 172.583129, 21.492011, var=[1.0, 1.0, 1.0]), 52.417638762243165, GPS(-43.520600, 172.583000, 0.000000, var=[-1.0, -1.0, -1.0])
14:29:54:955098, 2, 2, 1632706194.9549644, 33, GPS(-43.520509, 172.583128, 21.498011, var=[1.0, 1.0, 1.0]), 52.40608380365565, GPS(-43.520600, 172.583000, 0.000000, var=[-1.0, -1.0, -1.0])
14:29:54:956987, 2, 2, 1632706194.9566326, 34, GPS(-43.520509, 172.583128, 21.497011, var=[1.0, 1.0, 1.0]), 52.405254343565296, GPS(-43.520600, 172.583000, 0.000000, var=[-1.0, -1.0, -1.0])
14:29:54:958091, 3, 3, 1632706194.9551585, 42, GPS(-43.520645, 172.582937, 21.466754, var=[1.0, 1.0, 1.0]), 49.11194534902732, GPS(-43.520600, 172.583000, 0.000000, var=[-1.0, -1.0, -1.0])
14:29:54:958146, 1, 2, 1632706194.9561367, 39, GPS(-43.520511, 172.582876, 21.499956, var=[1.0, 1.0, 1.0]), 52.21873476496487, GPS(-43.520600, 172.583000, 0.000000, var=[-1.0, -1.0, -1.0])
14:29:54:958196, 4, 4, 1632706194.956537, 42, GPS(-43.520691, 172.583128, 21.465720, var=[1.0, 1.0, 1.0]), 52.38499758962566, GPS(-43.520600, 172.583000, 0.000000, var=[-1.0, -1.0, -1.0])
14:29:54:958244, 4, 4, 1632706194.9566722, 43, GPS(-43.520691, 172.583128, 21.465720, var=[1.0, 1.0, 1.0]), 52.38499758962566, GPS(-43.520600, 172.583000, 0.000000, var=[-1.0, -1.0, -1.0])
14:29:54:958290, 3, 3, 1632706194.9566684, 43, GPS(-43.520645, 172.582937, 21.466754, var=[1.0, 1.0, 1.0]), 49.11194534902732, GPS(-43.520600, 172.583000, 0.000000, var=[-1.0, -1.0, -1.0])
14:29:54:958336, 1, 2, 1632706194.9566503, 40, GPS(-43.520511, 172.582876, 21.499956, var=[1.0, 1.0, 1.0]), 52.21873476496487, GPS(-43.520600, 172.583000, 0.000000, var=[-1.0, -1.0, -1.0])
14:29:55:957140, 3, 3, 1632706195.9570222, 44, GPS(-43.520659, 172.582919, 21.555729, var=[1.0, 1.0, 1.0]), 49.940930246520075, GPS(-43.520600, 172.583000, 0.000000, var=[-1.0, -1.0, -1.0])
14:29:55:957218, 4, 4, 1632706195.9570353, 44, GPS(-43.520693, 172.583127, 21.469717, var=[1.0, 1.0, 1.0]), 52.465850936207715, GPS(-43.520600, 172.583000, 0.000000, var=[-1.0, -1.0, -1.0])
14:29:55:957258, 2, 2, 1632706195.957038, 35, GPS(-43.520509, 172.583128, 21.497011, var=[1.0, 1.0, 1.0]), 52.41630302818248, GPS(-43.520600, 172.583000, 0.000000, var=[-1.0, -1.0, -1.0])
14:29:55:958317, 1, 2, 1632706195.957062, 41, GPS(-43.520510, 172.582875, 21.492957, var=[1.0, 1.0, 1.0]), 52.23138552936399, GPS(-43.520600, 172.583000, 0.000000, var=[-1.0, -1.0, -1.0])
14:29:56:957320, 3, 3, 1632706196.9571931, 45, GPS(-43.520683, 172.582887, 21.461683, var=[1.0, 1.0, 1.0]), 51.56796111643976, GPS(-43.520600, 172.583000, 0.000000, var=[-1.0, -1.0, -1.0])
14:29:56:957832, 1, 2, 1632706196.9577436, 42, GPS(-43.520510, 172.582875, 21.500957, var=[1.0, 1.0, 1.0]), 52.232334096905305, GPS(-43.520600, 172.583000, 0.000000, var=[-1.0, -1.0, -1.0])
14:29:56:958445, 3, 3, 1632706196.9583755, 46, GPS(-43.520683, 172.582887, 21.461683, var=[1.0, 1.0, 1.0]), 51.56796111643976, GPS(-43.520600, 172.583000, 0.000000, var=[-1.0, -1.0, -1.0])
14:29:56:958494, 1, 2, 1632706196.9584143, 43, GPS(-43.520510, 172.582875, 21.500957, var=[1.0, 1.0, 1.0]), 52.232334096905305, GPS(-43.520600, 172.583000, 0.000000, var=[-1.0, -1.0, -1.0])
14:29:56:958559, 4, 4, 1632706196.9584014, 45, GPS(-43.520692, 172.583124, 21.482719, var=[1.0, 1.0, 1.0]), 52.29842015293726, GPS(-43.520600, 172.583000, 0.000000, var=[-1.0, -1.0, -1.0])
14:29:56:958639, 2, 2, 1632706196.9584234, 36, GPS(-43.520509, 172.583128, 21.495011, var=[1.0, 1.0, 1.0]), 52.40254192662783, GPS(-43.520600, 172.583000, 0.000000, var=[-1.0, -1.0, -1.0])
14:29:57:959178, 3, 4, 1632706197.9590433, 47, GPS(-43.520693, 172.582873, 21.441665, var=[1.0, 1.0, 1.0]), 52.401993454832464, GPS(-43.520600, 172.583000, 0.000000, var=[-1.0, -1.0, -1.0])
14:29:57:959798, 4, 4, 1632706197.9597118, 46, GPS(-43.520691, 172.583123, 21.478721, var=[1.0, 1.0, 1.0]), 52.198394998135655, GPS(-43.520600, 172.583000, 0.000000, var=[-1.0, -1.0, -1.0])
14:29:57:959899, 3, 4, 1632706197.9598408, 48, GPS(-43.520693, 172.582873, 21.441665, var=[1.0, 1.0, 1.0]), 52.401993454832464, GPS(-43.520600, 172.583000, 0.000000, var=[-1.0, -1.0, -1.0])
14:29:57:959955, 4, 4, 1632706197.9598603, 47, GPS(-43.520691, 172.583123, 21.478721, var=[1.0, 1.0, 1.0]), 52.198394998135655, GPS(-43.520600, 172.583000, 0.000000, var=[-1.0, -1.0, -1.0])
14:29:57:960007, 1, 2, 1632706197.9598799, 44, GPS(-43.520511, 172.582875, 21.490956, var=[1.0, 1.0, 1.0]), 52.231099076757566, GPS(-43.520600, 172.583000, 0.000000, var=[-1.0, -1.0, -1.0])
14:29:57:960043, 2, 2, 1632706197.9598618, 37, GPS(-43.520509, 172.583128, 21.477011, var=[1.0, 1.0, 1.0]), 52.39272621968025, GPS(-43.520600, 172.583000, 0.000000, var=[-1.0, -1.0, -1.0])
14:29:58:960177, 3, 4, 1632706198.9600363, 49, GPS(-43.520692, 172.582871, 21.443665, var=[1.0, 1.0, 1.0]), 52.43229594526666, GPS(-43.520600, 172.583000, 0.000000, var=[-1.0, -1.0, -1.0])
14:29:58:960845, 2, 2, 1632706198.9607098, 38, GPS(-43.520509, 172.583128, 21.467011, var=[1.0, 1.0, 1.0]), 52.37221302555708, GPS(-43.520600, 172.583000, 0.000000, var=[-1.0, -1.0, -1.0])
14:29:58:962101, 4, 4, 1632706198.9607267, 48, GPS(-43.520690, 172.583123, 21.474721, var=[1.0, 1.0, 1.0]), 52.17055671019014, GPS(-43.520600, 172.583000, 0.000000, var=[-1.0, -1.0, -1.0])
14:29:58:962151, 1, 2, 1632706198.9613683, 45, GPS(-43.520511, 172.582875, 21.474956, var=[1.0, 1.0, 1.0]), 52.21189762309834, GPS(-43.520600, 172.583000, 0.000000, var=[-1.0, -1.0, -1.0])
14:29:58:962187, 3, 4, 1632706198.9615347, 50, GPS(-43.520692, 172.582871, 21.443665, var=[1.0, 1.0, 1.0]), 52.43229594526666, GPS(-43.520600, 172.583000, 0.000000, var=[-1.0, -1.0, -1.0])
14:29:58:962221, 2, 2, 1632706198.9615426, 39, GPS(-43.520509, 172.583128, 21.467011, var=[1.0, 1.0, 1.0]), 52.37221302555708, GPS(-43.520600, 172.583000, 0.000000, var=[-1.0, -1.0, -1.0])
14:29:58:963201, 4, 4, 1632706198.9615467, 49, GPS(-43.520690, 172.583123, 21.474721, var=[1.0, 1.0, 1.0]), 52.17055671019014, GPS(-43.520600, 172.583000, 0.000000, var=[-1.0, -1.0, -1.0])
14:29:58:963251, 1, 2, 1632706198.9615605, 46, GPS(-43.520511, 172.582875, 21.474956, var=[1.0, 1.0, 1.0]), 52.21189762309834, GPS(-43.520600, 172.583000, 0.000000, var=[-1.0, -1.0, -1.0])
14:29:59:962105, 2, 4, 1632706199.9619834, 40, GPS(-43.520509, 172.583128, 21.447011, var=[1.0, 1.0, 1.0]), 52.324841858490686, GPS(-43.520600, 172.583000, 0.000000, var=[-1.0, -1.0, -1.0])
14:29:59:963315, 2, 4, 1632706199.962168, 41, GPS(-43.520509, 172.583128, 21.447011, var=[1.0, 1.0, 1.0]), 52.324841858490686, GPS(-43.520600, 172.583000, 0.000000, var=[-1.0, -1.0, -1.0])
14:29:59:964459, 3, 4, 1632706199.9621558, 51, GPS(-43.520690, 172.582873, 21.438669, var=[1.0, 1.0, 1.0]), 52.254341894915, GPS(-43.520600, 172.583000, 0.000000, var=[-1.0, -1.0, -1.0])
14:29:59:964517, 4, 4, 1632706199.9621751, 50, GPS(-43.520690, 172.583123, 21.464722, var=[1.0, 1.0, 1.0]), 52.15346666696958, GPS(-43.520600, 172.583000, 0.000000, var=[-1.0, -1.0, -1.0])
14:29:59:964571, 1, 4, 1632706199.9621985, 47, GPS(-43.520511, 172.582875, 21.458956, var=[1.0, 1.0, 1.0]), 52.17424127289722, GPS(-43.520600, 172.583000, 0.000000, var=[-1.0, -1.0, -1.0])
14:30:00:962530, 2, 4, 1632706200.9623847, 42, GPS(-43.520509, 172.583128, 21.440011, var=[1.0, 1.0, 1.0]), 52.28440359778821, GPS(-43.520600, 172.583000, 0.000000, var=[-1.0, -1.0, -1.0])
14:30:00:963759, 2, 4, 1632706200.963398, 43, GPS(-43.520509, 172.583128, 21.440011, var=[1.0, 1.0, 1.0]), 52.28440359778821, GPS(-43.520600, 172.583000, 0.000000, var=[-1.0, -1.0, -1.0])
14:30:00:964980, 4, 4, 1632706200.9626005, 51, GPS(-43.520690, 172.583124, 21.445722, var=[1.0, 1.0, 1.0]), 52.116712638586, GPS(-43.520600, 172.583000, 0.000000, var=[-1.0, -1.0, -1.0])
14:30:00:965038, 1, 4, 1632706200.962913, 48, GPS(-43.520511, 172.582875, 21.438956, var=[1.0, 1.0, 1.0]), 52.13274649198989, GPS(-43.520600, 172.583000, 0.000000, var=[-1.0, -1.0, -1.0])
14:30:00:965091, 3, 4, 1632706200.9630253, 52, GPS(-43.520689, 172.582875, 21.422671, var=[1.0, 1.0, 1.0]), 52.11891504579212, GPS(-43.520600, 172.583000, 0.000000, var=[-1.0, -1.0, -1.0])
14:30:00:965195, 3, 4, 1632706200.9633777, 53, GPS(-43.520689, 172.582875, 21.422671, var=[1.0, 1.0, 1.0]), 52.11891504579212, GPS(-43.520600, 172.583000, 0.000000, var=[-1.0, -1.0, -1.0])
14:30:00:965257, 4, 4, 1632706200.9633965, 52, GPS(-43.520690, 172.583124, 21.445722, var=[1.0, 1.0, 1.0]), 52.116712638586, GPS(-43.520600, 172.583000, 0.000000, var=[-1.0, -1.0, -1.0])
14:30:00:965315, 1, 4, 1632706200.9634163, 49, GPS(-43.520511, 172.582875, 21.438956, var=[1.0, 1.0, 1.0]), 52.13274649198989, GPS(-43.520600, 172.583000, 0.000000, var=[-1.0, -1.0, -1.0])
14:30:01:963716, 2, 4, 1632706201.963588, 44, GPS(-43.520509, 172.583128, 21.441011, var=[1.0, 1.0, 1.0]), 52.281057418717495, GPS(-43.520600, 172.583000, 0.000000, var=[-1.0, -1.0, -1.0])
14:30:01:965357, 2, 4, 1632706201.964032, 45, GPS(-43.520509, 172.583128, 21.441011, var=[1.0, 1.0, 1.0]), 52.281057418717495, GPS(-43.520600, 172.583000, 0.000000, var=[-1.0, -1.0, -1.0])
14:30:01:966616, 3, 4, 1632706201.963916, 54, GPS(-43.520690, 172.582876, 21.417670, var=[1.0, 1.0, 1.0]), 52.10139064134259, GPS(-43.520600, 172.583000, 0.000000, var=[-1.0, -1.0, -1.0])
14:30:01:966677, 4, 4, 1632706201.9640043, 53, GPS(-43.520690, 172.583124, 21.433722, var=[1.0, 1.0, 1.0]), 52.102598862868895, GPS(-43.520600, 172.583000, 0.000000, var=[-1.0, -1.0, -1.0])
14:30:01:966731, 1, 4, 1632706201.9640145, 50, GPS(-43.520511, 172.582875, 21.423956, var=[1.0, 1.0, 1.0]), 52.12129614847911, GPS(-43.520600, 172.583000, 0.000000, var=[-1.0, -1.0, -1.0])
14:30:01:966784, 3, 4, 1632706201.9643703, 55, GPS(-43.520690, 172.582876, 21.417670, var=[1.0, 1.0, 1.0]), 52.10139064134259, GPS(-43.520600, 172.583000, 0.000000, var=[-1.0, -1.0, -1.0])
14:30:02:964664, 4, 4, 1632706202.9642637, 54, GPS(-43.520690, 172.583124, 21.418722, var=[1.0, 1.0, 1.0]), 52.079496017624464, GPS(-43.520600, 172.583000, 0.000000, var=[-1.0, -1.0, -1.0])
14:30:02:964774, 3, 4, 1632706202.964602, 56, GPS(-43.520690, 172.582876, 21.404670, var=[1.0, 1.0, 1.0]), 52.07600752728012, GPS(-43.520600, 172.583000, 0.000000, var=[-1.0, -1.0, -1.0])
14:30:02:964844, 1, 4, 1632706202.96452, 51, GPS(-43.520511, 172.582875, 21.408956, var=[1.0, 1.0, 1.0]), 52.086437493376124, GPS(-43.520600, 172.583000, 0.000000, var=[-1.0, -1.0, -1.0])
14:30:02:965280, 2, 4, 1632706202.9651544, 46, GPS(-43.520509, 172.583128, 21.432011, var=[1.0, 1.0, 1.0]), 52.26633160390945, GPS(-43.520600, 172.583000, 0.000000, var=[-1.0, -1.0, -1.0])
14:30:02:966543, 2, 4, 1632706202.9654288, 47, GPS(-43.520509, 172.583128, 21.432011, var=[1.0, 1.0, 1.0]), 52.26633160390945, GPS(-43.520600, 172.583000, 0.000000, var=[-1.0, -1.0, -1.0])
14:30:02:967526, 3, 4, 1632706202.9654136, 57, GPS(-43.520690, 172.582876, 21.404670, var=[1.0, 1.0, 1.0]), 52.07600752728012, GPS(-43.520600, 172.583000, 0.000000, var=[-1.0, -1.0, -1.0])
14:30:02:968269, 4, 4, 1632706202.9654427, 55, GPS(-43.520690, 172.583124, 21.418722, var=[1.0, 1.0, 1.0]), 52.079496017624464, GPS(-43.520600, 172.583000, 0.000000, var=[-1.0, -1.0, -1.0])
14:30:02:969621, 1, 4, 1632706202.965455, 52, GPS(-43.520511, 172.582875, 21.408956, var=[1.0, 1.0, 1.0]), 52.086437493376124, GPS(-43.520600, 172.583000, 0.000000, var=[-1.0, -1.0, -1.0])
14:30:03:966279, 4, 4, 1632706203.9661303, 56, GPS(-43.520690, 172.583124, 21.418722, var=[1.0, 1.0, 1.0]), 52.06034803569405, GPS(-43.520600, 172.583000, 0.000000, var=[-1.0, -1.0, -1.0])
14:30:03:967580, 4, 4, 1632706203.9668465, 57, GPS(-43.520690, 172.583124, 21.418722, var=[1.0, 1.0, 1.0]), 52.06034803569405, GPS(-43.520600, 172.583000, 0.000000, var=[-1.0, -1.0, -1.0])
14:30:03:968495, 3, 4, 1632706203.9666777, 58, GPS(-43.520690, 172.582876, 21.402670, var=[1.0, 1.0, 1.0]), 52.05323586305093, GPS(-43.520600, 172.583000, 0.000000, var=[-1.0, -1.0, -1.0])
14:30:03:969894, 2, 4, 1632706203.966698, 48, GPS(-43.520509, 172.583128, 21.416011, var=[1.0, 1.0, 1.0]), 52.235108563109605, GPS(-43.520600, 172.583000, 0.000000, var=[-1.0, -1.0, -1.0])
14:30:03:972176, 1, 4, 1632706203.9667335, 53, GPS(-43.520511, 172.582875, 21.402956, var=[1.0, 1.0, 1.0]), 52.07209057974987, GPS(-43.520600, 172.583000, 0.000000, var=[-1.0, -1.0, -1.0])
14:30:04:967272, 4, 4, 1632706204.967106, 58, GPS(-43.520690, 172.583124, 21.408722, var=[1.0, 1.0, 1.0]), 52.052004808950244, GPS(-43.520600, 172.583000, 0.000000, var=[-1.0, -1.0, -1.0])
14:30:04:968728, 1, 4, 1632706204.9675891, 54, GPS(-43.520510, 172.582875, 21.397956, var=[1.0, 1.0, 1.0]), 52.06909834490479, GPS(-43.520600, 172.583000, 0.000000, var=[-1.0, -1.0, -1.0])
14:30:04:969740, 2, 4, 1632706204.967157, 49, GPS(-43.520509, 172.583128, 21.406011, var=[1.0, 1.0, 1.0]), 52.23238471087913, GPS(-43.520600, 172.583000, 0.000000, var=[-1.0, -1.0, -1.0])
14:30:04:971567, 3, 4, 1632706204.9674087, 59, GPS(-43.520690, 172.582876, 21.381670, var=[1.0, 1.0, 1.0]), 52.03257829120653, GPS(-43.520600, 172.583000, 0.000000, var=[-1.0, -1.0, -1.0])
14:30:05:002903, 4, 4, 1632706205.0027378, 59, GPS(-43.520690, 172.583124, 21.408722, var=[1.0, 1.0, 1.0]), 52.04199662813606, GPS(-43.520600, 172.583000, 0.000000, var=[-1.0, -1.0, -1.0])
14:30:05:005802, 3, 4, 1632706205.005424, 60, GPS(-43.520690, 172.582876, 21.381670, var=[1.0, 1.0, 1.0]), 52.02257011039236, GPS(-43.520600, 172.583000, 0.000000, var=[-1.0, -1.0, -1.0])
14:30:05:007053, 1, 4, 1632706205.005483, 55, GPS(-43.520510, 172.582875, 21.397956, var=[1.0, 1.0, 1.0]), 52.059090164090605, GPS(-43.520600, 172.583000, 0.000000, var=[-1.0, -1.0, -1.0])
14:30:05:008006, 2, 4, 1632706205.0071013, 50, GPS(-43.520509, 172.583128, 21.406011, var=[1.0, 1.0, 1.0]), 52.22237653006495, GPS(-43.520600, 172.583000, 0.000000, var=[-1.0, -1.0, -1.0])
14:30:06:003404, 4, 4, 1632706206.0032463, 60, GPS(-43.520690, 172.583124, 21.402722, var=[1.0, 1.0, 1.0]), 52.03266214671784, GPS(-43.520600, 172.583000, 0.000000, var=[-1.0, -1.0, -1.0])
14:30:06:005928, 1, 4, 1632706206.0057986, 56, GPS(-43.520510, 172.582875, 21.383956, var=[1.0, 1.0, 1.0]), 52.04108507844633, GPS(-43.520600, 172.583000, 0.000000, var=[-1.0, -1.0, -1.0])
14:30:06:006880, 3, 4, 1632706206.0059264, 61, GPS(-43.520690, 172.582876, 21.381670, var=[1.0, 1.0, 1.0]), 52.02375774080345, GPS(-43.520600, 172.583000, 0.000000, var=[-1.0, -1.0, -1.0])
14:30:06:007696, 2, 4, 1632706206.0075846, 51, GPS(-43.520509, 172.583128, 21.401012, var=[1.0, 1.0, 1.0]), 52.22695445514306, GPS(-43.520600, 172.583000, 0.000000, var=[-1.0, -1.0, -1.0])
14:30:06:031207, 3, 4, 1632706206.0310702, 62, GPS(-43.520690, 172.582876, 21.381670, var=[1.0, 1.0, 1.0]), 52.02767365064322, GPS(-43.520600, 172.583000, 0.000000, var=[-1.0, -1.0, -1.0])
14:30:06:036507, 4, 4, 1632706206.0363503, 61, GPS(-43.520690, 172.583124, 21.402722, var=[1.0, 1.0, 1.0]), 52.036578056557616, GPS(-43.520600, 172.583000, 0.000000, var=[-1.0, -1.0, -1.0])
14:30:06:039993, 1, 4, 1632706206.039859, 57, GPS(-43.520510, 172.582875, 21.383956, var=[1.0, 1.0, 1.0]), 52.04500098828611, GPS(-43.520600, 172.583000, 0.000000, var=[-1.0, -1.0, -1.0])
14:30:06:045179, 2, 4, 1632706206.045041, 52, GPS(-43.520509, 172.583128, 21.401012, var=[1.0, 1.0, 1.0]), 52.230870364982835, GPS(-43.520600, 172.583000, 0.000000, var=[-1.0, -1.0, -1.0])
14:30:07:031993, 3, 4, 1632706207.0318563, 63, GPS(-43.520690, 172.582876, 21.389670, var=[1.0, 1.0, 1.0]), 52.03768426514635, GPS(-43.520600, 172.583000, 0.000000, var=[-1.0, -1.0, -1.0])
14:30:07:038333, 4, 4, 1632706207.0382128, 62, GPS(-43.520690, 172.583124, 21.389722, var=[1.0, 1.0, 1.0]), 52.020403556405384, GPS(-43.520600, 172.583000, 0.000000, var=[-1.0, -1.0, -1.0])
14:30:07:041953, 1, 4, 1632706207.0418348, 58, GPS(-43.520510, 172.582875, 21.390957, var=[1.0, 1.0, 1.0]), 52.05215794179789, GPS(-43.520600, 172.583000, 0.000000, var=[-1.0, -1.0, -1.0])
14:30:07:045526, 2, 4, 1632706207.0453918, 53, GPS(-43.520509, 172.583128, 21.389012, var=[1.0, 1.0, 1.0]), 52.22638490680441, GPS(-43.520600, 172.583000, 0.000000, var=[-1.0, -1.0, -1.0])
14:30:07:074978, 3, 4, 1632706207.0748172, 64, GPS(-43.520690, 172.582876, 21.389670, var=[1.0, 1.0, 1.0]), 52.03372400752889, GPS(-43.520600, 172.583000, 0.000000, var=[-1.0, -1.0, -1.0])
14:30:07:076489, 4, 4, 1632706207.0762517, 63, GPS(-43.520690, 172.583124, 21.389722, var=[1.0, 1.0, 1.0]), 52.01644329878792, GPS(-43.520600, 172.583000, 0.000000, var=[-1.0, -1.0, -1.0])
14:30:07:077948, 1, 4, 1632706207.0777106, 59, GPS(-43.520510, 172.582875, 21.389957, var=[1.0, 1.0, 1.0]), 52.04736402117217, GPS(-43.520600, 172.583000, 0.000000, var=[-1.0, -1.0, -1.0])
14:30:07:078904, 2, 4, 1632706207.076923, 54, GPS(-43.520509, 172.583128, 21.388012, var=[1.0, 1.0, 1.0]), 52.22159668416813, GPS(-43.520600, 172.583000, 0.000000, var=[-1.0, -1.0, -1.0])
14:30:08:076157, 3, 4, 1632706208.0760062, 65, GPS(-43.520690, 172.582876, 21.405670, var=[1.0, 1.0, 1.0]), 52.05240989486989, GPS(-43.520600, 172.583000, 0.000000, var=[-1.0, -1.0, -1.0])
14:30:08:077921, 2, 4, 1632706208.0772934, 55, GPS(-43.520509, 172.583128, 21.387011, var=[1.0, 1.0, 1.0]), 52.20981675849545, GPS(-43.520600, 172.583000, 0.000000, var=[-1.0, -1.0, -1.0])
14:30:08:079684, 4, 4, 1632706208.078131, 64, GPS(-43.520690, 172.583124, 21.386722, var=[1.0, 1.0, 1.0]), 52.02241123304138, GPS(-43.520600, 172.583000, 0.000000, var=[-1.0, -1.0, -1.0])
14:30:08:080421, 1, 4, 1632706208.077996, 60, GPS(-43.520510, 172.582875, 21.375957, var=[1.0, 1.0, 1.0]), 52.02920598264312, GPS(-43.520600, 172.583000, 0.000000, var=[-1.0, -1.0, -1.0])
14:30:08:110314, 4, 4, 1632706208.1097572, 65, GPS(-43.520690, 172.583124, 21.386722, var=[1.0, 1.0, 1.0]), 52.0263323719644, GPS(-43.520600, 172.583000, 0.000000, var=[-1.0, -1.0, -1.0])
14:30:08:112102, 1, 4, 1632706208.1108623, 61, GPS(-43.520510, 172.582875, 21.375957, var=[1.0, 1.0, 1.0]), 52.03312712156614, GPS(-43.520600, 172.583000, 0.000000, var=[-1.0, -1.0, -1.0])
14:30:08:115831, 2, 4, 1632706208.115632, 56, GPS(-43.520509, 172.583128, 21.387011, var=[1.0, 1.0, 1.0]), 52.21373789741847, GPS(-43.520600, 172.583000, 0.000000, var=[-1.0, -1.0, -1.0])
14:30:08:146689, 3, 4, 1632706208.1465292, 66, GPS(-43.520690, 172.582876, 21.406670, var=[1.0, 1.0, 1.0]), 52.057165177646695, GPS(-43.520600, 172.583000, 0.000000, var=[-1.0, -1.0, -1.0])
14:30:09:110994, 4, 4, 1632706209.1108296, 66, GPS(-43.520690, 172.583124, 21.397722, var=[1.0, 1.0, 1.0]), 52.032365750174435, GPS(-43.520600, 172.583000, 0.000000, var=[-1.0, -1.0, -1.0])
14:30:09:112187, 1, 4, 1632706209.1117706, 62, GPS(-43.520510, 172.582875, 21.387957, var=[1.0, 1.0, 1.0]), 52.04197045927178, GPS(-43.520600, 172.583000, 0.000000, var=[-1.0, -1.0, -1.0])
14:30:09:117024, 2, 4, 1632706209.11691, 57, GPS(-43.520509, 172.583129, 21.383011, var=[1.0, 1.0, 1.0]), 52.21900123842755, GPS(-43.520600, 172.583000, 0.000000, var=[-1.0, -1.0, -1.0])
14:30:09:118986, 2, 4, 1632706209.1170382, 58, GPS(-43.520509, 172.583129, 21.383011, var=[1.0, 1.0, 1.0]), 52.21900123842755, GPS(-43.520600, 172.583000, 0.000000, var=[-1.0, -1.0, -1.0])
14:30:09:121091, 4, 4, 1632706209.116985, 67, GPS(-43.520690, 172.583124, 21.397722, var=[1.0, 1.0, 1.0]), 52.032365750174435, GPS(-43.520600, 172.583000, 0.000000, var=[-1.0, -1.0, -1.0])
14:30:09:121927, 3, 4, 1632706209.1169894, 67, GPS(-43.520690, 172.582876, 21.408670, var=[1.0, 1.0, 1.0]), 52.05763767866377, GPS(-43.520600, 172.583000, 0.000000, var=[-1.0, -1.0, -1.0])
14:30:09:122971, 1, 4, 1632706209.1170084, 63, GPS(-43.520510, 172.582875, 21.387957, var=[1.0, 1.0, 1.0]), 52.04197045927178, GPS(-43.520600, 172.583000, 0.000000, var=[-1.0, -1.0, -1.0])
14:30:10:117179, 3, 4, 1632706210.1170328, 68, GPS(-43.520690, 172.582876, 21.422670, var=[1.0, 1.0, 1.0]), 52.064994511166965, GPS(-43.520600, 172.583000, 0.000000, var=[-1.0, -1.0, -1.0])
14:30:10:118334, 3, 4, 1632706210.1182256, 69, GPS(-43.520690, 172.582876, 21.422670, var=[1.0, 1.0, 1.0]), 52.064994511166965, GPS(-43.520600, 172.583000, 0.000000, var=[-1.0, -1.0, -1.0])
14:30:10:119229, 4, 4, 1632706210.1177216, 68, GPS(-43.520690, 172.583124, 21.404722, var=[1.0, 1.0, 1.0]), 52.046874693921914, GPS(-43.520600, 172.583000, 0.000000, var=[-1.0, -1.0, -1.0])
14:30:10:120356, 2, 4, 1632706210.1182187, 59, GPS(-43.520509, 172.583128, 21.386011, var=[1.0, 1.0, 1.0]), 52.22261223680641, GPS(-43.520600, 172.583000, 0.000000, var=[-1.0, -1.0, -1.0])
14:30:10:122332, 1, 4, 1632706210.1182485, 64, GPS(-43.520511, 172.582875, 21.406956, var=[1.0, 1.0, 1.0]), 52.050352296659256, GPS(-43.520600, 172.583000, 0.000000, var=[-1.0, -1.0, -1.0])
14:30:10:123652, 4, 4, 1632706210.118205, 69, GPS(-43.520690, 172.583124, 21.404722, var=[1.0, 1.0, 1.0]), 52.046874693921914, GPS(-43.520600, 172.583000, 0.000000, var=[-1.0, -1.0, -1.0])
14:30:11:118752, 1, 4, 1632706211.1186154, 65, GPS(-43.520511, 172.582876, 21.405956, var=[1.0, 1.0, 1.0]), 52.05534639698193, GPS(-43.520600, 172.583000, 0.000000, var=[-1.0, -1.0, -1.0])
14:30:11:119693, 3, 4, 1632706211.119075, 70, GPS(-43.520690, 172.582876, 21.435670, var=[1.0, 1.0, 1.0]), 52.08168863796716, GPS(-43.520600, 172.583000, 0.000000, var=[-1.0, -1.0, -1.0])
14:30:11:120698, 2, 4, 1632706211.118797, 60, GPS(-43.520509, 172.583128, 21.405011, var=[1.0, 1.0, 1.0]), 52.24733143536188, GPS(-43.520600, 172.583000, 0.000000, var=[-1.0, -1.0, -1.0])
14:30:11:122352, 4, 4, 1632706211.119869, 70, GPS(-43.520690, 172.583124, 21.409722, var=[1.0, 1.0, 1.0]), 52.064366060223925, GPS(-43.520600, 172.583000, 0.000000, var=[-1.0, -1.0, -1.0])
14:30:11:123183, 1, 4, 1632706211.1214614, 66, GPS(-43.520511, 172.582876, 21.405956, var=[1.0, 1.0, 1.0]), 52.05534639698193, GPS(-43.520600, 172.583000, 0.000000, var=[-1.0, -1.0, -1.0])
14:30:11:123966, 3, 4, 1632706211.1214256, 71, GPS(-43.520690, 172.582876, 21.435670, var=[1.0, 1.0, 1.0]), 52.08168863796716, GPS(-43.520600, 172.583000, 0.000000, var=[-1.0, -1.0, -1.0])
14:30:11:124977, 2, 4, 1632706211.1214533, 61, GPS(-43.520509, 172.583128, 21.405011, var=[1.0, 1.0, 1.0]), 52.24733143536188, GPS(-43.520600, 172.583000, 0.000000, var=[-1.0, -1.0, -1.0])
14:30:11:129155, 4, 4, 1632706211.1214592, 71, GPS(-43.520690, 172.583124, 21.409722, var=[1.0, 1.0, 1.0]), 52.064366060223925, GPS(-43.520600, 172.583000, 0.000000, var=[-1.0, -1.0, -1.0])
14:30:12:122736, 3, 4, 1632706212.1217031, 72, GPS(-43.520690, 172.582876, 21.453670, var=[1.0, 1.0, 1.0]), 52.10339130262113, GPS(-43.520600, 172.583000, 0.000000, var=[-1.0, -1.0, -1.0])
14:30:12:123472, 2, 4, 1632706212.1217146, 62, GPS(-43.520509, 172.583128, 21.423011, var=[1.0, 1.0, 1.0]), 52.2751873584819, GPS(-43.520600, 172.583000, 0.000000, var=[-1.0, -1.0, -1.0])
14:30:12:125699, 4, 4, 1632706212.1217172, 72, GPS(-43.520690, 172.583124, 21.426722, var=[1.0, 1.0, 1.0]), 52.08912335017452, GPS(-43.520600, 172.583000, 0.000000, var=[-1.0, -1.0, -1.0])
14:30:12:126644, 1, 4, 1632706212.121735, 67, GPS(-43.520510, 172.582876, 21.419957, var=[1.0, 1.0, 1.0]), 52.08113770420351, GPS(-43.520600, 172.583000, 0.000000, var=[-1.0, -1.0, -1.0])
14:30:13:122424, 1, 4, 1632706213.122243, 68, GPS(-43.520510, 172.582876, 21.433957, var=[1.0, 1.0, 1.0]), 52.12833862747294, GPS(-43.520600, 172.583000, 0.000000, var=[-1.0, -1.0, -1.0])
14:30:13:123753, 3, 4, 1632706213.1235948, 73, GPS(-43.520690, 172.582876, 21.456670, var=[1.0, 1.0, 1.0]), 52.1166957012708, GPS(-43.520600, 172.583000, 0.000000, var=[-1.0, -1.0, -1.0])
14:30:13:125194, 2, 4, 1632706213.1237612, 63, GPS(-43.520509, 172.583129, 21.439012, var=[1.0, 1.0, 1.0]), 52.32928176177764, GPS(-43.520600, 172.583000, 0.000000, var=[-1.0, -1.0, -1.0])
14:30:13:128018, 4, 4, 1632706213.1237524, 73, GPS(-43.520690, 172.583124, 21.443722, var=[1.0, 1.0, 1.0]), 52.13216344431649, GPS(-43.520600, 172.583000, 0.000000, var=[-1.0, -1.0, -1.0])
14:30:13:129661, 3, 4, 1632706213.1253436, 74, GPS(-43.520690, 172.582876, 21.456670, var=[1.0, 1.0, 1.0]), 52.1166957012708, GPS(-43.520600, 172.583000, 0.000000, var=[-1.0, -1.0, -1.0])
14:30:13:130989, 1, 4, 1632706213.1254096, 69, GPS(-43.520510, 172.582876, 21.433957, var=[1.0, 1.0, 1.0]), 52.12833862747294, GPS(-43.520600, 172.583000, 0.000000, var=[-1.0, -1.0, -1.0])
14:30:13:132237, 2, 4, 1632706213.1253712, 64, GPS(-43.520509, 172.583129, 21.439012, var=[1.0, 1.0, 1.0]), 52.32928176177764, GPS(-43.520600, 172.583000, 0.000000, var=[-1.0, -1.0, -1.0])
14:30:13:135142, 4, 4, 1632706213.125378, 74, GPS(-43.520690, 172.583124, 21.443722, var=[1.0, 1.0, 1.0]), 52.13216344431649, GPS(-43.520600, 172.583000, 0.000000, var=[-1.0, -1.0, -1.0])
14:30:14:126609, 3, 4, 1632706214.1264048, 75, GPS(-43.520690, 172.582876, 21.466670, var=[1.0, 1.0, 1.0]), 52.12800583135713, GPS(-43.520600, 172.583000, 0.000000, var=[-1.0, -1.0, -1.0])
14:30:14:127971, 3, 4, 1632706214.1269517, 76, GPS(-43.520690, 172.582876, 21.466670, var=[1.0, 1.0, 1.0]), 52.12800583135713, GPS(-43.520600, 172.583000, 0.000000, var=[-1.0, -1.0, -1.0])
14:30:14:128864, 1, 4, 1632706214.1267674, 70, GPS(-43.520510, 172.582876, 21.454957, var=[1.0, 1.0, 1.0]), 52.13821454770586, GPS(-43.520600, 172.583000, 0.000000, var=[-1.0, -1.0, -1.0])
14:30:14:130000, 2, 4, 1632706214.1268852, 65, GPS(-43.520509, 172.583129, 21.450012, var=[1.0, 1.0, 1.0]), 52.34781219479266, GPS(-43.520600, 172.583000, 0.000000, var=[-1.0, -1.0, -1.0])
14:30:14:131968, 4, 4, 1632706214.127014, 75, GPS(-43.520690, 172.583124, 21.464722, var=[1.0, 1.0, 1.0]), 52.15579385185599, GPS(-43.520600, 172.583000, 0.000000, var=[-1.0, -1.0, -1.0])
14:30:14:132968, 2, 4, 1632706214.1270278, 66, GPS(-43.520509, 172.583129, 21.450012, var=[1.0, 1.0, 1.0]), 52.34781219479266, GPS(-43.520600, 172.583000, 0.000000, var=[-1.0, -1.0, -1.0])
14:30:14:135806, 1, 4, 1632706214.1271086, 71, GPS(-43.520510, 172.582876, 21.454957, var=[1.0, 1.0, 1.0]), 52.13821454770586, GPS(-43.520600, 172.583000, 0.000000, var=[-1.0, -1.0, -1.0])
14:30:15:127486, 3, 4, 1632706215.1273336, 77, GPS(-43.520690, 172.582876, 21.481670, var=[1.0, 1.0, 1.0]), 52.14879063341917, GPS(-43.520600, 172.583000, 0.000000, var=[-1.0, -1.0, -1.0])
14:30:15:128624, 2, 4, 1632706215.1273339, 67, GPS(-43.520509, 172.583129, 21.457012, var=[1.0, 1.0, 1.0]), 52.35643029549997, GPS(-43.520600, 172.583000, 0.000000, var=[-1.0, -1.0, -1.0])
14:30:15:130594, 4, 4, 1632706215.1281083, 76, GPS(-43.520690, 172.583124, 21.484722, var=[1.0, 1.0, 1.0]), 52.18073939410121, GPS(-43.520600, 172.583000, 0.000000, var=[-1.0, -1.0, -1.0])
14:30:15:131453, 1, 4, 1632706215.128788, 72, GPS(-43.520510, 172.582876, 21.468957, var=[1.0, 1.0, 1.0]), 52.15383814731351, GPS(-43.520600, 172.583000, 0.000000, var=[-1.0, -1.0, -1.0])
14:30:15:159159, 3, 4, 1632706215.159033, 78, GPS(-43.520690, 172.582876, 21.482670, var=[1.0, 1.0, 1.0]), 52.17162638432853, GPS(-43.520600, 172.583000, 0.000000, var=[-1.0, -1.0, -1.0])
14:30:15:161459, 2, 4, 1632706215.161337, 68, GPS(-43.520509, 172.583129, 21.458012, var=[1.0, 1.0, 1.0]), 52.37925839327443, GPS(-43.520600, 172.583000, 0.000000, var=[-1.0, -1.0, -1.0])
14:30:15:201110, 1, 4, 1632706215.2009475, 73, GPS(-43.520510, 172.582876, 21.470957, var=[1.0, 1.0, 1.0]), 52.17750860261401, GPS(-43.520600, 172.583000, 0.000000, var=[-1.0, -1.0, -1.0])
14:30:15:202806, 4, 4, 1632706215.2025676, 77, GPS(-43.520690, 172.583124, 21.484722, var=[1.0, 1.0, 1.0]), 52.202739134687036, GPS(-43.520600, 172.583000, 0.000000, var=[-1.0, -1.0, -1.0])
14:30:16:160373, 3, 4, 1632706216.1602407, 79, GPS(-43.520690, 172.582876, 21.480670, var=[1.0, 1.0, 1.0]), 52.178594981356305, GPS(-43.520600, 172.583000, 0.000000, var=[-1.0, -1.0, -1.0])
14:30:16:163024, 2, 4, 1632706216.1628973, 69, GPS(-43.520509, 172.583129, 21.480011, var=[1.0, 1.0, 1.0]), 52.393146726034104, GPS(-43.520600, 172.583000, 0.000000, var=[-1.0, -1.0, -1.0])
14:30:16:164912, 2, 4, 1632706216.1632304, 70, GPS(-43.520509, 172.583129, 21.480011, var=[1.0, 1.0, 1.0]), 52.393146726034104, GPS(-43.520600, 172.583000, 0.000000, var=[-1.0, -1.0, -1.0])
14:30:16:167836, 3, 4, 1632706216.1632445, 80, GPS(-43.520690, 172.582876, 21.480670, var=[1.0, 1.0, 1.0]), 52.178594981356305, GPS(-43.520600, 172.583000, 0.000000, var=[-1.0, -1.0, -1.0])
14:30:16:169353, 4, 4, 1632706216.1632564, 78, GPS(-43.520690, 172.583125, 21.496722, var=[1.0, 1.0, 1.0]), 52.21904994409955, GPS(-43.520600, 172.583000, 0.000000, var=[-1.0, -1.0, -1.0])
14:30:16:170457, 1, 4, 1632706216.1632838, 74, GPS(-43.520510, 172.582876, 21.488957, var=[1.0, 1.0, 1.0]), 52.19137528266298, GPS(-43.520600, 172.583000, 0.000000, var=[-1.0, -1.0, -1.0])
14:30:17:163917, 4, 4, 1632706217.1637728, 79, GPS(-43.520690, 172.583124, 21.490722, var=[1.0, 1.0, 1.0]), 52.22920994770443, GPS(-43.520600, 172.583000, 0.000000, var=[-1.0, -1.0, -1.0])
14:30:17:165021, 4, 4, 1632706217.1642964, 80, GPS(-43.520690, 172.583124, 21.490722, var=[1.0, 1.0, 1.0]), 52.22920994770443, GPS(-43.520600, 172.583000, 0.000000, var=[-1.0, -1.0, -1.0])
14:30:17:165738, 2, 4, 1632706217.163831, 71, GPS(-43.520509, 172.583129, 21.498011, var=[1.0, 1.0, 1.0]), 52.418833449347076, GPS(-43.520600, 172.583000, 0.000000, var=[-1.0, -1.0, -1.0])
14:30:17:167982, 3, 4, 1632706217.1642926, 81, GPS(-43.520690, 172.582876, 21.496670, var=[1.0, 1.0, 1.0]), 52.213417091234966, GPS(-43.520600, 172.583000, 0.000000, var=[-1.0, -1.0, -1.0])
14:30:17:169005, 1, 4, 1632706217.164322, 75, GPS(-43.520511, 172.582876, 21.485956, var=[1.0, 1.0, 1.0]), 52.19425952319168, GPS(-43.520600, 172.583000, 0.000000, var=[-1.0, -1.0, -1.0])
14:30:17:170656, 2, 4, 1632706217.1642892, 72, GPS(-43.520509, 172.583129, 21.498011, var=[1.0, 1.0, 1.0]), 52.418833449347076, GPS(-43.520600, 172.583000, 0.000000, var=[-1.0, -1.0, -1.0])
14:30:18:165512, 4, 4, 1632706218.1653762, 81, GPS(-43.520690, 172.583124, 21.505722, var=[1.0, 1.0, 1.0]), 52.24380463527699, GPS(-43.520600, 172.583000, 0.000000, var=[-1.0, -1.0, -1.0])
14:30:18:166930, 3, 4, 1632706218.1661332, 82, GPS(-43.520690, 172.582876, 21.500670, var=[1.0, 1.0, 1.0]), 52.21882947685562, GPS(-43.520600, 172.583000, 0.000000, var=[-1.0, -1.0, -1.0])
14:30:18:167956, 1, 4, 1632706218.165822, 76, GPS(-43.520511, 172.582876, 21.492956, var=[1.0, 1.0, 1.0]), 52.20218051590065, GPS(-43.520600, 172.583000, 0.000000, var=[-1.0, -1.0, -1.0])
14:30:18:168721, 2, 4, 1632706218.1661382, 73, GPS(-43.520509, 172.583129, 21.501011, var=[1.0, 1.0, 1.0]), 52.42339043303961, GPS(-43.520600, 172.583000, 0.000000, var=[-1.0, -1.0, -1.0])
14:30:18:171187, 4, 4, 1632706218.1671364, 82, GPS(-43.520690, 172.583124, 21.505722, var=[1.0, 1.0, 1.0]), 52.24380463527699, GPS(-43.520600, 172.583000, 0.000000, var=[-1.0, -1.0, -1.0])
14:30:18:172684, 3, 4, 1632706218.1671124, 83, GPS(-43.520690, 172.582876, 21.500670, var=[1.0, 1.0, 1.0]), 52.21882947685562, GPS(-43.520600, 172.583000, 0.000000, var=[-1.0, -1.0, -1.0])
14:30:18:174249, 1, 4, 1632706218.1671698, 77, GPS(-43.520511, 172.582876, 21.492956, var=[1.0, 1.0, 1.0]), 52.20218051590065, GPS(-43.520600, 172.583000, 0.000000, var=[-1.0, -1.0, -1.0])
14:30:18:176271, 2, 4, 1632706218.1671286, 74, GPS(-43.520509, 172.583129, 21.501011, var=[1.0, 1.0, 1.0]), 52.42339043303961, GPS(-43.520600, 172.583000, 0.000000, var=[-1.0, -1.0, -1.0])
14:30:19:167498, 1, 4, 1632706219.16735, 78, GPS(-43.520511, 172.582876, 21.500956, var=[1.0, 1.0, 1.0]), 52.21803241503844, GPS(-43.520600, 172.583000, 0.000000, var=[-1.0, -1.0, -1.0])
14:30:19:168867, 3, 4, 1632706219.1680965, 84, GPS(-43.520690, 172.582876, 21.509670, var=[1.0, 1.0, 1.0]), 52.2292506493003, GPS(-43.520600, 172.583000, 0.000000, var=[-1.0, -1.0, -1.0])
14:30:19:169747, 2, 4, 1632706219.1674473, 75, GPS(-43.520509, 172.583129, 21.509011, var=[1.0, 1.0, 1.0]), 52.43604702015675, GPS(-43.520600, 172.583000, 0.000000, var=[-1.0, -1.0, -1.0])
14:30:19:171418, 4, 4, 1632706219.1689415, 83, GPS(-43.520690, 172.583124, 21.514722, var=[1.0, 1.0, 1.0]), 52.251064182296254, GPS(-43.520600, 172.583000, 0.000000, var=[-1.0, -1.0, -1.0])
14:30:19:172457, 1, 4, 1632706219.1697726, 79, GPS(-43.520511, 172.582876, 21.500956, var=[1.0, 1.0, 1.0]), 52.21803241503844, GPS(-43.520600, 172.583000, 0.000000, var=[-1.0, -1.0, -1.0])
14:30:19:173395, 3, 4, 1632706219.1697311, 85, GPS(-43.520690, 172.582876, 21.509670, var=[1.0, 1.0, 1.0]), 52.2292506493003, GPS(-43.520600, 172.583000, 0.000000, var=[-1.0, -1.0, -1.0])
14:30:19:174277, 2, 4, 1632706219.169745, 76, GPS(-43.520509, 172.583129, 21.510011, var=[1.0, 1.0, 1.0]), 52.43687624756056, GPS(-43.520600, 172.583000, 0.000000, var=[-1.0, -1.0, -1.0])
14:30:19:177244, 4, 4, 1632706219.1697474, 84, GPS(-43.520690, 172.583124, 21.514722, var=[1.0, 1.0, 1.0]), 52.251064182296254, GPS(-43.520600, 172.583000, 0.000000, var=[-1.0, -1.0, -1.0])
14:30:20:170270, 1, 4, 1632706220.1701407, 80, GPS(-43.520511, 172.582876, 21.517956, var=[1.0, 1.0, 1.0]), 52.24027511579453, GPS(-43.520600, 172.583000, 0.000000, var=[-1.0, -1.0, -1.0])
14:30:20:171388, 1, 4, 1632706220.1706996, 81, GPS(-43.520511, 172.582876, 21.517956, var=[1.0, 1.0, 1.0]), 52.24027511579453, GPS(-43.520600, 172.583000, 0.000000, var=[-1.0, -1.0, -1.0])
14:30:20:172496, 2, 4, 1632706220.1705825, 77, GPS(-43.520509, 172.583129, 21.521011, var=[1.0, 1.0, 1.0]), 52.442144320903644, GPS(-43.520600, 172.583000, 0.000000, var=[-1.0, -1.0, -1.0])
14:30:20:174639, 3, 4, 1632706220.1706688, 86, GPS(-43.520690, 172.582876, 21.523670, var=[1.0, 1.0, 1.0]), 52.260759008203536, GPS(-43.520600, 172.583000, 0.000000, var=[-1.0, -1.0, -1.0])
14:30:20:175401, 4, 4, 1632706220.1706848, 85, GPS(-43.520690, 172.583124, 21.525721, var=[1.0, 1.0, 1.0]), 52.284382068696715, GPS(-43.520600, 172.583000, 0.000000, var=[-1.0, -1.0, -1.0])
14:30:20:176452, 2, 4, 1632706220.1707277, 78, GPS(-43.520509, 172.583129, 21.521011, var=[1.0, 1.0, 1.0]), 52.442144320903644, GPS(-43.520600, 172.583000, 0.000000, var=[-1.0, -1.0, -1.0])
14:30:21:171357, 3, 4, 1632706221.171233, 87, GPS(-43.520690, 172.582876, 21.522669, var=[1.0, 1.0, 1.0]), 52.286292480025885, GPS(-43.520600, 172.583000, 0.000000, var=[-1.0, -1.0, -1.0])
14:30:21:172538, 2, 4, 1632706221.1722481, 79, GPS(-43.520509, 172.583129, 21.540011, var=[1.0, 1.0, 1.0]), 52.4756293617881, GPS(-43.520600, 172.583000, 0.000000, var=[-1.0, -1.0, -1.0])
14:30:21:174528, 1, 4, 1632706221.1725686, 82, GPS(-43.520511, 172.582876, 21.534956, var=[1.0, 1.0, 1.0]), 52.264811951976, GPS(-43.520600, 172.583000, 0.000000, var=[-1.0, -1.0, -1.0])
14:30:21:175407, 4, 4, 1632706221.1725607, 86, GPS(-43.520690, 172.583124, 21.539721, var=[1.0, 1.0, 1.0]), 52.32557278902139, GPS(-43.520600, 172.583000, 0.000000, var=[-1.0, -1.0, -1.0])
14:30:21:199172, 2, 4, 1632706221.198993, 80, GPS(-43.520509, 172.583129, 21.540011, var=[1.0, 1.0, 1.0]), 52.50267323972815, GPS(-43.520600, 172.583000, 0.000000, var=[-1.0, -1.0, -1.0])
14:30:21:202691, 3, 4, 1632706221.2005901, 88, GPS(-43.520690, 172.582876, 21.521669, var=[1.0, 1.0, 1.0]), 52.31250082348875, GPS(-43.520600, 172.583000, 0.000000, var=[-1.0, -1.0, -1.0])
14:30:21:238621, 1, 4, 1632706221.2383435, 83, GPS(-43.520511, 172.582876, 21.535956, var=[1.0, 1.0, 1.0]), 52.29055643943971, GPS(-43.520600, 172.583000, 0.000000, var=[-1.0, -1.0, -1.0])
14:30:21:245772, 4, 4, 1632706221.2456546, 87, GPS(-43.520690, 172.583124, 21.541721, var=[1.0, 1.0, 1.0]), 52.35528652923496, GPS(-43.520600, 172.583000, 0.000000, var=[-1.0, -1.0, -1.0])
14:30:22:199766, 2, 4, 1632706222.199602, 81, GPS(-43.520510, 172.583129, 21.549011, var=[1.0, 1.0, 1.0]), 52.50360515742129, GPS(-43.520600, 172.583000, 0.000000, var=[-1.0, -1.0, -1.0])
14:30:22:225163, 4, 4, 1632706222.2249389, 88, GPS(-43.520691, 172.583124, 21.540721, var=[1.0, 1.0, 1.0]), 52.34929361846493, GPS(-43.520600, 172.583000, 0.000000, var=[-1.0, -1.0, -1.0])
14:30:22:227378, 2, 4, 1632706222.2272656, 82, GPS(-43.520510, 172.583129, 21.549011, var=[1.0, 1.0, 1.0]), 52.48978401509051, GPS(-43.520600, 172.583000, 0.000000, var=[-1.0, -1.0, -1.0])
14:30:22:241550, 3, 4, 1632706222.2409332, 89, GPS(-43.520691, 172.582876, 21.531669, var=[1.0, 1.0, 1.0]), 52.316709667326535, GPS(-43.520600, 172.583000, 0.000000, var=[-1.0, -1.0, -1.0])
14:30:22:261241, 1, 4, 1632706222.261097, 84, GPS(-43.520511, 172.582876, 21.530956, var=[1.0, 1.0, 1.0]), 52.26812432421558, GPS(-43.520600, 172.583000, 0.000000, var=[-1.0, -1.0, -1.0])
14:30:22:276830, 3, 4, 1632706222.2764204, 90, GPS(-43.520691, 172.582876, 21.530669, var=[1.0, 1.0, 1.0]), 52.3168742824551, GPS(-43.520600, 172.583000, 0.000000, var=[-1.0, -1.0, -1.0])
14:30:23:227031, 4, 4, 1632706223.2268634, 89, GPS(-43.520691, 172.583124, 21.547721, var=[1.0, 1.0, 1.0]), 52.36047320630614, GPS(-43.520600, 172.583000, 0.000000, var=[-1.0, -1.0, -1.0])
14:30:23:229492, 2, 4, 1632706223.2282846, 83, GPS(-43.520510, 172.583129, 21.559010, var=[1.0, 1.0, 1.0]), 52.49047515301277, GPS(-43.520600, 172.583000, 0.000000, var=[-1.0, -1.0, -1.0])
14:30:23:231292, 3, 4, 1632706223.2283418, 91, GPS(-43.520691, 172.582876, 21.563669, var=[1.0, 1.0, 1.0]), 52.348785968448915, GPS(-43.520600, 172.583000, 0.000000, var=[-1.0, -1.0, -1.0])
14:30:23:231966, 4, 4, 1632706223.2283525, 90, GPS(-43.520691, 172.583124, 21.547721, var=[1.0, 1.0, 1.0]), 52.36047320630614, GPS(-43.520600, 172.583000, 0.000000, var=[-1.0, -1.0, -1.0])
14:30:23:232577, 1, 4, 1632706223.228374, 85, GPS(-43.520511, 172.582876, 21.543955, var=[1.0, 1.0, 1.0]), 52.28101190323159, GPS(-43.520600, 172.583000, 0.000000, var=[-1.0, -1.0, -1.0])
14:30:23:233776, 2, 4, 1632706223.2284136, 84, GPS(-43.520510, 172.583129, 21.559010, var=[1.0, 1.0, 1.0]), 52.49047515301277, GPS(-43.520600, 172.583000, 0.000000, var=[-1.0, -1.0, -1.0])
14:30:24:228798, 3, 4, 1632706224.228596, 92, GPS(-43.520691, 172.582876, 21.554669, var=[1.0, 1.0, 1.0]), 52.35553778045377, GPS(-43.520600, 172.583000, 0.000000, var=[-1.0, -1.0, -1.0])
14:30:24:230952, 4, 4, 1632706224.2294931, 91, GPS(-43.520691, 172.583124, 21.545721, var=[1.0, 1.0, 1.0]), 52.36682326235365, GPS(-43.520600, 172.583000, 0.000000, var=[-1.0, -1.0, -1.0])
14:30:24:232485, 2, 4, 1632706224.2287288, 85, GPS(-43.520510, 172.583129, 21.560010, var=[1.0, 1.0, 1.0]), 52.50138473736044, GPS(-43.520600, 172.583000, 0.000000, var=[-1.0, -1.0, -1.0])
14:30:24:235834, 1, 4, 1632706224.2292912, 86, GPS(-43.520511, 172.582876, 21.551955, var=[1.0, 1.0, 1.0]), 52.29459440370751, GPS(-43.520600, 172.583000, 0.000000, var=[-1.0, -1.0, -1.0])
14:30:24:237045, 3, 4, 1632706224.231026, 93, GPS(-43.520691, 172.582876, 21.554669, var=[1.0, 1.0, 1.0]), 52.35553778045377, GPS(-43.520600, 172.583000, 0.000000, var=[-1.0, -1.0, -1.0])
14:30:24:238066, 4, 4, 1632706224.2307694, 92, GPS(-43.520691, 172.583124, 21.545721, var=[1.0, 1.0, 1.0]), 52.36682326235365, GPS(-43.520600, 172.583000, 0.000000, var=[-1.0, -1.0, -1.0])
14:30:24:239362, 2, 4, 1632706224.2307668, 86, GPS(-43.520510, 172.583129, 21.561010, var=[1.0, 1.0, 1.0]), 52.50221564590926, GPS(-43.520600, 172.583000, 0.000000, var=[-1.0, -1.0, -1.0])
14:30:24:242257, 1, 4, 1632706224.2308192, 87, GPS(-43.520511, 172.582876, 21.551955, var=[1.0, 1.0, 1.0]), 52.29459440370751, GPS(-43.520600, 172.583000, 0.000000, var=[-1.0, -1.0, -1.0])
14:30:25:231052, 1, 4, 1632706225.2309282, 88, GPS(-43.520511, 172.582876, 21.548955, var=[1.0, 1.0, 1.0]), 52.29329136664545, GPS(-43.520600, 172.583000, 0.000000, var=[-1.0, -1.0, -1.0])
14:30:25:232027, 3, 4, 1632706225.2316782, 94, GPS(-43.520690, 172.582876, 21.545669, var=[1.0, 1.0, 1.0]), 52.3394237709534, GPS(-43.520600, 172.583000, 0.000000, var=[-1.0, -1.0, -1.0])
14:30:25:232741, 2, 4, 1632706225.2316325, 87, GPS(-43.520510, 172.583129, 21.549010, var=[1.0, 1.0, 1.0]), 52.48909963299366, GPS(-43.520600, 172.583000, 0.000000, var=[-1.0, -1.0, -1.0])
14:30:25:234416, 4, 4, 1632706225.2322288, 93, GPS(-43.520690, 172.583124, 21.548721, var=[1.0, 1.0, 1.0]), 52.36073856774811, GPS(-43.520600, 172.583000, 0.000000, var=[-1.0, -1.0, -1.0])
14:30:25:259454, 4, 4, 1632706225.259198, 94, GPS(-43.520690, 172.583124, 21.550721, var=[1.0, 1.0, 1.0]), 52.35729927667453, GPS(-43.520600, 172.583000, 0.000000, var=[-1.0, -1.0, -1.0])
14:30:25:264922, 2, 4, 1632706225.2647955, 88, GPS(-43.520510, 172.583129, 21.548010, var=[1.0, 1.0, 1.0]), 52.48315945755689, GPS(-43.520600, 172.583000, 0.000000, var=[-1.0, -1.0, -1.0])
14:30:25:267723, 1, 4, 1632706225.265318, 89, GPS(-43.520511, 172.582876, 21.548955, var=[1.0, 1.0, 1.0]), 52.28818205987861, GPS(-43.520600, 172.583000, 0.000000, var=[-1.0, -1.0, -1.0])
14:30:25:303173, 3, 4, 1632706225.3030567, 95, GPS(-43.520690, 172.582876, 21.549669, var=[1.0, 1.0, 1.0]), 52.33765682973012, GPS(-43.520600, 172.583000, 0.000000, var=[-1.0, -1.0, -1.0])
14:30:26:261191, 4, 4, 1632706226.2607687, 95, GPS(-43.520690, 172.583124, 21.550721, var=[1.0, 1.0, 1.0]), 52.345512315604964, GPS(-43.520600, 172.583000, 0.000000, var=[-1.0, -1.0, -1.0])
14:30:26:267639, 1, 4, 1632706226.2664535, 90, GPS(-43.520511, 172.582876, 21.544956, var=[1.0, 1.0, 1.0]), 52.29024596491151, GPS(-43.520600, 172.583000, 0.000000, var=[-1.0, -1.0, -1.0])
14:30:26:268773, 3, 4, 1632706226.266467, 96, GPS(-43.520690, 172.582876, 21.555669, var=[1.0, 1.0, 1.0]), 52.33401252218169, GPS(-43.520600, 172.583000, 0.000000, var=[-1.0, -1.0, -1.0])
14:30:26:269766, 2, 4, 1632706226.2664785, 89, GPS(-43.520510, 172.583129, 21.551010, var=[1.0, 1.0, 1.0]), 52.48995414727839, GPS(-43.520600, 172.583000, 0.000000, var=[-1.0, -1.0, -1.0])
14:30:26:272211, 4, 4, 1632706226.2664874, 96, GPS(-43.520690, 172.583124, 21.550721, var=[1.0, 1.0, 1.0]), 52.345512315604964, GPS(-43.520600, 172.583000, 0.000000, var=[-1.0, -1.0, -1.0])
14:30:26:273277, 1, 4, 1632706226.2666245, 91, GPS(-43.520511, 172.582876, 21.544956, var=[1.0, 1.0, 1.0]), 52.29024596491151, GPS(-43.520600, 172.583000, 0.000000, var=[-1.0, -1.0, -1.0])
14:30:27:267470, 4, 4, 1632706227.2673447, 97, GPS(-43.520690, 172.583124, 21.558721, var=[1.0, 1.0, 1.0]), 52.35844317959566, GPS(-43.520600, 172.583000, 0.000000, var=[-1.0, -1.0, -1.0])
14:30:27:268474, 3, 4, 1632706227.2682295, 97, GPS(-43.520690, 172.582876, 21.545670, var=[1.0, 1.0, 1.0]), 52.32013049412221, GPS(-43.520600, 172.583000, 0.000000, var=[-1.0, -1.0, -1.0])
14:30:27:269214, 1, 4, 1632706227.2674334, 92, GPS(-43.520511, 172.582876, 21.551956, var=[1.0, 1.0, 1.0]), 52.30116543040309, GPS(-43.520600, 172.583000, 0.000000, var=[-1.0, -1.0, -1.0])
14:30:27:270121, 2, 4, 1632706227.2684898, 90, GPS(-43.520510, 172.583129, 21.561011, var=[1.0, 1.0, 1.0]), 52.50557682684632, GPS(-43.520600, 172.583000, 0.000000, var=[-1.0, -1.0, -1.0])
14:30:27:272821, 3, 4, 1632706227.271321, 98, GPS(-43.520690, 172.582876, 21.545670, var=[1.0, 1.0, 1.0]), 52.32013049412221, GPS(-43.520600, 172.583000, 0.000000, var=[-1.0, -1.0, -1.0])
14:30:27:273665, 1, 4, 1632706227.271341, 93, GPS(-43.520511, 172.582876, 21.551956, var=[1.0, 1.0, 1.0]), 52.30116543040309, GPS(-43.520600, 172.583000, 0.000000, var=[-1.0, -1.0, -1.0])
14:30:27:274353, 2, 4, 1632706227.271325, 91, GPS(-43.520510, 172.583129, 21.560011, var=[1.0, 1.0, 1.0]), 52.50474612528302, GPS(-43.520600, 172.583000, 0.000000, var=[-1.0, -1.0, -1.0])
14:30:27:276221, 4, 4, 1632706227.2713296, 98, GPS(-43.520690, 172.583124, 21.558721, var=[1.0, 1.0, 1.0]), 52.35844317959566, GPS(-43.520600, 172.583000, 0.000000, var=[-1.0, -1.0, -1.0])
14:30:28:272934, 3, 4, 1632706228.2717998, 99, GPS(-43.520690, 172.582876, 21.537670, var=[1.0, 1.0, 1.0]), 52.30000816509422, GPS(-43.520600, 172.583000, 0.000000, var=[-1.0, -1.0, -1.0])
14:30:28:273641, 2, 4, 1632706228.2718382, 92, GPS(-43.520509, 172.583129, 21.549011, var=[1.0, 1.0, 1.0]), 52.48888061307524, GPS(-43.520600, 172.583000, 0.000000, var=[-1.0, -1.0, -1.0])
14:30:28:275588, 4, 4, 1632706228.2718475, 99, GPS(-43.520690, 172.583124, 21.537721, var=[1.0, 1.0, 1.0]), 52.32239991360481, GPS(-43.520600, 172.583000, 0.000000, var=[-1.0, -1.0, -1.0])
14:30:28:276518, 1, 4, 1632706228.2718642, 94, GPS(-43.520511, 172.582876, 21.532956, var=[1.0, 1.0, 1.0]), 52.28593217702432, GPS(-43.520600, 172.583000, 0.000000, var=[-1.0, -1.0, -1.0])
14:30:28:277302, 3, 4, 1632706228.271981, 100, GPS(-43.520690, 172.582876, 21.537670, var=[1.0, 1.0, 1.0]), 52.30000816509422, GPS(-43.520600, 172.583000, 0.000000, var=[-1.0, -1.0, -1.0])
14:30:29:272628, 2, 4, 1632706229.272484, 93, GPS(-43.520509, 172.583129, 21.529011, var=[1.0, 1.0, 1.0]), 52.47637626048942, GPS(-43.520600, 172.583000, 0.000000, var=[-1.0, -1.0, -1.0])
14:30:29:275315, 4, 4, 1632706229.2725008, 100, GPS(-43.520690, 172.583124, 21.535722, var=[1.0, 1.0, 1.0]), 52.289408288751844, GPS(-43.520600, 172.583000, 0.000000, var=[-1.0, -1.0, -1.0])
14:30:29:276152, 1, 4, 1632706229.2733457, 95, GPS(-43.520511, 172.582875, 21.534956, var=[1.0, 1.0, 1.0]), 52.28922718688415, GPS(-43.520600, 172.583000, 0.000000, var=[-1.0, -1.0, -1.0])
14:30:29:276806, 3, 4, 1632706229.2737517, 101, GPS(-43.520690, 172.582876, 21.520670, var=[1.0, 1.0, 1.0]), 52.27995885012812, GPS(-43.520600, 172.583000, 0.000000, var=[-1.0, -1.0, -1.0])
14:30:29:310761, 2, 4, 1632706229.3106053, 94, GPS(-43.520509, 172.583129, 21.528011, var=[1.0, 1.0, 1.0]), 52.470386356859805, GPS(-43.520600, 172.583000, 0.000000, var=[-1.0, -1.0, -1.0])
14:30:29:313792, 3, 4, 1632706229.3117127, 102, GPS(-43.520690, 172.582876, 21.520670, var=[1.0, 1.0, 1.0]), 52.27479860878809, GPS(-43.520600, 172.583000, 0.000000, var=[-1.0, -1.0, -1.0])
14:30:29:344332, 1, 4, 1632706229.3441665, 96, GPS(-43.520511, 172.582875, 21.533956, var=[1.0, 1.0, 1.0]), 52.28223104172518, GPS(-43.520600, 172.583000, 0.000000, var=[-1.0, -1.0, -1.0])
14:30:29:348274, 4, 4, 1632706229.3444333, 101, GPS(-43.520690, 172.583124, 21.536722, var=[1.0, 1.0, 1.0]), 52.28408401996228, GPS(-43.520600, 172.583000, 0.000000, var=[-1.0, -1.0, -1.0])
14:30:30:311626, 2, 4, 1632706230.3114722, 95, GPS(-43.520509, 172.583129, 21.510011, var=[1.0, 1.0, 1.0]), 52.45122911940646, GPS(-43.520600, 172.583000, 0.000000, var=[-1.0, -1.0, -1.0])
14:30:30:314076, 2, 4, 1632706230.3125434, 96, GPS(-43.520509, 172.583129, 21.510011, var=[1.0, 1.0, 1.0]), 52.45122911940646, GPS(-43.520600, 172.583000, 0.000000, var=[-1.0, -1.0, -1.0])
14:30:30:316219, 3, 4, 1632706230.3121192, 103, GPS(-43.520690, 172.582876, 21.493670, var=[1.0, 1.0, 1.0]), 52.24378675180712, GPS(-43.520600, 172.583000, 0.000000, var=[-1.0, -1.0, -1.0])
14:30:30:317262, 4, 4, 1632706230.3125548, 102, GPS(-43.520690, 172.583124, 21.517722, var=[1.0, 1.0, 1.0]), 52.2607572675136, GPS(-43.520600, 172.583000, 0.000000, var=[-1.0, -1.0, -1.0])
14:30:30:318216, 1, 4, 1632706230.3125844, 97, GPS(-43.520511, 172.582875, 21.520956, var=[1.0, 1.0, 1.0]), 52.27451456777911, GPS(-43.520600, 172.583000, 0.000000, var=[-1.0, -1.0, -1.0])
14:30:30:319925, 3, 4, 1632706230.312532, 104, GPS(-43.520690, 172.582876, 21.493670, var=[1.0, 1.0, 1.0]), 52.24378675180712, GPS(-43.520600, 172.583000, 0.000000, var=[-1.0, -1.0, -1.0])
14:30:31:313145, 2, 4, 1632706231.3130038, 97, GPS(-43.520509, 172.583129, 21.507011, var=[1.0, 1.0, 1.0]), 52.43896645766354, GPS(-43.520600, 172.583000, 0.000000, var=[-1.0, -1.0, -1.0])
14:30:31:315190, 2, 4, 1632706231.3131828, 98, GPS(-43.520509, 172.583129, 21.507011, var=[1.0, 1.0, 1.0]), 52.43896645766354, GPS(-43.520600, 172.583000, 0.000000, var=[-1.0, -1.0, -1.0])
14:30:31:317084, 3, 4, 1632706231.313186, 105, GPS(-43.520690, 172.582876, 21.484670, var=[1.0, 1.0, 1.0]), 52.22445339532202, GPS(-43.520600, 172.583000, 0.000000, var=[-1.0, -1.0, -1.0])
14:30:31:318151, 1, 4, 1632706231.3132184, 98, GPS(-43.520511, 172.582875, 21.505956, var=[1.0, 1.0, 1.0]), 52.25012719110077, GPS(-43.520600, 172.583000, 0.000000, var=[-1.0, -1.0, -1.0])
14:30:31:321962, 4, 4, 1632706231.313317, 103, GPS(-43.520690, 172.583124, 21.499722, var=[1.0, 1.0, 1.0]), 52.235844093079585, GPS(-43.520600, 172.583000, 0.000000, var=[-1.0, -1.0, -1.0])
14:30:32:313529, 3, 4, 1632706232.3133895, 106, GPS(-43.520690, 172.582876, 21.478670, var=[1.0, 1.0, 1.0]), 52.21306104700476, GPS(-43.520600, 172.583000, 0.000000, var=[-1.0, -1.0, -1.0])
14:30:32:314585, 3, 4, 1632706232.3143752, 107, GPS(-43.520690, 172.582876, 21.478670, var=[1.0, 1.0, 1.0]), 52.21306104700476, GPS(-43.520600, 172.583000, 0.000000, var=[-1.0, -1.0, -1.0])
14:30:32:315370, 4, 4, 1632706232.314041, 104, GPS(-43.520690, 172.583124, 21.481722, var=[1.0, 1.0, 1.0]), 52.22502002153304, GPS(-43.520600, 172.583000, 0.000000, var=[-1.0, -1.0, -1.0])
14:30:32:316044, 1, 4, 1632706232.3144224, 99, GPS(-43.520510, 172.582876, 21.489957, var=[1.0, 1.0, 1.0]), 52.22956423741833, GPS(-43.520600, 172.583000, 0.000000, var=[-1.0, -1.0, -1.0])
14:30:32:317078, 2, 4, 1632706232.314409, 99, GPS(-43.520509, 172.583129, 21.488011, var=[1.0, 1.0, 1.0]), 52.42761280430409, GPS(-43.520600, 172.583000, 0.000000, var=[-1.0, -1.0, -1.0])
14:30:32:319002, 4, 4, 1632706232.3143938, 105, GPS(-43.520690, 172.583124, 21.481722, var=[1.0, 1.0, 1.0]), 52.22502002153304, GPS(-43.520600, 172.583000, 0.000000, var=[-1.0, -1.0, -1.0])
14:30:33:314695, 2, 4, 1632706233.3145218, 100, GPS(-43.520509, 172.583129, 21.480011, var=[1.0, 1.0, 1.0]), 52.40891174567266, GPS(-43.520600, 172.583000, 0.000000, var=[-1.0, -1.0, -1.0])
14:30:33:315920, 3, 4, 1632706233.3157568, 108, GPS(-43.520690, 172.582876, 21.478670, var=[1.0, 1.0, 1.0]), 52.19472881961628, GPS(-43.520600, 172.583000, 0.000000, var=[-1.0, -1.0, -1.0])
14:30:33:317386, 1, 4, 1632706233.3161879, 100, GPS(-43.520510, 172.582876, 21.481957, var=[1.0, 1.0, 1.0]), 52.20452606370145, GPS(-43.520600, 172.583000, 0.000000, var=[-1.0, -1.0, -1.0])
14:30:33:319670, 4, 4, 1632706233.3159223, 106, GPS(-43.520690, 172.583124, 21.478722, var=[1.0, 1.0, 1.0]), 52.219873898534615, GPS(-43.520600, 172.583000, 0.000000, var=[-1.0, -1.0, -1.0])
14:30:33:320513, 3, 4, 1632706233.3181276, 109, GPS(-43.520690, 172.582876, 21.478670, var=[1.0, 1.0, 1.0]), 52.19472881961628, GPS(-43.520600, 172.583000, 0.000000, var=[-1.0, -1.0, -1.0])
14:30:33:322343, 2, 4, 1632706233.318154, 101, GPS(-43.520509, 172.583129, 21.480011, var=[1.0, 1.0, 1.0]), 52.40891174567266, GPS(-43.520600, 172.583000, 0.000000, var=[-1.0, -1.0, -1.0])
14:30:33:323374, 1, 4, 1632706233.3182, 101, GPS(-43.520510, 172.582876, 21.481957, var=[1.0, 1.0, 1.0]), 52.20452606370145, GPS(-43.520600, 172.583000, 0.000000, var=[-1.0, -1.0, -1.0])
14:30:33:325828, 4, 4, 1632706233.3181567, 107, GPS(-43.520690, 172.583124, 21.478722, var=[1.0, 1.0, 1.0]), 52.219873898534615, GPS(-43.520600, 172.583000, 0.000000, var=[-1.0, -1.0, -1.0])
14:30:34:318619, 1, 4, 1632706234.3184826, 102, GPS(-43.520510, 172.582876, 21.479957, var=[1.0, 1.0, 1.0]), 52.18202763682408, GPS(-43.520600, 172.583000, 0.000000, var=[-1.0, -1.0, -1.0])
14:30:34:319715, 1, 4, 1632706234.3189306, 103, GPS(-43.520510, 172.582876, 21.479957, var=[1.0, 1.0, 1.0]), 52.18202763682408, GPS(-43.520600, 172.583000, 0.000000, var=[-1.0, -1.0, -1.0])
14:30:34:320437, 3, 4, 1632706234.3188992, 110, GPS(-43.520690, 172.582876, 21.476670, var=[1.0, 1.0, 1.0]), 52.16908815821239, GPS(-43.520600, 172.583000, 0.000000, var=[-1.0, -1.0, -1.0])
14:30:34:321639, 4, 4, 1632706234.3189204, 108, GPS(-43.520690, 172.583124, 21.481722, var=[1.0, 1.0, 1.0]), 52.198409457514956, GPS(-43.520600, 172.583000, 0.000000, var=[-1.0, -1.0, -1.0])
14:30:34:322443, 2, 4, 1632706234.318912, 102, GPS(-43.520509, 172.583129, 21.477012, var=[1.0, 1.0, 1.0]), 52.386795500462924, GPS(-43.520600, 172.583000, 0.000000, var=[-1.0, -1.0, -1.0])
14:30:35:319401, 1, 4, 1632706235.3192708, 104, GPS(-43.520510, 172.582876, 21.478957, var=[1.0, 1.0, 1.0]), 52.17806867617025, GPS(-43.520600, 172.583000, 0.000000, var=[-1.0, -1.0, -1.0])
14:30:35:320414, 2, 4, 1632706235.3200393, 103, GPS(-43.520509, 172.583129, 21.481012, var=[1.0, 1.0, 1.0]), 52.38689672982244, GPS(-43.520600, 172.583000, 0.000000, var=[-1.0, -1.0, -1.0])
14:30:35:322470, 3, 4, 1632706235.3193457, 111, GPS(-43.520690, 172.582876, 21.466670, var=[1.0, 1.0, 1.0]), 52.15330061864395, GPS(-43.520600, 172.583000, 0.000000, var=[-1.0, -1.0, -1.0])
14:30:35:323290, 4, 4, 1632706235.319944, 109, GPS(-43.520690, 172.583124, 21.469722, var=[1.0, 1.0, 1.0]), 52.1884093344073, GPS(-43.520600, 172.583000, 0.000000, var=[-1.0, -1.0, -1.0])
14:30:35:355353, 2, 4, 1632706235.355223, 104, GPS(-43.520509, 172.583129, 21.481012, var=[1.0, 1.0, 1.0]), 52.386687595295676, GPS(-43.520600, 172.583000, 0.000000, var=[-1.0, -1.0, -1.0])
14:30:35:358388, 1, 4, 1632706235.3565948, 105, GPS(-43.520510, 172.582876, 21.477957, var=[1.0, 1.0, 1.0]), 52.180253993250474, GPS(-43.520600, 172.583000, 0.000000, var=[-1.0, -1.0, -1.0])
14:30:35:394866, 4, 4, 1632706235.3947234, 110, GPS(-43.520690, 172.583124, 21.470722, var=[1.0, 1.0, 1.0]), 52.19128828337314, GPS(-43.520600, 172.583000, 0.000000, var=[-1.0, -1.0, -1.0])
14:30:35:400151, 3, 4, 1632706235.3996744, 112, GPS(-43.520690, 172.582876, 21.467670, var=[1.0, 1.0, 1.0]), 52.15618058994022, GPS(-43.520600, 172.583000, 0.000000, var=[-1.0, -1.0, -1.0])
14:30:36:356535, 2, 4, 1632706236.3563426, 105, GPS(-43.520509, 172.583129, 21.478011, var=[1.0, 1.0, 1.0]), 52.37999596809854, GPS(-43.520600, 172.583000, 0.000000, var=[-1.0, -1.0, -1.0])
14:30:36:359182, 2, 4, 1632706236.3569505, 106, GPS(-43.520509, 172.583129, 21.478011, var=[1.0, 1.0, 1.0]), 52.37999596809854, GPS(-43.520600, 172.583000, 0.000000, var=[-1.0, -1.0, -1.0])
14:30:36:360625, 3, 4, 1632706236.356944, 113, GPS(-43.520690, 172.582876, 21.470670, var=[1.0, 1.0, 1.0]), 52.160634550035496, GPS(-43.520600, 172.583000, 0.000000, var=[-1.0, -1.0, -1.0])
14:30:36:362214, 4, 4, 1632706236.3569682, 111, GPS(-43.520690, 172.583124, 21.461722, var=[1.0, 1.0, 1.0]), 52.18062842468568, GPS(-43.520600, 172.583000, 0.000000, var=[-1.0, -1.0, -1.0])
14:30:36:363621, 1, 4, 1632706236.3569956, 106, GPS(-43.520510, 172.582876, 21.471957, var=[1.0, 1.0, 1.0]), 52.18486353306727, GPS(-43.520600, 172.583000, 0.000000, var=[-1.0, -1.0, -1.0])
14:30:37:357505, 3, 4, 1632706237.357358, 114, GPS(-43.520690, 172.582876, 21.459670, var=[1.0, 1.0, 1.0]), 52.16626576402773, GPS(-43.520600, 172.583000, 0.000000, var=[-1.0, -1.0, -1.0])
14:30:37:358702, 3, 4, 1632706237.3581262, 115, GPS(-43.520690, 172.582876, 21.459670, var=[1.0, 1.0, 1.0]), 52.16626576402773, GPS(-43.520600, 172.583000, 0.000000, var=[-1.0, -1.0, -1.0])
14:30:37:359866, 2, 4, 1632706237.3575974, 107, GPS(-43.520509, 172.583128, 21.469011, var=[1.0, 1.0, 1.0]), 52.368019428115204, GPS(-43.520600, 172.583000, 0.000000, var=[-1.0, -1.0, -1.0])
14:30:37:361275, 4, 4, 1632706237.3581758, 112, GPS(-43.520690, 172.583124, 21.465722, var=[1.0, 1.0, 1.0]), 52.18505629500764, GPS(-43.520600, 172.583000, 0.000000, var=[-1.0, -1.0, -1.0])
14:30:37:362467, 1, 4, 1632706237.358192, 107, GPS(-43.520510, 172.582876, 21.468957, var=[1.0, 1.0, 1.0]), 52.18424768494906, GPS(-43.520600, 172.583000, 0.000000, var=[-1.0, -1.0, -1.0])
14:30:37:365840, 2, 4, 1632706237.3581269, 108, GPS(-43.520509, 172.583128, 21.469011, var=[1.0, 1.0, 1.0]), 52.368019428115204, GPS(-43.520600, 172.583000, 0.000000, var=[-1.0, -1.0, -1.0])
14:30:38:358801, 2, 4, 1632706238.3586507, 109, GPS(-43.520509, 172.583128, 21.466011, var=[1.0, 1.0, 1.0]), 52.34484203105167, GPS(-43.520600, 172.583000, 0.000000, var=[-1.0, -1.0, -1.0])
14:30:38:360283, 3, 4, 1632706238.3595722, 116, GPS(-43.520690, 172.582876, 21.464670, var=[1.0, 1.0, 1.0]), 52.179794105201566, GPS(-43.520600, 172.583000, 0.000000, var=[-1.0, -1.0, -1.0])
14:30:38:361419, 1, 4, 1632706238.3593073, 108, GPS(-43.520511, 172.582875, 21.455956, var=[1.0, 1.0, 1.0]), 52.164340017367856, GPS(-43.520600, 172.583000, 0.000000, var=[-1.0, -1.0, -1.0])
14:30:38:363539, 4, 4, 1632706238.3594887, 113, GPS(-43.520690, 172.583124, 21.467722, var=[1.0, 1.0, 1.0]), 52.17174067554896, GPS(-43.520600, 172.583000, 0.000000, var=[-1.0, -1.0, -1.0])
14:30:38:397070, 3, 4, 1632706238.3969247, 117, GPS(-43.520690, 172.582876, 21.464670, var=[1.0, 1.0, 1.0]), 52.1729264214685, GPS(-43.520600, 172.583000, 0.000000, var=[-1.0, -1.0, -1.0])
14:30:38:398522, 1, 4, 1632706238.398369, 109, GPS(-43.520511, 172.582875, 21.454956, var=[1.0, 1.0, 1.0]), 52.15233798757575, GPS(-43.520600, 172.583000, 0.000000, var=[-1.0, -1.0, -1.0])
14:30:38:401140, 2, 4, 1632706238.3976023, 110, GPS(-43.520509, 172.583128, 21.466011, var=[1.0, 1.0, 1.0]), 52.33797434731862, GPS(-43.520600, 172.583000, 0.000000, var=[-1.0, -1.0, -1.0])
14:30:38:402154, 4, 4, 1632706238.398284, 114, GPS(-43.520690, 172.583124, 21.467722, var=[1.0, 1.0, 1.0]), 52.1648729918159, GPS(-43.520600, 172.583000, 0.000000, var=[-1.0, -1.0, -1.0])
14:30:39:515187, 1, 4, 1632706239.5148313, 110, GPS(-43.520511, 172.582875, 21.447956, var=[1.0, 1.0, 1.0]), 52.150652652100035, GPS(-43.520600, 172.583000, 0.000000, var=[-1.0, -1.0, -1.0])
STOP: 09/27/2021 14:30:39:519050
