START: 09/17/2021 09:47:48:405753
TIME,            RX_ID,          STATE,          TIMESTAMP,          SEQ_NO,          RX_COORDS,          RANGE_READING,          TARGET_COORDS,          
09:47:54:017549, 4, 1, 1631828873.988038, 0, GPS(-43.520645, 172.583063, 17.986780, var=[1.0, 1.0, 1.0]), 34.365669461410015, GPS(-43.520600, 172.583000, 0.000000, var=[-1.0, -1.0, -1.0])
09:47:54:017666, 2, 1, 1631828874.006494, 0, GPS(-43.520555, 172.583062, 20.230924, var=[1.0, 1.0, 1.0]), 36.43809249877539, GPS(-43.520600, 172.583000, 0.000000, var=[-1.0, -1.0, -1.0])
09:47:54:017700, 1, 1, 1631828873.9881716, 0, GPS(-43.520554, 172.582937, 20.225900, var=[1.0, 1.0, 1.0]), 36.47024908267125, GPS(-43.520600, 172.583000, 0.000000, var=[-1.0, -1.0, -1.0])
09:47:54:017727, 3, 1, 1631828873.9959738, 0, GPS(-43.520645, 172.582938, 20.242755, var=[1.0, 1.0, 1.0]), 36.42505919107775, GPS(-43.520600, 172.583000, 0.000000, var=[-1.0, -1.0, -1.0])
09:47:54:700623, 2, 1, 1631828874.6992323, 1, GPS(-43.520555, 172.583062, 20.860924, var=[1.0, 1.0, 1.0]), 41.623971505188656, GPS(-43.520600, 172.583000, 0.000000, var=[-1.0, -1.0, -1.0])
09:47:54:700775, 1, 1, 1631828874.6993344, 1, GPS(-43.520554, 172.582937, 20.854900, var=[1.0, 1.0, 1.0]), 41.65417155422098, GPS(-43.520600, 172.583000, 0.000000, var=[-1.0, -1.0, -1.0])
09:47:54:700902, 3, 1, 1631828874.6998158, 1, GPS(-43.520645, 172.582938, 20.840755, var=[1.0, 1.0, 1.0]), 41.57879564039436, GPS(-43.520600, 172.583000, 0.000000, var=[-1.0, -1.0, -1.0])
09:47:54:700952, 4, 1, 1631828874.6999125, 1, GPS(-43.520645, 172.583063, 19.763780, var=[1.0, 1.0, 1.0]), 40.61416445999342, GPS(-43.520600, 172.583000, 0.000000, var=[-1.0, -1.0, -1.0])
09:47:55:700366, 3, 1, 1631828875.7001972, 2, GPS(-43.520645, 172.582938, 21.201755, var=[1.0, 1.0, 1.0]), 43.94020079972408, GPS(-43.520600, 172.583000, 0.000000, var=[-1.0, -1.0, -1.0])
09:47:55:700700, 2, 1, 1631828875.7005975, 2, GPS(-43.520555, 172.583062, 21.213925, var=[1.0, 1.0, 1.0]), 43.97991905796006, GPS(-43.520600, 172.583000, 0.000000, var=[-1.0, -1.0, -1.0])
09:47:55:703589, 4, 1, 1631828875.7030218, 2, GPS(-43.520645, 172.583064, 20.853781, var=[1.0, 1.0, 1.0]), 43.66213368749965, GPS(-43.520600, 172.583000, 0.000000, var=[-1.0, -1.0, -1.0])
09:47:55:703635, 1, 1, 1631828875.703171, 2, GPS(-43.520554, 172.582937, 21.182900, var=[1.0, 1.0, 1.0]), 43.98340693375411, GPS(-43.520600, 172.583000, 0.000000, var=[-1.0, -1.0, -1.0])
09:47:55:703848, 3, 1, 1631828875.7032685, 3, GPS(-43.520645, 172.582938, 21.201755, var=[1.0, 1.0, 1.0]), 43.94020079972408, GPS(-43.520600, 172.583000, 0.000000, var=[-1.0, -1.0, -1.0])
09:47:55:703890, 2, 1, 1631828875.7033918, 3, GPS(-43.520555, 172.583062, 21.213925, var=[1.0, 1.0, 1.0]), 43.97991905796006, GPS(-43.520600, 172.583000, 0.000000, var=[-1.0, -1.0, -1.0])
09:47:56:703678, 3, 1, 1631828876.703455, 4, GPS(-43.520645, 172.582939, 21.341755, var=[1.0, 1.0, 1.0]), 46.93470521944509, GPS(-43.520600, 172.583000, 0.000000, var=[-1.0, -1.0, -1.0])
09:47:56:703801, 4, 1, 1631828876.7036314, 3, GPS(-43.520645, 172.583064, 21.209781, var=[1.0, 1.0, 1.0]), 46.858101308953835, GPS(-43.520600, 172.583000, 0.000000, var=[-1.0, -1.0, -1.0])
09:47:56:704919, 2, 1, 1631828876.7046885, 4, GPS(-43.520555, 172.583062, 21.333925, var=[1.0, 1.0, 1.0]), 46.958904401186004, GPS(-43.520600, 172.583000, 0.000000, var=[-1.0, -1.0, -1.0])
09:47:56:705209, 1, 1, 1631828876.7050178, 3, GPS(-43.520554, 172.582937, 21.326900, var=[1.0, 1.0, 1.0]), 46.983187247817625, GPS(-43.520600, 172.583000, 0.000000, var=[-1.0, -1.0, -1.0])
09:47:56:806705, 3, 1, 1631828876.8065019, 5, GPS(-43.520645, 172.582939, 21.348755, var=[1.0, 1.0, 1.0]), 48.31049875749658, GPS(-43.520600, 172.583000, 0.000000, var=[-1.0, -1.0, -1.0])
09:47:56:806868, 2, 1, 1631828876.8067667, 5, GPS(-43.520555, 172.583062, 21.340925, var=[1.0, 1.0, 1.0]), 48.33646624382919, GPS(-43.520600, 172.583000, 0.000000, var=[-1.0, -1.0, -1.0])
09:47:56:806951, 1, 1, 1631828876.8068557, 4, GPS(-43.520554, 172.582937, 21.333900, var=[1.0, 1.0, 1.0]), 48.36073974626568, GPS(-43.520600, 172.583000, 0.000000, var=[-1.0, -1.0, -1.0])
09:47:56:807004, 4, 1, 1631828876.8069015, 4, GPS(-43.520645, 172.583064, 21.230781, var=[1.0, 1.0, 1.0]), 48.248918404493814, GPS(-43.520600, 172.583000, 0.000000, var=[-1.0, -1.0, -1.0])
09:47:57:807080, 3, 1, 1631828877.8068826, 6, GPS(-43.520645, 172.582939, 21.390755, var=[1.0, 1.0, 1.0]), 48.41386593227699, GPS(-43.520600, 172.583000, 0.000000, var=[-1.0, -1.0, -1.0])
09:47:57:810458, 2, 1, 1631828877.8093216, 6, GPS(-43.520555, 172.583063, 21.396925, var=[1.0, 1.0, 1.0]), 48.46268304698494, GPS(-43.520600, 172.583000, 0.000000, var=[-1.0, -1.0, -1.0])
09:47:57:810741, 4, 1, 1631828877.8098009, 5, GPS(-43.520645, 172.583064, 21.355781, var=[1.0, 1.0, 1.0]), 48.43869900630101, GPS(-43.520600, 172.583000, 0.000000, var=[-1.0, -1.0, -1.0])
09:47:57:810818, 3, 1, 1631828877.8099504, 7, GPS(-43.520645, 172.582939, 21.390755, var=[1.0, 1.0, 1.0]), 48.41386593227699, GPS(-43.520600, 172.583000, 0.000000, var=[-1.0, -1.0, -1.0])
09:47:57:810892, 1, 1, 1631828877.8102176, 5, GPS(-43.520554, 172.582937, 21.392900, var=[1.0, 1.0, 1.0]), 48.48002315526952, GPS(-43.520600, 172.583000, 0.000000, var=[-1.0, -1.0, -1.0])
09:47:58:809494, 2, 1, 1631828878.8093643, 7, GPS(-43.520555, 172.583063, 21.430925, var=[1.0, 1.0, 1.0]), 48.85983309923108, GPS(-43.520600, 172.583000, 0.000000, var=[-1.0, -1.0, -1.0])
09:47:58:810781, 4, 1, 1631828878.8106534, 6, GPS(-43.520645, 172.583064, 21.404780, var=[1.0, 1.0, 1.0]), 48.853908209375135, GPS(-43.520600, 172.583000, 0.000000, var=[-1.0, -1.0, -1.0])
09:47:58:811421, 1, 1, 1631828878.8113248, 6, GPS(-43.520554, 172.582938, 21.418900, var=[1.0, 1.0, 1.0]), 48.86050931632573, GPS(-43.520600, 172.583000, 0.000000, var=[-1.0, -1.0, -1.0])
09:47:58:833052, 3, 1, 1631828878.832903, 8, GPS(-43.520645, 172.582939, 21.425755, var=[1.0, 1.0, 1.0]), 48.92519181506717, GPS(-43.520600, 172.583000, 0.000000, var=[-1.0, -1.0, -1.0])
09:47:58:913414, 1, 1, 1631828878.9132679, 7, GPS(-43.520554, 172.582938, 21.421900, var=[1.0, 1.0, 1.0]), 48.97702883094374, GPS(-43.520600, 172.583000, 0.000000, var=[-1.0, -1.0, -1.0])
09:47:58:913620, 2, 1, 1631828878.9134905, 8, GPS(-43.520555, 172.583063, 21.431925, var=[1.0, 1.0, 1.0]), 48.975542290904286, GPS(-43.520600, 172.583000, 0.000000, var=[-1.0, -1.0, -1.0])
09:47:58:913672, 4, 1, 1631828878.9135716, 7, GPS(-43.520645, 172.583064, 21.409780, var=[1.0, 1.0, 1.0]), 48.971599038310124, GPS(-43.520600, 172.583000, 0.000000, var=[-1.0, -1.0, -1.0])
09:47:58:913806, 3, 1, 1631828878.913602, 9, GPS(-43.520645, 172.582939, 21.427755, var=[1.0, 1.0, 1.0]), 48.92709277278878, GPS(-43.520600, 172.583000, 0.000000, var=[-1.0, -1.0, -1.0])
09:47:59:913908, 1, 1, 1631828879.9136868, 8, GPS(-43.520554, 172.582938, 21.445900, var=[1.0, 1.0, 1.0]), 49.00318655262021, GPS(-43.520600, 172.583000, 0.000000, var=[-1.0, -1.0, -1.0])
09:47:59:914016, 4, 1, 1631828879.9137735, 8, GPS(-43.520646, 172.583064, 21.428780, var=[1.0, 1.0, 1.0]), 49.00091033106166, GPS(-43.520600, 172.583000, 0.000000, var=[-1.0, -1.0, -1.0])
09:47:59:918195, 4, 1, 1631828879.9177244, 9, GPS(-43.520646, 172.583064, 21.428780, var=[1.0, 1.0, 1.0]), 49.00091033106166, GPS(-43.520600, 172.583000, 0.000000, var=[-1.0, -1.0, -1.0])
09:47:59:918284, 3, 1, 1631828879.9158566, 10, GPS(-43.520645, 172.582939, 21.447755, var=[1.0, 1.0, 1.0]), 48.95063445416943, GPS(-43.520600, 172.583000, 0.000000, var=[-1.0, -1.0, -1.0])
09:47:59:918375, 1, 1, 1631828879.917254, 9, GPS(-43.520554, 172.582938, 21.445900, var=[1.0, 1.0, 1.0]), 49.00318655262021, GPS(-43.520600, 172.583000, 0.000000, var=[-1.0, -1.0, -1.0])
09:47:59:918469, 2, 1, 1631828879.9182549, 9, GPS(-43.520555, 172.583063, 21.427925, var=[1.0, 1.0, 1.0]), 48.97806599220526, GPS(-43.520600, 172.583000, 0.000000, var=[-1.0, -1.0, -1.0])
09:48:00:916153, 3, 1, 1631828880.9160192, 11, GPS(-43.520645, 172.582939, 21.454755, var=[1.0, 1.0, 1.0]), 49.002327406931464, GPS(-43.520600, 172.583000, 0.000000, var=[-1.0, -1.0, -1.0])
09:48:00:918850, 2, 1, 1631828880.9187088, 10, GPS(-43.520555, 172.583063, 21.444925, var=[1.0, 1.0, 1.0]), 49.041574669118674, GPS(-43.520600, 172.583000, 0.000000, var=[-1.0, -1.0, -1.0])
09:48:00:919326, 1, 1, 1631828880.9191163, 10, GPS(-43.520554, 172.582938, 21.458900, var=[1.0, 1.0, 1.0]), 49.06221264824502, GPS(-43.520600, 172.583000, 0.000000, var=[-1.0, -1.0, -1.0])
09:48:00:919679, 4, 1, 1631828880.9194899, 10, GPS(-43.520645, 172.583064, 21.439780, var=[1.0, 1.0, 1.0]), 49.06168617021234, GPS(-43.520600, 172.583000, 0.000000, var=[-1.0, -1.0, -1.0])
09:48:01:021484, 2, 1, 1631828881.021087, 11, GPS(-43.520555, 172.583063, 21.445925, var=[1.0, 1.0, 1.0]), 49.06775597525855, GPS(-43.520600, 172.583000, 0.000000, var=[-1.0, -1.0, -1.0])
09:48:01:021648, 4, 1, 1631828881.021528, 11, GPS(-43.520645, 172.583064, 21.439780, var=[1.0, 1.0, 1.0]), 49.088723687658884, GPS(-43.520600, 172.583000, 0.000000, var=[-1.0, -1.0, -1.0])
09:48:01:021706, 3, 1, 1631828881.021536, 12, GPS(-43.520645, 172.582939, 21.454755, var=[1.0, 1.0, 1.0]), 49.029364924378015, GPS(-43.520600, 172.583000, 0.000000, var=[-1.0, -1.0, -1.0])
09:48:01:021749, 1, 1, 1631828881.021622, 11, GPS(-43.520554, 172.582938, 21.457900, var=[1.0, 1.0, 1.0]), 49.092604630200256, GPS(-43.520600, 172.583000, 0.000000, var=[-1.0, -1.0, -1.0])
09:48:02:024202, 3, 1, 1631828882.0239494, 13, GPS(-43.520645, 172.582939, 21.450755, var=[1.0, 1.0, 1.0]), 49.02931767095464, GPS(-43.520600, 172.583000, 0.000000, var=[-1.0, -1.0, -1.0])
09:48:02:024470, 4, 1, 1631828882.024367, 12, GPS(-43.520645, 172.583064, 21.439781, var=[1.0, 1.0, 1.0]), 49.083935730982255, GPS(-43.520600, 172.583000, 0.000000, var=[-1.0, -1.0, -1.0])
09:48:02:024521, 1, 2, 1631828882.0243878, 12, GPS(-43.520554, 172.582938, 21.452900, var=[1.0, 1.0, 1.0]), 49.094912955921245, GPS(-43.520600, 172.583000, 0.000000, var=[-1.0, -1.0, -1.0])
09:48:02:025034, 2, 1, 1631828882.024937, 12, GPS(-43.520555, 172.583063, 21.465925, var=[1.0, 1.0, 1.0]), 49.08940870971134, GPS(-43.520600, 172.583000, 0.000000, var=[-1.0, -1.0, -1.0])
09:48:03:024563, 3, 1, 1631828883.0244062, 14, GPS(-43.520645, 172.582939, 21.454756, var=[1.0, 1.0, 1.0]), 49.03543912303203, GPS(-43.520600, 172.583000, 0.000000, var=[-1.0, -1.0, -1.0])
09:48:03:024844, 1, 2, 1631828883.0247467, 13, GPS(-43.520554, 172.582938, 21.445900, var=[1.0, 1.0, 1.0]), 49.093064915792446, GPS(-43.520600, 172.583000, 0.000000, var=[-1.0, -1.0, -1.0])
09:48:03:026536, 4, 1, 1631828883.0264237, 13, GPS(-43.520645, 172.583064, 21.443781, var=[1.0, 1.0, 1.0]), 49.09377452346897, GPS(-43.520600, 172.583000, 0.000000, var=[-1.0, -1.0, -1.0])
09:48:03:026922, 2, 1, 1631828883.0268192, 13, GPS(-43.520554, 172.583063, 21.452925, var=[1.0, 1.0, 1.0]), 49.08752858211108, GPS(-43.520600, 172.583000, 0.000000, var=[-1.0, -1.0, -1.0])
09:48:03:127457, 3, 1, 1631828883.1271527, 15, GPS(-43.520645, 172.582939, 21.459756, var=[1.0, 1.0, 1.0]), 49.04224997857048, GPS(-43.520600, 172.583000, 0.000000, var=[-1.0, -1.0, -1.0])
09:48:03:127504, 2, 1, 1631828883.1272748, 14, GPS(-43.520554, 172.583063, 21.457925, var=[1.0, 1.0, 1.0]), 49.09612873276927, GPS(-43.520600, 172.583000, 0.000000, var=[-1.0, -1.0, -1.0])
09:48:03:127573, 1, 2, 1631828883.1274858, 14, GPS(-43.520554, 172.582938, 21.446900, var=[1.0, 1.0, 1.0]), 49.09428015788886, GPS(-43.520600, 172.583000, 0.000000, var=[-1.0, -1.0, -1.0])
09:48:03:127701, 4, 1, 1631828883.1276195, 14, GPS(-43.520645, 172.583064, 21.443781, var=[1.0, 1.0, 1.0]), 49.093368407387516, GPS(-43.520600, 172.583000, 0.000000, var=[-1.0, -1.0, -1.0])
09:48:04:127847, 1, 2, 1631828884.1277218, 15, GPS(-43.520554, 172.582938, 21.460901, var=[1.0, 1.0, 1.0]), 49.10830203782339, GPS(-43.520600, 172.583000, 0.000000, var=[-1.0, -1.0, -1.0])
09:48:04:130760, 3, 1, 1631828884.1278498, 16, GPS(-43.520644, 172.582939, 21.476756, var=[1.0, 1.0, 1.0]), 49.04937309434334, GPS(-43.520600, 172.583000, 0.000000, var=[-1.0, -1.0, -1.0])
09:48:04:130810, 1, 2, 1631828884.1299179, 16, GPS(-43.520554, 172.582938, 21.460901, var=[1.0, 1.0, 1.0]), 49.10830203782339, GPS(-43.520600, 172.583000, 0.000000, var=[-1.0, -1.0, -1.0])
09:48:04:130842, 4, 1, 1631828884.1302567, 15, GPS(-43.520645, 172.583064, 21.464781, var=[1.0, 1.0, 1.0]), 49.112666333033985, GPS(-43.520600, 172.583000, 0.000000, var=[-1.0, -1.0, -1.0])
09:48:04:130871, 2, 1, 1631828884.130411, 15, GPS(-43.520554, 172.583063, 21.477926, var=[1.0, 1.0, 1.0]), 49.12369830585995, GPS(-43.520600, 172.583000, 0.000000, var=[-1.0, -1.0, -1.0])
09:48:04:130973, 3, 1, 1631828884.130626, 17, GPS(-43.520644, 172.582939, 21.476756, var=[1.0, 1.0, 1.0]), 49.04937309434334, GPS(-43.520600, 172.583000, 0.000000, var=[-1.0, -1.0, -1.0])
09:48:05:130540, 4, 1, 1631828885.1304004, 16, GPS(-43.520645, 172.583064, 21.490781, var=[1.0, 1.0, 1.0]), 49.16351139021992, GPS(-43.520600, 172.583000, 0.000000, var=[-1.0, -1.0, -1.0])
09:48:05:133460, 2, 1, 1631828885.1330857, 16, GPS(-43.520554, 172.583063, 21.499926, var=[1.0, 1.0, 1.0]), 49.174398438210545, GPS(-43.520600, 172.583000, 0.000000, var=[-1.0, -1.0, -1.0])
09:48:05:133748, 1, 2, 1631828885.1336148, 17, GPS(-43.520554, 172.582938, 21.483901, var=[1.0, 1.0, 1.0]), 49.158142858372514, GPS(-43.520600, 172.583000, 0.000000, var=[-1.0, -1.0, -1.0])
09:48:05:133784, 4, 1, 1631828885.1333468, 17, GPS(-43.520645, 172.583064, 21.490781, var=[1.0, 1.0, 1.0]), 49.16351139021992, GPS(-43.520600, 172.583000, 0.000000, var=[-1.0, -1.0, -1.0])
09:48:05:133814, 3, 1, 1631828885.1335394, 18, GPS(-43.520644, 172.582939, 21.504756, var=[1.0, 1.0, 1.0]), 49.09812483963161, GPS(-43.520600, 172.583000, 0.000000, var=[-1.0, -1.0, -1.0])
09:48:06:134094, 4, 1, 1631828886.133933, 18, GPS(-43.520645, 172.583064, 21.510781, var=[1.0, 1.0, 1.0]), 49.20415787577126, GPS(-43.520600, 172.583000, 0.000000, var=[-1.0, -1.0, -1.0])
09:48:06:134178, 3, 1, 1631828886.1339571, 19, GPS(-43.520644, 172.582939, 21.516756, var=[1.0, 1.0, 1.0]), 49.13900793709785, GPS(-43.520600, 172.583000, 0.000000, var=[-1.0, -1.0, -1.0])
09:48:06:134632, 2, 1, 1631828886.134514, 17, GPS(-43.520554, 172.583063, 21.508926, var=[1.0, 1.0, 1.0]), 49.211392574074715, GPS(-43.520600, 172.583000, 0.000000, var=[-1.0, -1.0, -1.0])
09:48:06:161501, 1, 2, 1631828886.1613517, 18, GPS(-43.520554, 172.582938, 21.505901, var=[1.0, 1.0, 1.0]), 49.217605756502884, GPS(-43.520600, 172.583000, 0.000000, var=[-1.0, -1.0, -1.0])
09:48:06:239410, 3, 1, 1631828886.2390363, 20, GPS(-43.520644, 172.582939, 21.515756, var=[1.0, 1.0, 1.0]), 49.147129738172666, GPS(-43.520600, 172.583000, 0.000000, var=[-1.0, -1.0, -1.0])
09:48:06:239475, 2, 1, 1631828886.2392023, 18, GPS(-43.520554, 172.583063, 21.507926, var=[1.0, 1.0, 1.0]), 49.21771329776016, GPS(-43.520600, 172.583000, 0.000000, var=[-1.0, -1.0, -1.0])
09:48:06:239625, 1, 2, 1631828886.2394316, 19, GPS(-43.520554, 172.582938, 21.504901, var=[1.0, 1.0, 1.0]), 49.216657503313996, GPS(-43.520600, 172.583000, 0.000000, var=[-1.0, -1.0, -1.0])
09:48:06:239674, 4, 1, 1631828886.2395623, 19, GPS(-43.520645, 172.583064, 21.514781, var=[1.0, 1.0, 1.0]), 49.21702597581073, GPS(-43.520600, 172.583000, 0.000000, var=[-1.0, -1.0, -1.0])
09:48:07:239655, 3, 1, 1631828887.2395341, 21, GPS(-43.520644, 172.582939, 21.524756, var=[1.0, 1.0, 1.0]), 49.16044945004914, GPS(-43.520600, 172.583000, 0.000000, var=[-1.0, -1.0, -1.0])
09:48:07:242032, 4, 1, 1631828887.2413156, 20, GPS(-43.520645, 172.583064, 21.532781, var=[1.0, 1.0, 1.0]), 49.235270790989034, GPS(-43.520600, 172.583000, 0.000000, var=[-1.0, -1.0, -1.0])
09:48:07:242086, 2, 1, 1631828887.2417817, 19, GPS(-43.520554, 172.583063, 21.532926, var=[1.0, 1.0, 1.0]), 49.24012579519841, GPS(-43.520600, 172.583000, 0.000000, var=[-1.0, -1.0, -1.0])
09:48:07:242232, 1, 2, 1631828887.2420697, 20, GPS(-43.520553, 172.582938, 21.534901, var=[1.0, 1.0, 1.0]), 49.251388795228024, GPS(-43.520600, 172.583000, 0.000000, var=[-1.0, -1.0, -1.0])
09:48:07:242286, 3, 1, 1631828887.2421873, 22, GPS(-43.520644, 172.582939, 21.524756, var=[1.0, 1.0, 1.0]), 49.16044945004914, GPS(-43.520600, 172.583000, 0.000000, var=[-1.0, -1.0, -1.0])
09:48:08:241756, 4, 1, 1631828888.2416272, 21, GPS(-43.520645, 172.583064, 21.551781, var=[1.0, 1.0, 1.0]), 49.248264974828786, GPS(-43.520600, 172.583000, 0.000000, var=[-1.0, -1.0, -1.0])
09:48:08:244740, 3, 1, 1631828888.2445319, 23, GPS(-43.520644, 172.582939, 21.540756, var=[1.0, 1.0, 1.0]), 49.18089837237947, GPS(-43.520600, 172.583000, 0.000000, var=[-1.0, -1.0, -1.0])
09:48:08:244832, 2, 2, 1631828888.2446394, 20, GPS(-43.520554, 172.583063, 21.544925, var=[1.0, 1.0, 1.0]), 49.24579090381196, GPS(-43.520600, 172.583000, 0.000000, var=[-1.0, -1.0, -1.0])
09:48:08:246028, 1, 2, 1631828888.2450037, 21, GPS(-43.520553, 172.582938, 21.552901, var=[1.0, 1.0, 1.0]), 49.272050904827005, GPS(-43.520600, 172.583000, 0.000000, var=[-1.0, -1.0, -1.0])
09:48:08:246120, 4, 1, 1631828888.2451453, 22, GPS(-43.520645, 172.583064, 21.551781, var=[1.0, 1.0, 1.0]), 49.248264974828786, GPS(-43.520600, 172.583000, 0.000000, var=[-1.0, -1.0, -1.0])
09:48:09:245424, 4, 1, 1631828889.2452888, 23, GPS(-43.520645, 172.583064, 21.564781, var=[1.0, 1.0, 1.0]), 49.28701354616031, GPS(-43.520600, 172.583000, 0.000000, var=[-1.0, -1.0, -1.0])
09:48:09:245860, 2, 2, 1631828889.2457702, 21, GPS(-43.520555, 172.583062, 21.551925, var=[1.0, 1.0, 1.0]), 49.26607865694122, GPS(-43.520600, 172.583000, 0.000000, var=[-1.0, -1.0, -1.0])
09:48:09:270593, 1, 2, 1631828889.2704353, 22, GPS(-43.520553, 172.582938, 21.559901, var=[1.0, 1.0, 1.0]), 49.308411957491344, GPS(-43.520600, 172.583000, 0.000000, var=[-1.0, -1.0, -1.0])
09:48:09:278060, 3, 1, 1631828889.2779372, 24, GPS(-43.520644, 172.582939, 21.552756, var=[1.0, 1.0, 1.0]), 49.22685351307834, GPS(-43.520600, 172.583000, 0.000000, var=[-1.0, -1.0, -1.0])
09:48:09:353474, 1, 2, 1631828889.3524995, 23, GPS(-43.520553, 172.582938, 21.559901, var=[1.0, 1.0, 1.0]), 49.308411957491344, GPS(-43.520600, 172.583000, 0.000000, var=[-1.0, -1.0, -1.0])
09:48:09:353813, 3, 1, 1631828889.3528976, 25, GPS(-43.520644, 172.582939, 21.551756, var=[1.0, 1.0, 1.0]), 49.2259022395213, GPS(-43.520600, 172.583000, 0.000000, var=[-1.0, -1.0, -1.0])
09:48:09:354037, 2, 2, 1631828889.3529456, 22, GPS(-43.520555, 172.583062, 21.550925, var=[1.0, 1.0, 1.0]), 49.269098883711756, GPS(-43.520600, 172.583000, 0.000000, var=[-1.0, -1.0, -1.0])
09:48:09:354272, 4, 1, 1631828889.353389, 24, GPS(-43.520645, 172.583064, 21.569781, var=[1.0, 1.0, 1.0]), 49.29999221899534, GPS(-43.520600, 172.583000, 0.000000, var=[-1.0, -1.0, -1.0])
09:48:10:353810, 2, 2, 1631828890.3536034, 23, GPS(-43.520555, 172.583062, 21.549925, var=[1.0, 1.0, 1.0]), 49.274804403048634, GPS(-43.520600, 172.583000, 0.000000, var=[-1.0, -1.0, -1.0])
09:48:10:387569, 4, 1, 1631828890.3874247, 25, GPS(-43.520645, 172.583064, 21.564781, var=[1.0, 1.0, 1.0]), 49.299834039874206, GPS(-43.520600, 172.583000, 0.000000, var=[-1.0, -1.0, -1.0])
09:48:10:387894, 3, 1, 1631828890.3877938, 26, GPS(-43.520645, 172.582939, 21.547756, var=[1.0, 1.0, 1.0]), 49.22848805547072, GPS(-43.520600, 172.583000, 0.000000, var=[-1.0, -1.0, -1.0])
09:48:10:389106, 1, 2, 1631828890.3889966, 24, GPS(-43.520553, 172.582938, 21.561901, var=[1.0, 1.0, 1.0]), 49.31098771781271, GPS(-43.520600, 172.583000, 0.000000, var=[-1.0, -1.0, -1.0])
09:48:11:354357, 2, 2, 1631828891.3540876, 24, GPS(-43.520555, 172.583063, 21.545925, var=[1.0, 1.0, 1.0]), 49.270105684128346, GPS(-43.520600, 172.583000, 0.000000, var=[-1.0, -1.0, -1.0])
09:48:11:389884, 3, 1, 1631828891.389752, 27, GPS(-43.520644, 172.582939, 21.541756, var=[1.0, 1.0, 1.0]), 49.21336165071022, GPS(-43.520600, 172.583000, 0.000000, var=[-1.0, -1.0, -1.0])
09:48:11:390107, 1, 2, 1631828891.390006, 25, GPS(-43.520554, 172.582938, 21.558900, var=[1.0, 1.0, 1.0]), 49.300409222631714, GPS(-43.520600, 172.583000, 0.000000, var=[-1.0, -1.0, -1.0])
09:48:11:401474, 4, 1, 1631828891.4013424, 26, GPS(-43.520645, 172.583064, 21.555781, var=[1.0, 1.0, 1.0]), 49.284300994667504, GPS(-43.520600, 172.583000, 0.000000, var=[-1.0, -1.0, -1.0])
09:48:12:356057, 2, 2, 1631828892.3558764, 25, GPS(-43.520555, 172.583063, 21.534925, var=[1.0, 1.0, 1.0]), 49.25019835835687, GPS(-43.520600, 172.583000, 0.000000, var=[-1.0, -1.0, -1.0])
09:48:12:390145, 1, 2, 1631828892.3900132, 26, GPS(-43.520554, 172.582938, 21.559900, var=[1.0, 1.0, 1.0]), 49.28953667714944, GPS(-43.520600, 172.583000, 0.000000, var=[-1.0, -1.0, -1.0])
09:48:12:390852, 3, 1, 1631828892.390753, 28, GPS(-43.520645, 172.582939, 21.546756, var=[1.0, 1.0, 1.0]), 49.20875110789445, GPS(-43.520600, 172.583000, 0.000000, var=[-1.0, -1.0, -1.0])
09:48:12:401598, 4, 1, 1631828892.4014688, 27, GPS(-43.520645, 172.583064, 21.552781, var=[1.0, 1.0, 1.0]), 49.271419419224685, GPS(-43.520600, 172.583000, 0.000000, var=[-1.0, -1.0, -1.0])
09:48:13:357157, 2, 2, 1631828893.356809, 26, GPS(-43.520555, 172.583062, 21.542925, var=[1.0, 1.0, 1.0]), 49.245969207316634, GPS(-43.520600, 172.583000, 0.000000, var=[-1.0, -1.0, -1.0])
09:48:13:391254, 3, 1, 1631828893.3911335, 29, GPS(-43.520645, 172.582939, 21.530755, var=[1.0, 1.0, 1.0]), 49.19221957417538, GPS(-43.520600, 172.583000, 0.000000, var=[-1.0, -1.0, -1.0])
09:48:13:391721, 1, 2, 1631828893.3916404, 27, GPS(-43.520554, 172.582938, 21.548900, var=[1.0, 1.0, 1.0]), 49.264309440358346, GPS(-43.520600, 172.583000, 0.000000, var=[-1.0, -1.0, -1.0])
09:48:13:402724, 4, 1, 1631828893.4025, 28, GPS(-43.520645, 172.583064, 21.546781, var=[1.0, 1.0, 1.0]), 49.257326423093375, GPS(-43.520600, 172.583000, 0.000000, var=[-1.0, -1.0, -1.0])
09:48:14:358470, 2, 2, 1631828894.3582895, 27, GPS(-43.520555, 172.583062, 21.525925, var=[1.0, 1.0, 1.0]), 49.21722495445124, GPS(-43.520600, 172.583000, 0.000000, var=[-1.0, -1.0, -1.0])
09:48:14:393404, 3, 1, 1631828894.3932452, 30, GPS(-43.520645, 172.582939, 21.526755, var=[1.0, 1.0, 1.0]), 49.18685682105544, GPS(-43.520600, 172.583000, 0.000000, var=[-1.0, -1.0, -1.0])
09:48:14:399822, 1, 2, 1631828894.399655, 28, GPS(-43.520554, 172.582937, 21.544900, var=[1.0, 1.0, 1.0]), 49.260100864710004, GPS(-43.520600, 172.583000, 0.000000, var=[-1.0, -1.0, -1.0])
09:48:14:404676, 4, 1, 1631828894.4044263, 29, GPS(-43.520645, 172.583063, 21.526780, var=[1.0, 1.0, 1.0]), 49.23135943784072, GPS(-43.520600, 172.583000, 0.000000, var=[-1.0, -1.0, -1.0])
09:48:15:358665, 2, 2, 1631828895.3584778, 28, GPS(-43.520555, 172.583062, 21.512925, var=[1.0, 1.0, 1.0]), 49.205144180996484, GPS(-43.520600, 172.583000, 0.000000, var=[-1.0, -1.0, -1.0])
09:48:15:394160, 3, 1, 1631828895.39364, 31, GPS(-43.520645, 172.582938, 21.513755, var=[1.0, 1.0, 1.0]), 49.16242338084311, GPS(-43.520600, 172.583000, 0.000000, var=[-1.0, -1.0, -1.0])
09:48:15:401134, 1, 2, 1631828895.4008622, 29, GPS(-43.520554, 172.582937, 21.538900, var=[1.0, 1.0, 1.0]), 49.24974959209297, GPS(-43.520600, 172.583000, 0.000000, var=[-1.0, -1.0, -1.0])
09:48:15:405423, 4, 1, 1631828895.4049659, 30, GPS(-43.520645, 172.583063, 21.528780, var=[1.0, 1.0, 1.0]), 49.22428782673353, GPS(-43.520600, 172.583000, 0.000000, var=[-1.0, -1.0, -1.0])
09:48:16:433921, 2, 2, 1631828896.433472, 29, GPS(-43.520555, 172.583062, 21.498925, var=[1.0, 1.0, 1.0]), 49.1853659266188, GPS(-43.520600, 172.583000, 0.000000, var=[-1.0, -1.0, -1.0])
STOP: 09/17/2021 09:48:16:434267
