START: 09/01/2021 17:12:15:081451
TIME,            RX_ID,          STATE,          TIMESTAMP,          SEQ_NO,          RX_COORDS,          RANGE_READING,          TARGET_COORDS,          
17:12:34:254844, 3, 1, 1630473154.2273977, 0, GPS(-43.520645, 172.582938, 21.499754, var=[1.0, 1.0, 1.0]), 37.632243622359326, GPS(-43.520600, 172.583000, 0.000000, var=[-1.0, -1.0, -1.0])
17:12:37:791772, 1, 1, 1630473154.2488053, 0, GPS(-43.520555, 172.582938, 21.518899, var=[1.0, 1.0, 1.0]), 37.65220650849581, GPS(-43.520600, 172.583000, 0.000000, var=[-1.0, -1.0, -1.0])
17:12:39:102818, 4, 1, 1630473154.233115, 0, GPS(-43.520645, 172.583063, 21.501780, var=[1.0, 1.0, 1.0]), 37.64912555318446, GPS(-43.520600, 172.583000, 0.000000, var=[-1.0, -1.0, -1.0])
17:12:39:104222, 2, 1, 1630473154.245427, 0, GPS(-43.520555, 172.583062, 21.520924, var=[1.0, 1.0, 1.0]), 37.65701404741067, GPS(-43.520600, 172.583000, 0.000000, var=[-1.0, -1.0, -1.0])
17:12:39:105357, 3, 2, 1630473158.1405919, 1, GPS(-43.520645, 172.582938, 21.512755, var=[1.0, 1.0, 1.0]), 37.64858646700844, GPS(-43.520600, 172.583000, 0.000000, var=[-1.0, -1.0, -1.0])
17:12:39:106370, 1, 2, 1630473157.6209416, 1, GPS(-43.520555, 172.582938, 21.516899, var=[1.0, 1.0, 1.0]), 37.65879913902083, GPS(-43.520600, 172.583000, 0.000000, var=[-1.0, -1.0, -1.0])
17:12:39:108216, 4, 2, 1630473158.4282594, 1, GPS(-43.520645, 172.583062, 21.527781, var=[1.0, 1.0, 1.0]), 37.661073572004184, GPS(-43.520600, 172.583000, 0.000000, var=[-1.0, -1.0, -1.0])
17:12:39:109783, 2, 2, 1630473157.3315573, 1, GPS(-43.520555, 172.583062, 21.510925, var=[1.0, 1.0, 1.0]), 37.654909776895366, GPS(-43.520600, 172.583000, 0.000000, var=[-1.0, -1.0, -1.0])
17:12:39:111128, 1, 3, 1630473158.9467633, 2, GPS(-43.520555, 172.582938, 21.529899, var=[1.0, 1.0, 1.0]), 37.6686762482463, GPS(-43.520600, 172.583000, 0.000000, var=[-1.0, -1.0, -1.0])
17:12:39:112416, 2, 3, 1630473158.682454, 2, GPS(-43.520555, 172.583062, 21.518925, var=[1.0, 1.0, 1.0]), 37.66072293924516, GPS(-43.520600, 172.583000, 0.000000, var=[-1.0, -1.0, -1.0])
17:12:39:392799, 3, 3, 1630473159.392651, 2, GPS(-43.520645, 172.582938, 21.531755, var=[1.0, 1.0, 1.0]), 49.20050011123173, GPS(-43.520600, 172.583000, 0.000000, var=[-1.0, -1.0, -1.0])
17:12:39:760556, 2, 3, 1630473159.760423, 3, GPS(-43.520555, 172.583062, 21.544925, var=[1.0, 1.0, 1.0]), 49.2192800694532, GPS(-43.520600, 172.583000, 0.000000, var=[-1.0, -1.0, -1.0])
17:12:39:952223, 1, 3, 1630473159.9520574, 3, GPS(-43.520555, 172.582938, 21.545899, var=[1.0, 1.0, 1.0]), 49.21842698224292, GPS(-43.520600, 172.583000, 0.000000, var=[-1.0, -1.0, -1.0])
17:12:40:416179, 3, 3, 1630473160.4160511, 3, GPS(-43.520645, 172.582938, 21.549755, var=[1.0, 1.0, 1.0]), 49.216942025002226, GPS(-43.520600, 172.583000, 0.000000, var=[-1.0, -1.0, -1.0])
17:12:40:762454, 2, 3, 1630473160.762204, 4, GPS(-43.520538, 172.583084, 21.609955, var=[1.0, 1.0, 1.0]), 50.18662842842927, GPS(-43.520600, 172.583000, 0.000000, var=[-1.0, -1.0, -1.0])
17:12:40:954040, 1, 3, 1630473160.953749, 4, GPS(-43.520539, 172.582914, 21.592920, var=[1.0, 1.0, 1.0]), 50.22619378657694, GPS(-43.520600, 172.583000, 0.000000, var=[-1.0, -1.0, -1.0])
17:12:41:417988, 3, 3, 1630473161.4177966, 4, GPS(-43.520657, 172.582921, 21.614732, var=[1.0, 1.0, 1.0]), 49.931644828473296, GPS(-43.520600, 172.583000, 0.000000, var=[-1.0, -1.0, -1.0])
17:12:41:764679, 2, 3, 1630473161.764429, 5, GPS(-43.520514, 172.583114, 21.538000, var=[1.0, 1.0, 1.0]), 51.81012678263787, GPS(-43.520600, 172.583000, 0.000000, var=[-1.0, -1.0, -1.0])
17:12:41:956038, 1, 3, 1630473161.9555943, 5, GPS(-43.520516, 172.582881, 21.534949, var=[1.0, 1.0, 1.0]), 51.894529449681045, GPS(-43.520600, 172.583000, 0.000000, var=[-1.0, -1.0, -1.0])
17:12:42:419427, 3, 3, 1630473162.4193008, 5, GPS(-43.520683, 172.582889, 21.542684, var=[1.0, 1.0, 1.0]), 51.59897228201191, GPS(-43.520600, 172.583000, 0.000000, var=[-1.0, -1.0, -1.0])
17:12:42:768094, 2, 4, 1630473162.7676353, 6, GPS(-43.520507, 172.583127, 21.539015, var=[1.0, 1.0, 1.0]), 52.560316411569104, GPS(-43.520600, 172.583000, 0.000000, var=[-1.0, -1.0, -1.0])
17:12:42:958927, 1, 4, 1630473162.9587646, 6, GPS(-43.520507, 172.582871, 21.535961, var=[1.0, 1.0, 1.0]), 52.6161836070917, GPS(-43.520600, 172.583000, 0.000000, var=[-1.0, -1.0, -1.0])
17:12:43:422343, 3, 4, 1630473163.4221318, 6, GPS(-43.520693, 172.582873, 21.529664, var=[1.0, 1.0, 1.0]), 52.517688808733894, GPS(-43.520600, 172.583000, 0.000000, var=[-1.0, -1.0, -1.0])
17:12:43:769663, 2, 4, 1630473163.7695317, 7, GPS(-43.520508, 172.583129, 21.546013, var=[1.0, 1.0, 1.0]), 52.54247479938268, GPS(-43.520600, 172.583000, 0.000000, var=[-1.0, -1.0, -1.0])
17:12:43:960851, 1, 4, 1630473163.9604826, 7, GPS(-43.520506, 172.582874, 21.550963, var=[1.0, 1.0, 1.0]), 52.559494629387444, GPS(-43.520600, 172.583000, 0.000000, var=[-1.0, -1.0, -1.0])
17:12:44:423596, 3, 4, 1630473164.4234333, 7, GPS(-43.520692, 172.582870, 21.554665, var=[1.0, 1.0, 1.0]), 52.58743643549805, GPS(-43.520600, 172.583000, 0.000000, var=[-1.0, -1.0, -1.0])
17:12:44:771186, 2, 4, 1630473164.7710552, 8, GPS(-43.520511, 172.583127, 21.555009, var=[1.0, 1.0, 1.0]), 52.383211751775264, GPS(-43.520600, 172.583000, 0.000000, var=[-1.0, -1.0, -1.0])
17:12:44:846551, 1, 4, 1630473164.8464258, 8, GPS(-43.520508, 172.582876, 21.547961, var=[1.0, 1.0, 1.0]), 52.38198397852621, GPS(-43.520600, 172.583000, 0.000000, var=[-1.0, -1.0, -1.0])
17:12:44:848745, 2, 4, 1630473164.8464253, 9, GPS(-43.520511, 172.583127, 21.554009, var=[1.0, 1.0, 1.0]), 52.371723414541684, GPS(-43.520600, 172.583000, 0.000000, var=[-1.0, -1.0, -1.0])
17:12:44:849652, 3, 4, 1630473164.8464348, 8, GPS(-43.520691, 172.582871, 21.550668, var=[1.0, 1.0, 1.0]), 52.50179896740668, GPS(-43.520600, 172.583000, 0.000000, var=[-1.0, -1.0, -1.0])
17:12:45:847945, 3, 4, 1630473165.8476841, 9, GPS(-43.520689, 172.582874, 21.558671, var=[1.0, 1.0, 1.0]), 52.34471746881868, GPS(-43.520600, 172.583000, 0.000000, var=[-1.0, -1.0, -1.0])
17:12:45:850385, 1, 4, 1630473165.8478916, 9, GPS(-43.520510, 172.582877, 21.556958, var=[1.0, 1.0, 1.0]), 52.29540211688139, GPS(-43.520600, 172.583000, 0.000000, var=[-1.0, -1.0, -1.0])
17:12:45:852444, 2, 4, 1630473165.8477895, 10, GPS(-43.520511, 172.583124, 21.571008, var=[1.0, 1.0, 1.0]), 52.30353513215202, GPS(-43.520600, 172.583000, 0.000000, var=[-1.0, -1.0, -1.0])
17:12:46:849452, 3, 4, 1630473166.8493197, 10, GPS(-43.520689, 172.582876, 21.579671, var=[1.0, 1.0, 1.0]), 52.29710571812883, GPS(-43.520600, 172.583000, 0.000000, var=[-1.0, -1.0, -1.0])
17:12:46:850427, 2, 4, 1630473166.8500347, 11, GPS(-43.520510, 172.583124, 21.586008, var=[1.0, 1.0, 1.0]), 52.318741676593625, GPS(-43.520600, 172.583000, 0.000000, var=[-1.0, -1.0, -1.0])
17:12:46:851118, 1, 4, 1630473166.8494697, 10, GPS(-43.520510, 172.582877, 21.573957, var=[1.0, 1.0, 1.0]), 52.29618007515636, GPS(-43.520600, 172.583000, 0.000000, var=[-1.0, -1.0, -1.0])
17:12:47:850958, 3, 4, 1630473167.8507853, 11, GPS(-43.520689, 172.582876, 21.592671, var=[1.0, 1.0, 1.0]), 52.302088405601765, GPS(-43.520600, 172.583000, 0.000000, var=[-1.0, -1.0, -1.0])
17:12:47:852248, 2, 4, 1630473167.8513627, 12, GPS(-43.520510, 172.583124, 21.613009, var=[1.0, 1.0, 1.0]), 52.362864350840354, GPS(-43.520600, 172.583000, 0.000000, var=[-1.0, -1.0, -1.0])
17:12:47:853732, 1, 4, 1630473167.850946, 11, GPS(-43.520510, 172.582876, 21.591957, var=[1.0, 1.0, 1.0]), 52.33662737887083, GPS(-43.520600, 172.583000, 0.000000, var=[-1.0, -1.0, -1.0])
17:12:48:118766, 3, 4, 1630473168.118593, 12, GPS(-43.520689, 172.582876, 21.591671, var=[1.0, 1.0, 1.0]), 52.305537361842255, GPS(-43.520600, 172.583000, 0.000000, var=[-1.0, -1.0, -1.0])
17:12:48:120160, 2, 4, 1630473168.1186037, 13, GPS(-43.520510, 172.583124, 21.610009, var=[1.0, 1.0, 1.0]), 52.36466974959977, GPS(-43.520600, 172.583000, 0.000000, var=[-1.0, -1.0, -1.0])
17:12:48:121439, 1, 4, 1630473168.1185977, 12, GPS(-43.520510, 172.582876, 21.590957, var=[1.0, 1.0, 1.0]), 52.343220671612066, GPS(-43.520600, 172.583000, 0.000000, var=[-1.0, -1.0, -1.0])
17:12:49:119701, 1, 4, 1630473169.1195185, 13, GPS(-43.520510, 172.582876, 21.617957, var=[1.0, 1.0, 1.0]), 52.715197625186136, GPS(-43.520600, 172.583010, 0.000000, var=[-1.0, -1.0, -1.0])
17:12:49:121586, 3, 4, 1630473169.1195252, 13, GPS(-43.520690, 172.582876, 21.611670, var=[1.0, 1.0, 1.0]), 52.67633936070831, GPS(-43.520600, 172.583010, 0.000000, var=[-1.0, -1.0, -1.0])
17:12:49:123191, 2, 4, 1630473169.119543, 14, GPS(-43.520510, 172.583124, 21.619010, var=[1.0, 1.0, 1.0]), 52.0959111271132, GPS(-43.520600, 172.583010, 0.000000, var=[-1.0, -1.0, -1.0])
17:12:50:120703, 3, 4, 1630473170.1205332, 14, GPS(-43.520690, 172.582876, 21.605670, var=[1.0, 1.0, 1.0]), 52.68894722317252, GPS(-43.520600, 172.583010, 0.000000, var=[-1.0, -1.0, -1.0])
17:12:50:122101, 1, 4, 1630473170.1205413, 14, GPS(-43.520510, 172.582876, 21.612958, var=[1.0, 1.0, 1.0]), 52.72626219104111, GPS(-43.520600, 172.583010, 0.000000, var=[-1.0, -1.0, -1.0])
17:12:50:123600, 2, 4, 1630473170.1205492, 15, GPS(-43.520510, 172.583124, 21.613010, var=[1.0, 1.0, 1.0]), 52.09083431851238, GPS(-43.520600, 172.583010, 0.000000, var=[-1.0, -1.0, -1.0])
17:12:51:120919, 2, 4, 1630473171.1207972, 16, GPS(-43.520510, 172.583124, 21.611010, var=[1.0, 1.0, 1.0]), 51.84496750906268, GPS(-43.520600, 172.583020, 0.000000, var=[-1.0, -1.0, -1.0])
17:12:51:121873, 1, 4, 1630473171.1207998, 15, GPS(-43.520510, 172.582876, 21.614958, var=[1.0, 1.0, 1.0]), 53.105469797459996, GPS(-43.520600, 172.583020, 0.000000, var=[-1.0, -1.0, -1.0])
17:12:51:122566, 3, 4, 1630473171.1207976, 15, GPS(-43.520690, 172.582876, 21.615670, var=[1.0, 1.0, 1.0]), 53.07796844663643, GPS(-43.520600, 172.583020, 0.000000, var=[-1.0, -1.0, -1.0])
17:12:52:121065, 3, 4, 1630473172.12091, 16, GPS(-43.520690, 172.582876, 21.613670, var=[1.0, 1.0, 1.0]), 53.50089200467323, GPS(-43.520600, 172.583030, 0.000000, var=[-1.0, -1.0, -1.0])
17:12:52:122456, 1, 4, 1630473172.1209152, 16, GPS(-43.520510, 172.582876, 21.598958, var=[1.0, 1.0, 1.0]), 53.51765436993051, GPS(-43.520600, 172.583030, 0.000000, var=[-1.0, -1.0, -1.0])
17:12:52:124063, 2, 4, 1630473172.121061, 17, GPS(-43.520510, 172.583124, 21.607009, var=[1.0, 1.0, 1.0]), 51.64262746825082, GPS(-43.520600, 172.583030, 0.000000, var=[-1.0, -1.0, -1.0])
17:12:53:122390, 1, 4, 1630473173.1220832, 17, GPS(-43.520510, 172.582876, 21.597958, var=[1.0, 1.0, 1.0]), 54.077283569470104, GPS(-43.520602, 172.583040, 0.000000, var=[-1.0, -1.0, -1.0])
17:12:53:125362, 2, 4, 1630473173.1221082, 18, GPS(-43.520510, 172.583123, 21.597009, var=[1.0, 1.0, 1.0]), 51.578292204271804, GPS(-43.520602, 172.583040, 0.000000, var=[-1.0, -1.0, -1.0])
17:12:53:127013, 3, 4, 1630473173.122075, 17, GPS(-43.520690, 172.582876, 21.604670, var=[1.0, 1.0, 1.0]), 53.88264317689433, GPS(-43.520602, 172.583040, 0.000000, var=[-1.0, -1.0, -1.0])
17:12:54:124342, 2, 4, 1630473174.1240964, 19, GPS(-43.520510, 172.583124, 21.581009, var=[1.0, 1.0, 1.0]), 51.56657303731487, GPS(-43.520602, 172.583040, 0.000000, var=[-1.0, -1.0, -1.0])
17:12:54:126024, 3, 4, 1630473174.1241107, 18, GPS(-43.520689, 172.582876, 21.593671, var=[1.0, 1.0, 1.0]), 53.8659178206923, GPS(-43.520602, 172.583040, 0.000000, var=[-1.0, -1.0, -1.0])
17:12:54:127424, 1, 4, 1630473174.1241376, 18, GPS(-43.520510, 172.582876, 21.585958, var=[1.0, 1.0, 1.0]), 54.0638975241345, GPS(-43.520602, 172.583040, 0.000000, var=[-1.0, -1.0, -1.0])
STOP: 09/01/2021 17:12:55:057830
