START: 09/24/2021 12:52:10:098253
TIME,            STATES_LIST;          TARGET_FILT_CART;          TARGET_FILT_GPS;          TARGET_REAL_GPS;          TX_FILT_CART;          TX_FILT_GPS;          TX_REAL_GPS;          MULTILATERATION_ERROR;          MODE;          
12:54:11:527863; [1, 1, 1, 1]4; None; GPS(-43.522208, 172.577700, 0.000000, var=[-1.0, -1.0, -1.0]); GPS(-43.522208, 172.577698, 0.000000, var=[-1.0, -1.0, -1.0]); None; GPS(-43.522208, 172.577700, 15.000000, var=[-1.0, -1.0, -1.0]); GPS(-43.522208, 172.577700, 26.464133, var=[-1, -1, -1]); 0.13438045861783177; OFFBOARD
12:54:17:797781; [2, 2, 2, 2]4; None; GPS(-43.522208, 172.577700, 0.000000, var=[-1.0, -1.0, -1.0]); GPS(-43.522208, 172.577698, 0.000000, var=[-1.0, -1.0, -1.0]); None; GPS(-43.522208, 172.577700, 15.000000, var=[-1.0, -1.0, -1.0]); GPS(-43.522209, 172.577701, 26.506133, var=[-1, -1, -1]); 0.13438045861783177; OFFBOARD
12:55:22:903956; [3, 3, 3, 3]4; None; GPS(-43.522208, 172.577700, 0.000000, var=[-1.0, -1.0, -1.0]); GPS(-43.522208, 172.577698, 0.000000, var=[-1.0, -1.0, -1.0]); None; GPS(-43.522208, 172.577700, 15.000000, var=[-1.0, -1.0, -1.0]); GPS(-43.522208, 172.577700, 26.467134, var=[-1, -1, -1]); 0.13438045861783177; OFFBOARD
12:55:22:907143; [3, 3, 3, 3]4; None; GPS(-43.522208, 172.577700, 0.000000, var=[-1.0, -1.0, -1.0]); GPS(-43.522208, 172.577698, 0.000000, var=[-1.0, -1.0, -1.0]); None; GPS(-43.522208, 172.577700, 15.000000, var=[-1.0, -1.0, -1.0]); GPS(-43.522208, 172.577700, 26.467134, var=[-1, -1, -1]); 0.13438045861783177; OFFBOARD
12:55:22:909387; [3, 3, 3, 3]4; None; GPS(-43.522208, 172.577700, 0.000000, var=[-1.0, -1.0, -1.0]); GPS(-43.522208, 172.577698, 0.000000, var=[-1.0, -1.0, -1.0]); None; GPS(-43.522208, 172.577700, 15.000000, var=[-1.0, -1.0, -1.0]); GPS(-43.522208, 172.577700, 26.467134, var=[-1, -1, -1]); 0.13438045861783177; OFFBOARD
12:55:22:922075; [3, 3, 3, 3]4; None; GPS(-43.522208, 172.577700, 0.000000, var=[-1.0, -1.0, -1.0]); GPS(-43.522208, 172.577698, 0.000000, var=[-1.0, -1.0, -1.0]); None; GPS(-43.522208, 172.577700, 15.000000, var=[-1.0, -1.0, -1.0]); GPS(-43.522208, 172.577700, 26.467134, var=[-1, -1, -1]); 0.13438045861783177; OFFBOARD
12:55:22:923750; [3, 3, 3, 3]4; None; GPS(-43.522208, 172.577700, 0.000000, var=[-1.0, -1.0, -1.0]); GPS(-43.522208, 172.577698, 0.000000, var=[-1.0, -1.0, -1.0]); None; GPS(-43.522208, 172.577700, 15.000000, var=[-1.0, -1.0, -1.0]); GPS(-43.522208, 172.577700, 26.467134, var=[-1, -1, -1]); 0.13438045861783177; OFFBOARD
12:55:22:925662; [3, 3, 3, 3]4; None; GPS(-43.522208, 172.577700, 0.000000, var=[-1.0, -1.0, -1.0]); GPS(-43.522208, 172.577698, 0.000000, var=[-1.0, -1.0, -1.0]); None; GPS(-43.522208, 172.577700, 15.000000, var=[-1.0, -1.0, -1.0]); GPS(-43.522208, 172.577700, 26.467134, var=[-1, -1, -1]); 0.13438045861783177; OFFBOARD
12:55:22:926358; [3, 3, 3, 3]4; None; GPS(-43.522208, 172.577700, 0.000000, var=[-1.0, -1.0, -1.0]); GPS(-43.522208, 172.577698, 0.000000, var=[-1.0, -1.0, -1.0]); None; GPS(-43.522208, 172.577700, 15.000000, var=[-1.0, -1.0, -1.0]); GPS(-43.522208, 172.577700, 26.467134, var=[-1, -1, -1]); 0.13438045861783177; OFFBOARD
12:55:22:927284; [3, 3, 3, 3]4; None; GPS(-43.522208, 172.577700, 0.000000, var=[-1.0, -1.0, -1.0]); GPS(-43.522208, 172.577698, 0.000000, var=[-1.0, -1.0, -1.0]); None; GPS(-43.522208, 172.577700, 15.000000, var=[-1.0, -1.0, -1.0]); GPS(-43.522208, 172.577700, 26.467134, var=[-1, -1, -1]); 0.13438045861783177; OFFBOARD
12:55:22:928530; [3, 3, 3, 3]4; None; GPS(-43.522208, 172.577700, 0.000000, var=[-1.0, -1.0, -1.0]); GPS(-43.522208, 172.577698, 0.000000, var=[-1.0, -1.0, -1.0]); None; GPS(-43.522208, 172.577700, 15.000000, var=[-1.0, -1.0, -1.0]); GPS(-43.522208, 172.577700, 26.467134, var=[-1, -1, -1]); 0.13438045861783177; OFFBOARD
12:55:22:930745; [3, 3, 3, 3]4; None; GPS(-43.522208, 172.577700, 0.000000, var=[-1.0, -1.0, -1.0]); GPS(-43.522208, 172.577698, 0.000000, var=[-1.0, -1.0, -1.0]); None; GPS(-43.522208, 172.577700, 15.000000, var=[-1.0, -1.0, -1.0]); GPS(-43.522208, 172.577700, 26.467134, var=[-1, -1, -1]); 0.13438045861783177; OFFBOARD
12:55:22:933860; [3, 3, 3, 3]4; None; GPS(-43.522208, 172.577700, 0.000000, var=[-1.0, -1.0, -1.0]); GPS(-43.522208, 172.577698, 0.000000, var=[-1.0, -1.0, -1.0]); None; GPS(-43.522208, 172.577700, 15.000000, var=[-1.0, -1.0, -1.0]); GPS(-43.522208, 172.577700, 26.468134, var=[-1, -1, -1]); 0.13438045861783177; OFFBOARD
12:55:22:936758; [3, 3, 3, 3]4; None; GPS(-43.522208, 172.577700, 0.000000, var=[-1.0, -1.0, -1.0]); GPS(-43.522208, 172.577698, 0.000000, var=[-1.0, -1.0, -1.0]); None; GPS(-43.522208, 172.577700, 15.000000, var=[-1.0, -1.0, -1.0]); GPS(-43.522208, 172.577700, 26.468134, var=[-1, -1, -1]); 0.13438045861783177; OFFBOARD
12:55:22:940328; [3, 3, 4, 4]4; None; GPS(-43.522208, 172.577700, 0.000000, var=[-1.0, -1.0, -1.0]); GPS(-43.522208, 172.577698, 0.000000, var=[-1.0, -1.0, -1.0]); None; GPS(-43.522208, 172.577700, 15.000000, var=[-1.0, -1.0, -1.0]); GPS(-43.522208, 172.577700, 26.468134, var=[-1, -1, -1]); 0.13438045861783177; OFFBOARD
12:55:22:942280; [3, 3, 4, 4]4; None; GPS(-43.522208, 172.577700, 0.000000, var=[-1.0, -1.0, -1.0]); GPS(-43.522208, 172.577698, 0.000000, var=[-1.0, -1.0, -1.0]); None; GPS(-43.522208, 172.577700, 15.000000, var=[-1.0, -1.0, -1.0]); GPS(-43.522208, 172.577700, 26.468134, var=[-1, -1, -1]); 0.13438045861783177; OFFBOARD
12:55:22:946269; [3, 4, 4, 4]4; None; GPS(-43.522208, 172.577700, 0.000000, var=[-1.0, -1.0, -1.0]); GPS(-43.522208, 172.577698, 0.000000, var=[-1.0, -1.0, -1.0]); None; GPS(-43.522208, 172.577700, 15.000000, var=[-1.0, -1.0, -1.0]); GPS(-43.522208, 172.577700, 26.468134, var=[-1, -1, -1]); 0.13438045861783177; OFFBOARD
12:55:22:952414; [3, 4, 4, 4]4; None; GPS(-43.522208, 172.577700, 0.000000, var=[-1.0, -1.0, -1.0]); GPS(-43.522208, 172.577698, 0.000000, var=[-1.0, -1.0, -1.0]); None; GPS(-43.522208, 172.577700, 15.000000, var=[-1.0, -1.0, -1.0]); GPS(-43.522208, 172.577700, 26.468134, var=[-1, -1, -1]); 0.13438045861783177; OFFBOARD
12:55:22:954031; [3, 4, 4, 4]4; None; GPS(-43.522208, 172.577700, 0.000000, var=[-1.0, -1.0, -1.0]); GPS(-43.522208, 172.577698, 0.000000, var=[-1.0, -1.0, -1.0]); None; GPS(-43.522208, 172.577700, 15.000000, var=[-1.0, -1.0, -1.0]); GPS(-43.522208, 172.577700, 26.468134, var=[-1, -1, -1]); 0.13438045861783177; OFFBOARD
12:55:22:956835; [3, 4, 4, 4]4; None; GPS(-43.522208, 172.577700, 0.000000, var=[-1.0, -1.0, -1.0]); GPS(-43.522208, 172.577698, 0.000000, var=[-1.0, -1.0, -1.0]); None; GPS(-43.522208, 172.577700, 15.000000, var=[-1.0, -1.0, -1.0]); GPS(-43.522208, 172.577700, 26.468134, var=[-1, -1, -1]); 0.13438045861783177; OFFBOARD
12:55:22:957744; [3, 4, 4, 4]4; None; GPS(-43.522208, 172.577700, 0.000000, var=[-1.0, -1.0, -1.0]); GPS(-43.522208, 172.577698, 0.000000, var=[-1.0, -1.0, -1.0]); None; GPS(-43.522208, 172.577700, 15.000000, var=[-1.0, -1.0, -1.0]); GPS(-43.522208, 172.577700, 26.468134, var=[-1, -1, -1]); 0.13438045861783177; OFFBOARD
12:55:22:958237; [3, 4, 4, 4]4; None; GPS(-43.522208, 172.577700, 0.000000, var=[-1.0, -1.0, -1.0]); GPS(-43.522208, 172.577698, 0.000000, var=[-1.0, -1.0, -1.0]); None; GPS(-43.522208, 172.577700, 15.000000, var=[-1.0, -1.0, -1.0]); GPS(-43.522208, 172.577700, 26.468134, var=[-1, -1, -1]); 0.13438045861783177; OFFBOARD
12:55:22:958637; [3, 4, 4, 4]4; None; GPS(-43.522208, 172.577700, 0.000000, var=[-1.0, -1.0, -1.0]); GPS(-43.522208, 172.577698, 0.000000, var=[-1.0, -1.0, -1.0]); None; GPS(-43.522208, 172.577700, 15.000000, var=[-1.0, -1.0, -1.0]); GPS(-43.522208, 172.577700, 26.468134, var=[-1, -1, -1]); 0.13438045861783177; OFFBOARD
12:55:22:959000; [3, 4, 4, 4]4; None; GPS(-43.522208, 172.577700, 0.000000, var=[-1.0, -1.0, -1.0]); GPS(-43.522208, 172.577698, 0.000000, var=[-1.0, -1.0, -1.0]); None; GPS(-43.522208, 172.577700, 15.000000, var=[-1.0, -1.0, -1.0]); GPS(-43.522208, 172.577700, 26.468134, var=[-1, -1, -1]); 0.13438045861783177; OFFBOARD
12:55:22:959388; [3, 4, 4, 4]4; None; GPS(-43.522208, 172.577700, 0.000000, var=[-1.0, -1.0, -1.0]); GPS(-43.522208, 172.577698, 0.000000, var=[-1.0, -1.0, -1.0]); None; GPS(-43.522208, 172.577700, 15.000000, var=[-1.0, -1.0, -1.0]); GPS(-43.522208, 172.577700, 26.468134, var=[-1, -1, -1]); 0.13438045861783177; OFFBOARD
12:55:22:963177; [3, 4, 4, 4]4; None; GPS(-43.522208, 172.577700, 0.000000, var=[-1.0, -1.0, -1.0]); GPS(-43.522208, 172.577698, 0.000000, var=[-1.0, -1.0, -1.0]); None; GPS(-43.522208, 172.577700, 15.000000, var=[-1.0, -1.0, -1.0]); GPS(-43.522208, 172.577700, 26.468134, var=[-1, -1, -1]); 0.13438045861783177; OFFBOARD
12:55:22:965964; [3, 4, 4, 4]4; None; GPS(-43.522208, 172.577700, 0.000000, var=[-1.0, -1.0, -1.0]); GPS(-43.522208, 172.577698, 0.000000, var=[-1.0, -1.0, -1.0]); None; GPS(-43.522208, 172.577700, 15.000000, var=[-1.0, -1.0, -1.0]); GPS(-43.522208, 172.577700, 26.468134, var=[-1, -1, -1]); 0.13438045861783177; OFFBOARD
12:55:22:966522; [3, 4, 4, 4]4; None; GPS(-43.522208, 172.577700, 0.000000, var=[-1.0, -1.0, -1.0]); GPS(-43.522208, 172.577698, 0.000000, var=[-1.0, -1.0, -1.0]); None; GPS(-43.522208, 172.577700, 15.000000, var=[-1.0, -1.0, -1.0]); GPS(-43.522208, 172.577700, 26.468134, var=[-1, -1, -1]); 0.13438045861783177; OFFBOARD
12:55:22:967166; [3, 4, 4, 4]4; None; GPS(-43.522208, 172.577700, 0.000000, var=[-1.0, -1.0, -1.0]); GPS(-43.522208, 172.577698, 0.000000, var=[-1.0, -1.0, -1.0]); None; GPS(-43.522208, 172.577700, 15.000000, var=[-1.0, -1.0, -1.0]); GPS(-43.522208, 172.577700, 26.468134, var=[-1, -1, -1]); 0.13438045861783177; OFFBOARD
12:55:22:968912; [3, 4, 4, 4]4; None; GPS(-43.522208, 172.577700, 0.000000, var=[-1.0, -1.0, -1.0]); GPS(-43.522208, 172.577698, 0.000000, var=[-1.0, -1.0, -1.0]); None; GPS(-43.522208, 172.577700, 15.000000, var=[-1.0, -1.0, -1.0]); GPS(-43.522208, 172.577700, 26.468134, var=[-1, -1, -1]); 0.13438045861783177; OFFBOARD
12:55:22:969504; [3, 4, 4, 4]4; None; GPS(-43.522208, 172.577700, 0.000000, var=[-1.0, -1.0, -1.0]); GPS(-43.522208, 172.577698, 0.000000, var=[-1.0, -1.0, -1.0]); None; GPS(-43.522208, 172.577700, 15.000000, var=[-1.0, -1.0, -1.0]); GPS(-43.522208, 172.577700, 26.469134, var=[-1, -1, -1]); 0.13438045861783177; OFFBOARD
12:55:22:969842; [3, 4, 4, 4]4; None; GPS(-43.522208, 172.577700, 0.000000, var=[-1.0, -1.0, -1.0]); GPS(-43.522208, 172.577698, 0.000000, var=[-1.0, -1.0, -1.0]); None; GPS(-43.522208, 172.577700, 15.000000, var=[-1.0, -1.0, -1.0]); GPS(-43.522208, 172.577700, 26.469134, var=[-1, -1, -1]); 0.13438045861783177; OFFBOARD
12:55:22:970127; [3, 4, 4, 4]4; None; GPS(-43.522208, 172.577700, 0.000000, var=[-1.0, -1.0, -1.0]); GPS(-43.522208, 172.577698, 0.000000, var=[-1.0, -1.0, -1.0]); None; GPS(-43.522208, 172.577700, 15.000000, var=[-1.0, -1.0, -1.0]); GPS(-43.522208, 172.577700, 26.469134, var=[-1, -1, -1]); 0.13438045861783177; OFFBOARD
12:55:22:970396; [3, 4, 4, 4]4; None; GPS(-43.522208, 172.577700, 0.000000, var=[-1.0, -1.0, -1.0]); GPS(-43.522208, 172.577698, 0.000000, var=[-1.0, -1.0, -1.0]); None; GPS(-43.522208, 172.577700, 15.000000, var=[-1.0, -1.0, -1.0]); GPS(-43.522208, 172.577700, 26.469134, var=[-1, -1, -1]); 0.13438045861783177; OFFBOARD
12:55:22:970672; [3, 4, 4, 4]4; None; GPS(-43.522208, 172.577700, 0.000000, var=[-1.0, -1.0, -1.0]); GPS(-43.522208, 172.577698, 0.000000, var=[-1.0, -1.0, -1.0]); None; GPS(-43.522208, 172.577700, 15.000000, var=[-1.0, -1.0, -1.0]); GPS(-43.522208, 172.577700, 26.469134, var=[-1, -1, -1]); 0.13438045861783177; OFFBOARD
12:55:22:970934; [3, 4, 4, 4]4; None; GPS(-43.522208, 172.577700, 0.000000, var=[-1.0, -1.0, -1.0]); GPS(-43.522208, 172.577698, 0.000000, var=[-1.0, -1.0, -1.0]); None; GPS(-43.522208, 172.577700, 15.000000, var=[-1.0, -1.0, -1.0]); GPS(-43.522208, 172.577700, 26.469134, var=[-1, -1, -1]); 0.13438045861783177; OFFBOARD
12:55:22:971215; [3, 4, 4, 4]4; None; GPS(-43.522208, 172.577700, 0.000000, var=[-1.0, -1.0, -1.0]); GPS(-43.522208, 172.577698, 0.000000, var=[-1.0, -1.0, -1.0]); None; GPS(-43.522208, 172.577700, 15.000000, var=[-1.0, -1.0, -1.0]); GPS(-43.522208, 172.577700, 26.469134, var=[-1, -1, -1]); 0.13438045861783177; OFFBOARD
12:55:22:972158; [3, 4, 4, 4]4; None; GPS(-43.522208, 172.577700, 0.000000, var=[-1.0, -1.0, -1.0]); GPS(-43.522208, 172.577698, 0.000000, var=[-1.0, -1.0, -1.0]); None; GPS(-43.522208, 172.577700, 15.000000, var=[-1.0, -1.0, -1.0]); GPS(-43.522208, 172.577700, 26.469134, var=[-1, -1, -1]); 0.13438045861783177; OFFBOARD
12:55:22:973035; [3, 4, 4, 4]4; None; GPS(-43.522208, 172.577700, 0.000000, var=[-1.0, -1.0, -1.0]); GPS(-43.522208, 172.577698, 0.000000, var=[-1.0, -1.0, -1.0]); None; GPS(-43.522208, 172.577700, 15.000000, var=[-1.0, -1.0, -1.0]); GPS(-43.522208, 172.577700, 26.469134, var=[-1, -1, -1]); 0.13438045861783177; OFFBOARD
12:55:22:973447; [3, 4, 4, 4]4; None; GPS(-43.522208, 172.577700, 0.000000, var=[-1.0, -1.0, -1.0]); GPS(-43.522208, 172.577698, 0.000000, var=[-1.0, -1.0, -1.0]); None; GPS(-43.522208, 172.577700, 15.000000, var=[-1.0, -1.0, -1.0]); GPS(-43.522208, 172.577700, 26.469134, var=[-1, -1, -1]); 0.13438045861783177; OFFBOARD
12:55:22:973813; [3, 4, 4, 4]4; None; GPS(-43.522208, 172.577700, 0.000000, var=[-1.0, -1.0, -1.0]); GPS(-43.522208, 172.577698, 0.000000, var=[-1.0, -1.0, -1.0]); None; GPS(-43.522208, 172.577700, 15.000000, var=[-1.0, -1.0, -1.0]); GPS(-43.522208, 172.577700, 26.469134, var=[-1, -1, -1]); 0.13438045861783177; OFFBOARD
12:55:22:974120; [3, 4, 4, 4]4; None; GPS(-43.522208, 172.577700, 0.000000, var=[-1.0, -1.0, -1.0]); GPS(-43.522208, 172.577698, 0.000000, var=[-1.0, -1.0, -1.0]); None; GPS(-43.522208, 172.577700, 15.000000, var=[-1.0, -1.0, -1.0]); GPS(-43.522208, 172.577700, 26.469134, var=[-1, -1, -1]); 0.13438045861783177; OFFBOARD
12:55:22:974467; [3, 4, 4, 4]4; None; GPS(-43.522208, 172.577700, 0.000000, var=[-1.0, -1.0, -1.0]); GPS(-43.522208, 172.577698, 0.000000, var=[-1.0, -1.0, -1.0]); None; GPS(-43.522208, 172.577700, 15.000000, var=[-1.0, -1.0, -1.0]); GPS(-43.522208, 172.577700, 26.469134, var=[-1, -1, -1]); 0.13438045861783177; OFFBOARD
12:55:22:974819; [3, 4, 4, 4]4; None; GPS(-43.522208, 172.577700, 0.000000, var=[-1.0, -1.0, -1.0]); GPS(-43.522208, 172.577698, 0.000000, var=[-1.0, -1.0, -1.0]); None; GPS(-43.522208, 172.577700, 15.000000, var=[-1.0, -1.0, -1.0]); GPS(-43.522208, 172.577700, 26.469134, var=[-1, -1, -1]); 0.13438045861783177; OFFBOARD
12:55:22:975234; [3, 4, 4, 4]4; None; GPS(-43.522208, 172.577700, 0.000000, var=[-1.0, -1.0, -1.0]); GPS(-43.522208, 172.577698, 0.000000, var=[-1.0, -1.0, -1.0]); None; GPS(-43.522208, 172.577700, 15.000000, var=[-1.0, -1.0, -1.0]); GPS(-43.522208, 172.577700, 26.469134, var=[-1, -1, -1]); 0.13438045861783177; OFFBOARD
12:55:22:976768; [3, 4, 4, 4]4; None; GPS(-43.522208, 172.577700, 0.000000, var=[-1.0, -1.0, -1.0]); GPS(-43.522208, 172.577698, 0.000000, var=[-1.0, -1.0, -1.0]); None; GPS(-43.522208, 172.577700, 15.000000, var=[-1.0, -1.0, -1.0]); GPS(-43.522208, 172.577700, 26.469134, var=[-1, -1, -1]); 0.13438045861783177; OFFBOARD
12:55:22:978879; [3, 4, 4, 4]4; None; GPS(-43.522208, 172.577700, 0.000000, var=[-1.0, -1.0, -1.0]); GPS(-43.522208, 172.577698, 0.000000, var=[-1.0, -1.0, -1.0]); None; GPS(-43.522208, 172.577700, 15.000000, var=[-1.0, -1.0, -1.0]); GPS(-43.522208, 172.577700, 26.469134, var=[-1, -1, -1]); 0.13438045861783177; OFFBOARD
12:55:22:979233; [3, 4, 4, 4]4; None; GPS(-43.522208, 172.577700, 0.000000, var=[-1.0, -1.0, -1.0]); GPS(-43.522208, 172.577698, 0.000000, var=[-1.0, -1.0, -1.0]); None; GPS(-43.522208, 172.577700, 15.000000, var=[-1.0, -1.0, -1.0]); GPS(-43.522208, 172.577700, 26.469134, var=[-1, -1, -1]); 0.13438045861783177; OFFBOARD
12:55:22:981242; [3, 4, 4, 4]4; None; GPS(-43.522208, 172.577700, 0.000000, var=[-1.0, -1.0, -1.0]); GPS(-43.522208, 172.577698, 0.000000, var=[-1.0, -1.0, -1.0]); None; GPS(-43.522208, 172.577700, 15.000000, var=[-1.0, -1.0, -1.0]); GPS(-43.522208, 172.577700, 26.469134, var=[-1, -1, -1]); 0.13438045861783177; OFFBOARD
12:55:22:981763; [3, 4, 4, 4]4; None; GPS(-43.522208, 172.577700, 0.000000, var=[-1.0, -1.0, -1.0]); GPS(-43.522208, 172.577698, 0.000000, var=[-1.0, -1.0, -1.0]); None; GPS(-43.522208, 172.577700, 15.000000, var=[-1.0, -1.0, -1.0]); GPS(-43.522208, 172.577700, 26.469134, var=[-1, -1, -1]); 0.13438045861783177; OFFBOARD
12:55:22:982276; [3, 4, 4, 4]4; None; GPS(-43.522208, 172.577700, 0.000000, var=[-1.0, -1.0, -1.0]); GPS(-43.522208, 172.577698, 0.000000, var=[-1.0, -1.0, -1.0]); None; GPS(-43.522208, 172.577700, 15.000000, var=[-1.0, -1.0, -1.0]); GPS(-43.522208, 172.577700, 26.469134, var=[-1, -1, -1]); 0.13438045861783177; OFFBOARD
12:55:22:982596; [3, 4, 4, 4]4; None; GPS(-43.522208, 172.577700, 0.000000, var=[-1.0, -1.0, -1.0]); GPS(-43.522208, 172.577698, 0.000000, var=[-1.0, -1.0, -1.0]); None; GPS(-43.522208, 172.577700, 15.000000, var=[-1.0, -1.0, -1.0]); GPS(-43.522208, 172.577700, 26.469134, var=[-1, -1, -1]); 0.13438045861783177; OFFBOARD
12:55:22:982887; [3, 4, 4, 4]4; None; GPS(-43.522208, 172.577700, 0.000000, var=[-1.0, -1.0, -1.0]); GPS(-43.522208, 172.577698, 0.000000, var=[-1.0, -1.0, -1.0]); None; GPS(-43.522208, 172.577700, 15.000000, var=[-1.0, -1.0, -1.0]); GPS(-43.522208, 172.577700, 26.469134, var=[-1, -1, -1]); 0.13438045861783177; OFFBOARD
12:55:22:983181; [3, 4, 4, 4]4; None; GPS(-43.522208, 172.577700, 0.000000, var=[-1.0, -1.0, -1.0]); GPS(-43.522208, 172.577698, 0.000000, var=[-1.0, -1.0, -1.0]); None; GPS(-43.522208, 172.577700, 15.000000, var=[-1.0, -1.0, -1.0]); GPS(-43.522208, 172.577700, 26.469134, var=[-1, -1, -1]); 0.13438045861783177; OFFBOARD
12:55:22:984260; [3, 4, 4, 4]4; None; GPS(-43.522208, 172.577700, 0.000000, var=[-1.0, -1.0, -1.0]); GPS(-43.522208, 172.577698, 0.000000, var=[-1.0, -1.0, -1.0]); None; GPS(-43.522208, 172.577700, 15.000000, var=[-1.0, -1.0, -1.0]); GPS(-43.522208, 172.577700, 26.469134, var=[-1, -1, -1]); 0.13438045861783177; OFFBOARD
12:55:22:984672; [3, 4, 4, 4]4; None; GPS(-43.522208, 172.577700, 0.000000, var=[-1.0, -1.0, -1.0]); GPS(-43.522208, 172.577698, 0.000000, var=[-1.0, -1.0, -1.0]); None; GPS(-43.522208, 172.577700, 15.000000, var=[-1.0, -1.0, -1.0]); GPS(-43.522208, 172.577700, 26.469134, var=[-1, -1, -1]); 0.13438045861783177; OFFBOARD
12:55:22:984925; [3, 4, 4, 4]4; None; GPS(-43.522208, 172.577700, 0.000000, var=[-1.0, -1.0, -1.0]); GPS(-43.522208, 172.577698, 0.000000, var=[-1.0, -1.0, -1.0]); None; GPS(-43.522208, 172.577700, 15.000000, var=[-1.0, -1.0, -1.0]); GPS(-43.522208, 172.577700, 26.469134, var=[-1, -1, -1]); 0.13438045861783177; OFFBOARD
12:55:22:985296; [3, 4, 4, 4]4; None; GPS(-43.522208, 172.577700, 0.000000, var=[-1.0, -1.0, -1.0]); GPS(-43.522208, 172.577698, 0.000000, var=[-1.0, -1.0, -1.0]); None; GPS(-43.522208, 172.577700, 15.000000, var=[-1.0, -1.0, -1.0]); GPS(-43.522208, 172.577700, 26.469134, var=[-1, -1, -1]); 0.13438045861783177; OFFBOARD
12:55:22:985592; [3, 4, 4, 4]4; None; GPS(-43.522208, 172.577700, 0.000000, var=[-1.0, -1.0, -1.0]); GPS(-43.522208, 172.577698, 0.000000, var=[-1.0, -1.0, -1.0]); None; GPS(-43.522208, 172.577700, 15.000000, var=[-1.0, -1.0, -1.0]); GPS(-43.522208, 172.577700, 26.469134, var=[-1, -1, -1]); 0.13438045861783177; OFFBOARD
12:55:22:985871; [3, 4, 4, 4]4; None; GPS(-43.522208, 172.577700, 0.000000, var=[-1.0, -1.0, -1.0]); GPS(-43.522208, 172.577698, 0.000000, var=[-1.0, -1.0, -1.0]); None; GPS(-43.522208, 172.577700, 15.000000, var=[-1.0, -1.0, -1.0]); GPS(-43.522208, 172.577700, 26.469134, var=[-1, -1, -1]); 0.13438045861783177; OFFBOARD
12:55:22:986140; [3, 4, 4, 4]4; None; GPS(-43.522208, 172.577700, 0.000000, var=[-1.0, -1.0, -1.0]); GPS(-43.522208, 172.577698, 0.000000, var=[-1.0, -1.0, -1.0]); None; GPS(-43.522208, 172.577700, 15.000000, var=[-1.0, -1.0, -1.0]); GPS(-43.522208, 172.577700, 26.469134, var=[-1, -1, -1]); 0.13438045861783177; OFFBOARD
12:55:22:986394; [3, 4, 4, 4]4; None; GPS(-43.522208, 172.577700, 0.000000, var=[-1.0, -1.0, -1.0]); GPS(-43.522208, 172.577698, 0.000000, var=[-1.0, -1.0, -1.0]); None; GPS(-43.522208, 172.577700, 15.000000, var=[-1.0, -1.0, -1.0]); GPS(-43.522208, 172.577700, 26.469134, var=[-1, -1, -1]); 0.13438045861783177; OFFBOARD
12:55:22:986719; [3, 4, 4, 4]4; None; GPS(-43.522208, 172.577700, 0.000000, var=[-1.0, -1.0, -1.0]); GPS(-43.522208, 172.577698, 0.000000, var=[-1.0, -1.0, -1.0]); None; GPS(-43.522208, 172.577700, 15.000000, var=[-1.0, -1.0, -1.0]); GPS(-43.522208, 172.577700, 26.469134, var=[-1, -1, -1]); 0.13438045861783177; OFFBOARD
12:55:22:986967; [3, 4, 4, 4]4; None; GPS(-43.522208, 172.577700, 0.000000, var=[-1.0, -1.0, -1.0]); GPS(-43.522208, 172.577698, 0.000000, var=[-1.0, -1.0, -1.0]); None; GPS(-43.522208, 172.577700, 15.000000, var=[-1.0, -1.0, -1.0]); GPS(-43.522208, 172.577700, 26.469134, var=[-1, -1, -1]); 0.13438045861783177; OFFBOARD
12:55:22:988209; [3, 4, 4, 4]4; None; GPS(-43.522208, 172.577700, 0.000000, var=[-1.0, -1.0, -1.0]); GPS(-43.522208, 172.577698, 0.000000, var=[-1.0, -1.0, -1.0]); None; GPS(-43.522208, 172.577700, 15.000000, var=[-1.0, -1.0, -1.0]); GPS(-43.522208, 172.577700, 26.469134, var=[-1, -1, -1]); 0.13438045861783177; OFFBOARD
12:55:22:988586; [3, 4, 4, 4]4; None; GPS(-43.522208, 172.577700, 0.000000, var=[-1.0, -1.0, -1.0]); GPS(-43.522208, 172.577698, 0.000000, var=[-1.0, -1.0, -1.0]); None; GPS(-43.522208, 172.577700, 15.000000, var=[-1.0, -1.0, -1.0]); GPS(-43.522208, 172.577700, 26.469134, var=[-1, -1, -1]); 0.13438045861783177; OFFBOARD
12:55:22:988880; [3, 4, 4, 4]4; None; GPS(-43.522208, 172.577700, 0.000000, var=[-1.0, -1.0, -1.0]); GPS(-43.522208, 172.577698, 0.000000, var=[-1.0, -1.0, -1.0]); None; GPS(-43.522208, 172.577700, 15.000000, var=[-1.0, -1.0, -1.0]); GPS(-43.522208, 172.577700, 26.469134, var=[-1, -1, -1]); 0.13438045861783177; OFFBOARD
12:55:22:989222; [3, 4, 4, 4]4; None; GPS(-43.522208, 172.577700, 0.000000, var=[-1.0, -1.0, -1.0]); GPS(-43.522208, 172.577698, 0.000000, var=[-1.0, -1.0, -1.0]); None; GPS(-43.522208, 172.577700, 15.000000, var=[-1.0, -1.0, -1.0]); GPS(-43.522208, 172.577700, 26.469134, var=[-1, -1, -1]); 0.13438045861783177; OFFBOARD
12:55:22:989610; [3, 4, 4, 4]4; None; GPS(-43.522208, 172.577700, 0.000000, var=[-1.0, -1.0, -1.0]); GPS(-43.522208, 172.577698, 0.000000, var=[-1.0, -1.0, -1.0]); None; GPS(-43.522208, 172.577700, 15.000000, var=[-1.0, -1.0, -1.0]); GPS(-43.522208, 172.577700, 26.469134, var=[-1, -1, -1]); 0.13438045861783177; OFFBOARD
12:55:22:989971; [3, 4, 4, 4]4; None; GPS(-43.522208, 172.577700, 0.000000, var=[-1.0, -1.0, -1.0]); GPS(-43.522208, 172.577698, 0.000000, var=[-1.0, -1.0, -1.0]); None; GPS(-43.522208, 172.577700, 15.000000, var=[-1.0, -1.0, -1.0]); GPS(-43.522208, 172.577700, 26.469134, var=[-1, -1, -1]); 0.13438045861783177; OFFBOARD
12:55:22:990304; [3, 4, 4, 4]4; None; GPS(-43.522208, 172.577700, 0.000000, var=[-1.0, -1.0, -1.0]); GPS(-43.522208, 172.577698, 0.000000, var=[-1.0, -1.0, -1.0]); None; GPS(-43.522208, 172.577700, 15.000000, var=[-1.0, -1.0, -1.0]); GPS(-43.522208, 172.577700, 26.469134, var=[-1, -1, -1]); 0.13438045861783177; OFFBOARD
12:55:22:990675; [3, 4, 4, 4]4; None; GPS(-43.522208, 172.577700, 0.000000, var=[-1.0, -1.0, -1.0]); GPS(-43.522208, 172.577698, 0.000000, var=[-1.0, -1.0, -1.0]); None; GPS(-43.522208, 172.577700, 15.000000, var=[-1.0, -1.0, -1.0]); GPS(-43.522208, 172.577700, 26.469134, var=[-1, -1, -1]); 0.13438045861783177; OFFBOARD
12:55:23:416784; [3, 4, 4, 4]4; None; GPS(-43.522208, 172.577700, 0.000000, var=[-1.0, -1.0, -1.0]); GPS(-43.522208, 172.577698, 0.000000, var=[-1.0, -1.0, -1.0]); None; GPS(-43.522208, 172.577700, 15.000000, var=[-1.0, -1.0, -1.0]); GPS(-43.522208, 172.577700, 26.473134, var=[-1, -1, -1]); 0.13438045861783177; OFFBOARD
12:55:24:404683; [3, 4, 4, 4]4; None; GPS(-43.522208, 172.577700, 0.000000, var=[-1.0, -1.0, -1.0]); GPS(-43.522208, 172.577698, 0.000000, var=[-1.0, -1.0, -1.0]); None; GPS(-43.522208, 172.577700, 15.000000, var=[-1.0, -1.0, -1.0]); GPS(-43.522208, 172.577700, 26.471133, var=[-1, -1, -1]); 0.13438045861783177; OFFBOARD
12:55:25:360870; [4, 4, 4, 4]4; None; GPS(-43.522208, 172.577700, 0.000000, var=[-1.0, -1.0, -1.0]); GPS(-43.522208, 172.577698, 0.000000, var=[-1.0, -1.0, -1.0]); None; GPS(-43.522208, 172.577700, 15.000000, var=[-1.0, -1.0, -1.0]); GPS(-43.522208, 172.577700, 26.482133, var=[-1, -1, -1]); 0.13438045861783177; OFFBOARD
12:55:31:201082; [4, 4, 4, 4]5; None; GPS(-43.522208, 172.577700, 0.000000, var=[-1.0, -1.0, -1.0]); GPS(-43.522208, 172.577698, 0.000000, var=[-1.0, -1.0, -1.0]); None; GPS(-43.522208, 172.577700, 15.000000, var=[-1.0, -1.0, -1.0]); GPS(-43.522208, 172.577700, 26.550133, var=[-1, -1, -1]); 0.13438045861783177; OFFBOARD
12:55:31:223613; [4, 4, 4, 4]5; None; GPS(-43.522208, 172.577700, 0.000000, var=[-1.0, -1.0, -1.0]); GPS(-43.522208, 172.577698, 0.000000, var=[-1.0, -1.0, -1.0]); None; GPS(-43.522208, 172.577700, 15.000000, var=[-1.0, -1.0, -1.0]); GPS(-43.522208, 172.577700, 26.550133, var=[-1, -1, -1]); 0.13438045861783177; OFFBOARD
12:55:31:237359; [4, 4, 4, 4]5; None; GPS(-43.522208, 172.577700, 0.000000, var=[-1.0, -1.0, -1.0]); GPS(-43.522208, 172.577698, 0.000000, var=[-1.0, -1.0, -1.0]); None; GPS(-43.522208, 172.577700, 15.000000, var=[-1.0, -1.0, -1.0]); GPS(-43.522208, 172.577700, 26.550133, var=[-1, -1, -1]); 0.13438045861783177; OFFBOARD
12:55:31:249966; [4, 4, 4, 4]5; None; GPS(-43.522208, 172.577700, 0.000000, var=[-1.0, -1.0, -1.0]); GPS(-43.522208, 172.577698, 0.000000, var=[-1.0, -1.0, -1.0]); None; GPS(-43.522208, 172.577700, 15.000000, var=[-1.0, -1.0, -1.0]); GPS(-43.522208, 172.577700, 26.550133, var=[-1, -1, -1]); 0.13438045861783177; OFFBOARD
12:55:31:267000; [4, 4, 4, 4]5; None; GPS(-43.522208, 172.577700, 0.000000, var=[-1.0, -1.0, -1.0]); GPS(-43.522208, 172.577698, 0.000000, var=[-1.0, -1.0, -1.0]); None; GPS(-43.522208, 172.577700, 15.000000, var=[-1.0, -1.0, -1.0]); GPS(-43.522208, 172.577700, 26.550133, var=[-1, -1, -1]); 0.13438045861783177; OFFBOARD
12:55:31:279617; [4, 4, 4, 4]5; None; GPS(-43.522208, 172.577700, 0.000000, var=[-1.0, -1.0, -1.0]); GPS(-43.522208, 172.577698, 0.000000, var=[-1.0, -1.0, -1.0]); None; GPS(-43.522208, 172.577700, 15.000000, var=[-1.0, -1.0, -1.0]); GPS(-43.522208, 172.577700, 26.550133, var=[-1, -1, -1]); 0.13438045861783177; OFFBOARD
12:55:31:377780; [5, 4, 4, 4]5; None; GPS(-43.522208, 172.577700, 0.000000, var=[-1.0, -1.0, -1.0]); GPS(-43.522208, 172.577698, 0.000000, var=[-1.0, -1.0, -1.0]); None; GPS(-43.522208, 172.577700, 15.000000, var=[-1.0, -1.0, -1.0]); GPS(-43.522208, 172.577700, 26.549133, var=[-1, -1, -1]); 0.13438045861783177; OFFBOARD
12:55:31:413306; [5, 4, 4, 4]5; None; GPS(-43.522208, 172.577700, 0.000000, var=[-1.0, -1.0, -1.0]); GPS(-43.522208, 172.577698, 0.000000, var=[-1.0, -1.0, -1.0]); None; GPS(-43.522208, 172.577700, 15.000000, var=[-1.0, -1.0, -1.0]); GPS(-43.522208, 172.577700, 26.549133, var=[-1, -1, -1]); 0.13438045861783177; OFFBOARD
12:55:32:369100; [5, 4, 4, 4]5; None; GPS(-43.522208, 172.577700, 0.000000, var=[-1.0, -1.0, -1.0]); GPS(-43.522208, 172.577698, 0.000000, var=[-1.0, -1.0, -1.0]); None; GPS(-43.522208, 172.577700, 15.000000, var=[-1.0, -1.0, -1.0]); GPS(-43.522208, 172.577700, 26.553133, var=[-1, -1, -1]); 0.13438045861783177; OFFBOARD
12:55:33:381233; [5, 4, 4, 4]5; None; GPS(-43.522208, 172.577700, 0.000000, var=[-1.0, -1.0, -1.0]); GPS(-43.522208, 172.577698, 0.000000, var=[-1.0, -1.0, -1.0]); None; GPS(-43.522208, 172.577700, 15.000000, var=[-1.0, -1.0, -1.0]); GPS(-43.522208, 172.577700, 26.541133, var=[-1, -1, -1]); 0.13438045861783177; OFFBOARD
12:55:34:362157; [5, 4, 4, 4]5; None; GPS(-43.522208, 172.577700, 0.000000, var=[-1.0, -1.0, -1.0]); GPS(-43.522208, 172.577698, 0.000000, var=[-1.0, -1.0, -1.0]); None; GPS(-43.522208, 172.577700, 15.000000, var=[-1.0, -1.0, -1.0]); GPS(-43.522208, 172.577699, 26.544133, var=[-1, -1, -1]); 0.13438045861783177; OFFBOARD
12:55:35:372586; [5, 4, 4, 4]5; None; GPS(-43.522208, 172.577700, 0.000000, var=[-1.0, -1.0, -1.0]); GPS(-43.522208, 172.577698, 0.000000, var=[-1.0, -1.0, -1.0]); None; GPS(-43.522208, 172.577700, 15.000000, var=[-1.0, -1.0, -1.0]); GPS(-43.522208, 172.577699, 26.532133, var=[-1, -1, -1]); 0.13438045861783177; OFFBOARD
12:55:36:369248; [5, 4, 4, 4]5; None; GPS(-43.522208, 172.577700, 0.000000, var=[-1.0, -1.0, -1.0]); GPS(-43.522208, 172.577698, 0.000000, var=[-1.0, -1.0, -1.0]); None; GPS(-43.522208, 172.577700, 15.000000, var=[-1.0, -1.0, -1.0]); GPS(-43.522208, 172.577699, 26.532133, var=[-1, -1, -1]); 0.13438045861783177; OFFBOARD
12:55:37:371496; [5, 4, 4, 4]5; None; GPS(-43.522208, 172.577700, 0.000000, var=[-1.0, -1.0, -1.0]); GPS(-43.522208, 172.577698, 0.000000, var=[-1.0, -1.0, -1.0]); None; GPS(-43.522208, 172.577700, 15.000000, var=[-1.0, -1.0, -1.0]); GPS(-43.522208, 172.577700, 26.535133, var=[-1, -1, -1]); 0.13438045861783177; OFFBOARD
12:55:38:371926; [5, 4, 4, 4]5; None; GPS(-43.522208, 172.577700, 0.000000, var=[-1.0, -1.0, -1.0]); GPS(-43.522208, 172.577698, 0.000000, var=[-1.0, -1.0, -1.0]); None; GPS(-43.522208, 172.577700, 15.000000, var=[-1.0, -1.0, -1.0]); GPS(-43.522208, 172.577700, 26.535134, var=[-1, -1, -1]); 0.13438045861783177; OFFBOARD
12:55:39:373059; [5, 4, 4, 4]5; None; GPS(-43.522208, 172.577700, 0.000000, var=[-1.0, -1.0, -1.0]); GPS(-43.522208, 172.577698, 0.000000, var=[-1.0, -1.0, -1.0]); None; GPS(-43.522208, 172.577700, 15.000000, var=[-1.0, -1.0, -1.0]); GPS(-43.522208, 172.577700, 26.535134, var=[-1, -1, -1]); 0.13438045861783177; OFFBOARD
12:55:40:374158; [5, 4, 4, 4]5; None; GPS(-43.522208, 172.577700, 0.000000, var=[-1.0, -1.0, -1.0]); GPS(-43.522208, 172.577698, 0.000000, var=[-1.0, -1.0, -1.0]); None; GPS(-43.522208, 172.577700, 15.000000, var=[-1.0, -1.0, -1.0]); GPS(-43.522208, 172.577700, 26.531134, var=[-1, -1, -1]); 0.13438045861783177; OFFBOARD
12:55:41:444422; [5, 4, 4, 4]5; None; GPS(-43.522208, 172.577700, 0.000000, var=[-1.0, -1.0, -1.0]); GPS(-43.522208, 172.577698, 0.000000, var=[-1.0, -1.0, -1.0]); None; GPS(-43.522208, 172.577700, 15.000000, var=[-1.0, -1.0, -1.0]); GPS(-43.522208, 172.577700, 26.529133, var=[-1, -1, -1]); 0.13438045861783177; OFFBOARD
12:55:42:378278; [5, 4, 4, 4]5; None; GPS(-43.522208, 172.577700, 0.000000, var=[-1.0, -1.0, -1.0]); GPS(-43.522208, 172.577698, 0.000000, var=[-1.0, -1.0, -1.0]); None; GPS(-43.522208, 172.577700, 15.000000, var=[-1.0, -1.0, -1.0]); GPS(-43.522208, 172.577700, 26.514134, var=[-1, -1, -1]); 0.13438045861783177; OFFBOARD
12:55:43:367959; [5, 4, 4, 4]5; None; GPS(-43.522208, 172.577700, 0.000000, var=[-1.0, -1.0, -1.0]); GPS(-43.522208, 172.577698, 0.000000, var=[-1.0, -1.0, -1.0]); None; GPS(-43.522208, 172.577700, 15.000000, var=[-1.0, -1.0, -1.0]); GPS(-43.522208, 172.577700, 26.499134, var=[-1, -1, -1]); 0.13438045861783177; OFFBOARD
12:55:44:372541; [5, 4, 4, 4]5; None; GPS(-43.522208, 172.577700, 0.000000, var=[-1.0, -1.0, -1.0]); GPS(-43.522208, 172.577698, 0.000000, var=[-1.0, -1.0, -1.0]); None; GPS(-43.522208, 172.577700, 15.000000, var=[-1.0, -1.0, -1.0]); GPS(-43.522208, 172.577700, 26.490134, var=[-1, -1, -1]); 0.13438045861783177; OFFBOARD
12:55:45:377487; [5, 4, 4, 4]5; None; GPS(-43.522208, 172.577700, 0.000000, var=[-1.0, -1.0, -1.0]); GPS(-43.522208, 172.577698, 0.000000, var=[-1.0, -1.0, -1.0]); None; GPS(-43.522208, 172.577700, 15.000000, var=[-1.0, -1.0, -1.0]); GPS(-43.522208, 172.577700, 26.467134, var=[-1, -1, -1]); 0.13438045861783177; OFFBOARD
12:55:46:365637; [5, 4, 4, 4]5; None; GPS(-43.522208, 172.577700, 0.000000, var=[-1.0, -1.0, -1.0]); GPS(-43.522208, 172.577698, 0.000000, var=[-1.0, -1.0, -1.0]); None; GPS(-43.522208, 172.577700, 15.000000, var=[-1.0, -1.0, -1.0]); GPS(-43.522208, 172.577700, 26.436134, var=[-1, -1, -1]); 0.13438045861783177; OFFBOARD
12:55:47:370803; [5, 4, 4, 4]5; None; GPS(-43.522208, 172.577700, 0.000000, var=[-1.0, -1.0, -1.0]); GPS(-43.522208, 172.577698, 0.000000, var=[-1.0, -1.0, -1.0]); None; GPS(-43.522208, 172.577700, 15.000000, var=[-1.0, -1.0, -1.0]); GPS(-43.522208, 172.577700, 26.441134, var=[-1, -1, -1]); 0.13438045861783177; OFFBOARD
12:55:48:374041; [5, 4, 4, 4]5; None; GPS(-43.522208, 172.577700, 0.000000, var=[-1.0, -1.0, -1.0]); GPS(-43.522208, 172.577698, 0.000000, var=[-1.0, -1.0, -1.0]); None; GPS(-43.522208, 172.577700, 15.000000, var=[-1.0, -1.0, -1.0]); GPS(-43.522208, 172.577700, 26.434134, var=[-1, -1, -1]); 0.13438045861783177; OFFBOARD
12:55:49:370155; [5, 4, 4, 4]5; None; GPS(-43.522208, 172.577700, 0.000000, var=[-1.0, -1.0, -1.0]); GPS(-43.522208, 172.577698, 0.000000, var=[-1.0, -1.0, -1.0]); None; GPS(-43.522208, 172.577700, 15.000000, var=[-1.0, -1.0, -1.0]); GPS(-43.522208, 172.577700, 26.413134, var=[-1, -1, -1]); 0.13438045861783177; OFFBOARD
12:55:50:364956; [5, 4, 4, 4]5; None; GPS(-43.522208, 172.577700, 0.000000, var=[-1.0, -1.0, -1.0]); GPS(-43.522208, 172.577698, 0.000000, var=[-1.0, -1.0, -1.0]); None; GPS(-43.522208, 172.577700, 15.000000, var=[-1.0, -1.0, -1.0]); GPS(-43.522208, 172.577700, 26.407134, var=[-1, -1, -1]); 0.13438045861783177; OFFBOARD
12:55:51:374542; [5, 4, 4, 4]5; None; GPS(-43.522208, 172.577700, 0.000000, var=[-1.0, -1.0, -1.0]); GPS(-43.522208, 172.577698, 0.000000, var=[-1.0, -1.0, -1.0]); None; GPS(-43.522208, 172.577700, 15.000000, var=[-1.0, -1.0, -1.0]); GPS(-43.522208, 172.577700, 26.402134, var=[-1, -1, -1]); 0.13438045861783177; OFFBOARD
12:55:52:389198; [5, 4, 4, 4]5; None; GPS(-43.522208, 172.577700, 0.000000, var=[-1.0, -1.0, -1.0]); GPS(-43.522208, 172.577698, 0.000000, var=[-1.0, -1.0, -1.0]); None; GPS(-43.522208, 172.577700, 15.000000, var=[-1.0, -1.0, -1.0]); GPS(-43.522208, 172.577700, 26.385134, var=[-1, -1, -1]); 0.13438045861783177; OFFBOARD
12:55:53:373969; [5, 4, 4, 4]5; None; GPS(-43.522208, 172.577700, 0.000000, var=[-1.0, -1.0, -1.0]); GPS(-43.522208, 172.577698, 0.000000, var=[-1.0, -1.0, -1.0]); None; GPS(-43.522208, 172.577700, 15.000000, var=[-1.0, -1.0, -1.0]); GPS(-43.522208, 172.577700, 26.361134, var=[-1, -1, -1]); 0.13438045861783177; OFFBOARD
12:55:54:374141; [5, 4, 4, 4]5; None; GPS(-43.522208, 172.577700, 0.000000, var=[-1.0, -1.0, -1.0]); GPS(-43.522208, 172.577698, 0.000000, var=[-1.0, -1.0, -1.0]); None; GPS(-43.522208, 172.577700, 15.000000, var=[-1.0, -1.0, -1.0]); GPS(-43.522208, 172.577700, 26.369134, var=[-1, -1, -1]); 0.13438045861783177; OFFBOARD
12:55:55:377320; [5, 4, 4, 4]5; None; GPS(-43.522208, 172.577700, 0.000000, var=[-1.0, -1.0, -1.0]); GPS(-43.522208, 172.577698, 0.000000, var=[-1.0, -1.0, -1.0]); None; GPS(-43.522208, 172.577700, 15.000000, var=[-1.0, -1.0, -1.0]); GPS(-43.522208, 172.577700, 26.360134, var=[-1, -1, -1]); 0.13438045861783177; OFFBOARD
12:55:56:371532; [5, 4, 4, 4]5; None; GPS(-43.522208, 172.577700, 0.000000, var=[-1.0, -1.0, -1.0]); GPS(-43.522208, 172.577698, 0.000000, var=[-1.0, -1.0, -1.0]); None; GPS(-43.522208, 172.577700, 15.000000, var=[-1.0, -1.0, -1.0]); GPS(-43.522208, 172.577700, 26.340133, var=[-1, -1, -1]); 0.13438045861783177; OFFBOARD
12:55:57:392524; [5, 4, 4, 4]5; None; GPS(-43.522208, 172.577700, 0.000000, var=[-1.0, -1.0, -1.0]); GPS(-43.522208, 172.577698, 0.000000, var=[-1.0, -1.0, -1.0]); None; GPS(-43.522208, 172.577700, 15.000000, var=[-1.0, -1.0, -1.0]); GPS(-43.522208, 172.577700, 26.333133, var=[-1, -1, -1]); 0.13438045861783177; OFFBOARD
12:55:58:380562; [5, 4, 4, 4]5; None; GPS(-43.522208, 172.577700, 0.000000, var=[-1.0, -1.0, -1.0]); GPS(-43.522208, 172.577698, 0.000000, var=[-1.0, -1.0, -1.0]); None; GPS(-43.522208, 172.577700, 15.000000, var=[-1.0, -1.0, -1.0]); GPS(-43.522208, 172.577700, 26.337133, var=[-1, -1, -1]); 0.13438045861783177; OFFBOARD
12:55:59:406304; [5, 4, 4, 4]5; None; GPS(-43.522208, 172.577700, 0.000000, var=[-1.0, -1.0, -1.0]); GPS(-43.522208, 172.577698, 0.000000, var=[-1.0, -1.0, -1.0]); None; GPS(-43.522208, 172.577700, 15.000000, var=[-1.0, -1.0, -1.0]); GPS(-43.522208, 172.577700, 26.347133, var=[-1, -1, -1]); 0.13438045861783177; OFFBOARD
12:56:00:372709; [5, 4, 4, 4]5; None; GPS(-43.522208, 172.577700, 0.000000, var=[-1.0, -1.0, -1.0]); GPS(-43.522208, 172.577698, 0.000000, var=[-1.0, -1.0, -1.0]); None; GPS(-43.522208, 172.577700, 15.000000, var=[-1.0, -1.0, -1.0]); GPS(-43.522208, 172.577700, 26.353133, var=[-1, -1, -1]); 0.13438045861783177; OFFBOARD
12:56:01:400871; [5, 4, 4, 4]5; None; GPS(-43.522208, 172.577700, 0.000000, var=[-1.0, -1.0, -1.0]); GPS(-43.522208, 172.577698, 0.000000, var=[-1.0, -1.0, -1.0]); None; GPS(-43.522208, 172.577700, 15.000000, var=[-1.0, -1.0, -1.0]); GPS(-43.522208, 172.577700, 26.355133, var=[-1, -1, -1]); 0.13438045861783177; OFFBOARD
12:56:02:390469; [5, 4, 4, 4]5; None; GPS(-43.522208, 172.577700, 0.000000, var=[-1.0, -1.0, -1.0]); GPS(-43.522208, 172.577698, 0.000000, var=[-1.0, -1.0, -1.0]); None; GPS(-43.522208, 172.577700, 15.000000, var=[-1.0, -1.0, -1.0]); GPS(-43.522208, 172.577700, 26.350133, var=[-1, -1, -1]); 0.13438045861783177; OFFBOARD
12:56:03:371907; [5, 4, 4, 4]5; None; GPS(-43.522208, 172.577700, 0.000000, var=[-1.0, -1.0, -1.0]); GPS(-43.522208, 172.577698, 0.000000, var=[-1.0, -1.0, -1.0]); None; GPS(-43.522208, 172.577700, 15.000000, var=[-1.0, -1.0, -1.0]); GPS(-43.522208, 172.577700, 26.351133, var=[-1, -1, -1]); 0.13438045861783177; OFFBOARD
12:56:04:377705; [5, 4, 4, 4]5; None; GPS(-43.522208, 172.577700, 0.000000, var=[-1.0, -1.0, -1.0]); GPS(-43.522208, 172.577698, 0.000000, var=[-1.0, -1.0, -1.0]); None; GPS(-43.522208, 172.577700, 15.000000, var=[-1.0, -1.0, -1.0]); GPS(-43.522208, 172.577700, 26.363133, var=[-1, -1, -1]); 0.13438045861783177; OFFBOARD
12:56:05:365986; [5, 4, 4, 4]5; None; GPS(-43.522208, 172.577700, 0.000000, var=[-1.0, -1.0, -1.0]); GPS(-43.522208, 172.577698, 0.000000, var=[-1.0, -1.0, -1.0]); None; GPS(-43.522208, 172.577700, 15.000000, var=[-1.0, -1.0, -1.0]); GPS(-43.522208, 172.577700, 26.370133, var=[-1, -1, -1]); 0.13438045861783177; OFFBOARD
12:56:06:374914; [5, 4, 4, 4]5; None; GPS(-43.522208, 172.577700, 0.000000, var=[-1.0, -1.0, -1.0]); GPS(-43.522208, 172.577698, 0.000000, var=[-1.0, -1.0, -1.0]); None; GPS(-43.522208, 172.577700, 15.000000, var=[-1.0, -1.0, -1.0]); GPS(-43.522208, 172.577700, 26.375133, var=[-1, -1, -1]); 0.13438045861783177; OFFBOARD
12:56:07:377059; [5, 4, 4, 4]5; None; GPS(-43.522208, 172.577700, 0.000000, var=[-1.0, -1.0, -1.0]); GPS(-43.522208, 172.577698, 0.000000, var=[-1.0, -1.0, -1.0]); None; GPS(-43.522208, 172.577700, 15.000000, var=[-1.0, -1.0, -1.0]); GPS(-43.522208, 172.577700, 26.401133, var=[-1, -1, -1]); 0.13438045861783177; OFFBOARD
12:56:08:375806; [5, 4, 4, 4]5; None; GPS(-43.522208, 172.577700, 0.000000, var=[-1.0, -1.0, -1.0]); GPS(-43.522208, 172.577698, 0.000000, var=[-1.0, -1.0, -1.0]); None; GPS(-43.522208, 172.577700, 15.000000, var=[-1.0, -1.0, -1.0]); GPS(-43.522208, 172.577700, 26.434133, var=[-1, -1, -1]); 0.13438045861783177; OFFBOARD
12:56:09:395971; [5, 4, 4, 4]5; None; GPS(-43.522208, 172.577700, 0.000000, var=[-1.0, -1.0, -1.0]); GPS(-43.522208, 172.577698, 0.000000, var=[-1.0, -1.0, -1.0]); None; GPS(-43.522208, 172.577700, 15.000000, var=[-1.0, -1.0, -1.0]); GPS(-43.522208, 172.577700, 26.461133, var=[-1, -1, -1]); 0.13438045861783177; OFFBOARD
12:56:10:375961; [5, 4, 4, 4]5; None; GPS(-43.522208, 172.577700, 0.000000, var=[-1.0, -1.0, -1.0]); GPS(-43.522208, 172.577698, 0.000000, var=[-1.0, -1.0, -1.0]); None; GPS(-43.522208, 172.577700, 15.000000, var=[-1.0, -1.0, -1.0]); GPS(-43.522208, 172.577700, 26.471133, var=[-1, -1, -1]); 0.13438045861783177; OFFBOARD
12:56:11:418906; [5, 4, 4, 4]5; None; GPS(-43.522208, 172.577700, 0.000000, var=[-1.0, -1.0, -1.0]); GPS(-43.522208, 172.577698, 0.000000, var=[-1.0, -1.0, -1.0]); None; GPS(-43.522208, 172.577700, 15.000000, var=[-1.0, -1.0, -1.0]); GPS(-43.522208, 172.577700, 26.496134, var=[-1, -1, -1]); 0.13438045861783177; OFFBOARD
12:56:12:393012; [5, 4, 4, 4]5; None; GPS(-43.522208, 172.577700, 0.000000, var=[-1.0, -1.0, -1.0]); GPS(-43.522208, 172.577698, 0.000000, var=[-1.0, -1.0, -1.0]); None; GPS(-43.522208, 172.577700, 15.000000, var=[-1.0, -1.0, -1.0]); GPS(-43.522208, 172.577700, 26.501134, var=[-1, -1, -1]); 0.13438045861783177; OFFBOARD
12:56:13:375985; [5, 4, 4, 4]5; None; GPS(-43.522208, 172.577700, 0.000000, var=[-1.0, -1.0, -1.0]); GPS(-43.522208, 172.577698, 0.000000, var=[-1.0, -1.0, -1.0]); None; GPS(-43.522208, 172.577700, 15.000000, var=[-1.0, -1.0, -1.0]); GPS(-43.522208, 172.577699, 26.498134, var=[-1, -1, -1]); 0.13438045861783177; OFFBOARD
12:56:14:375146; [5, 4, 4, 4]5; None; GPS(-43.522208, 172.577700, 0.000000, var=[-1.0, -1.0, -1.0]); GPS(-43.522208, 172.577698, 0.000000, var=[-1.0, -1.0, -1.0]); None; GPS(-43.522208, 172.577700, 15.000000, var=[-1.0, -1.0, -1.0]); GPS(-43.522208, 172.577699, 26.488134, var=[-1, -1, -1]); 0.13438045861783177; OFFBOARD
12:56:15:384251; [5, 4, 4, 4]5; None; GPS(-43.522208, 172.577700, 0.000000, var=[-1.0, -1.0, -1.0]); GPS(-43.522208, 172.577698, 0.000000, var=[-1.0, -1.0, -1.0]); None; GPS(-43.522208, 172.577700, 15.000000, var=[-1.0, -1.0, -1.0]); GPS(-43.522208, 172.577699, 26.474133, var=[-1, -1, -1]); 0.13438045861783177; OFFBOARD
12:56:16:377891; [5, 4, 4, 4]5; None; GPS(-43.522208, 172.577700, 0.000000, var=[-1.0, -1.0, -1.0]); GPS(-43.522208, 172.577698, 0.000000, var=[-1.0, -1.0, -1.0]); None; GPS(-43.522208, 172.577700, 15.000000, var=[-1.0, -1.0, -1.0]); GPS(-43.522208, 172.577700, 26.457133, var=[-1, -1, -1]); 0.13438045861783177; OFFBOARD
12:56:17:372460; [5, 4, 4, 4]5; None; GPS(-43.522208, 172.577700, 0.000000, var=[-1.0, -1.0, -1.0]); GPS(-43.522208, 172.577698, 0.000000, var=[-1.0, -1.0, -1.0]); None; GPS(-43.522208, 172.577700, 15.000000, var=[-1.0, -1.0, -1.0]); GPS(-43.522208, 172.577700, 26.432133, var=[-1, -1, -1]); 0.13438045861783177; OFFBOARD
12:56:18:377901; [5, 4, 4, 4]5; None; GPS(-43.522208, 172.577700, 0.000000, var=[-1.0, -1.0, -1.0]); GPS(-43.522208, 172.577698, 0.000000, var=[-1.0, -1.0, -1.0]); None; GPS(-43.522208, 172.577700, 15.000000, var=[-1.0, -1.0, -1.0]); GPS(-43.522208, 172.577700, 26.420133, var=[-1, -1, -1]); 0.13438045861783177; OFFBOARD
12:56:19:379346; [5, 4, 4, 4]5; None; GPS(-43.522208, 172.577700, 0.000000, var=[-1.0, -1.0, -1.0]); GPS(-43.522208, 172.577698, 0.000000, var=[-1.0, -1.0, -1.0]); None; GPS(-43.522208, 172.577700, 15.000000, var=[-1.0, -1.0, -1.0]); GPS(-43.522208, 172.577699, 26.396133, var=[-1, -1, -1]); 0.13438045861783177; OFFBOARD
12:56:20:379887; [5, 4, 4, 4]5; None; GPS(-43.522208, 172.577700, 0.000000, var=[-1.0, -1.0, -1.0]); GPS(-43.522208, 172.577698, 0.000000, var=[-1.0, -1.0, -1.0]); None; GPS(-43.522208, 172.577700, 15.000000, var=[-1.0, -1.0, -1.0]); GPS(-43.522208, 172.577699, 26.374133, var=[-1, -1, -1]); 0.13438045861783177; OFFBOARD
12:56:21:372535; [5, 4, 4, 4]5; None; GPS(-43.522208, 172.577700, 0.000000, var=[-1.0, -1.0, -1.0]); GPS(-43.522208, 172.577698, 0.000000, var=[-1.0, -1.0, -1.0]); None; GPS(-43.522208, 172.577700, 15.000000, var=[-1.0, -1.0, -1.0]); GPS(-43.522208, 172.577699, 26.357133, var=[-1, -1, -1]); 0.13438045861783177; OFFBOARD
12:56:22:381667; [5, 4, 4, 4]5; None; GPS(-43.522208, 172.577700, 0.000000, var=[-1.0, -1.0, -1.0]); GPS(-43.522208, 172.577698, 0.000000, var=[-1.0, -1.0, -1.0]); None; GPS(-43.522208, 172.577700, 15.000000, var=[-1.0, -1.0, -1.0]); GPS(-43.522208, 172.577700, 26.343133, var=[-1, -1, -1]); 0.13438045861783177; OFFBOARD
12:56:23:374000; [5, 4, 4, 4]5; None; GPS(-43.522208, 172.577700, 0.000000, var=[-1.0, -1.0, -1.0]); GPS(-43.522208, 172.577698, 0.000000, var=[-1.0, -1.0, -1.0]); None; GPS(-43.522208, 172.577700, 15.000000, var=[-1.0, -1.0, -1.0]); GPS(-43.522208, 172.577700, 26.331133, var=[-1, -1, -1]); 0.13438045861783177; OFFBOARD
12:56:24:377961; [5, 4, 4, 4]5; None; GPS(-43.522208, 172.577700, 0.000000, var=[-1.0, -1.0, -1.0]); GPS(-43.522208, 172.577698, 0.000000, var=[-1.0, -1.0, -1.0]); None; GPS(-43.522208, 172.577700, 15.000000, var=[-1.0, -1.0, -1.0]); GPS(-43.522208, 172.577700, 26.320133, var=[-1, -1, -1]); 0.13438045861783177; OFFBOARD
12:56:25:368996; [5, 4, 4, 4]5; None; GPS(-43.522208, 172.577700, 0.000000, var=[-1.0, -1.0, -1.0]); GPS(-43.522208, 172.577698, 0.000000, var=[-1.0, -1.0, -1.0]); None; GPS(-43.522208, 172.577700, 15.000000, var=[-1.0, -1.0, -1.0]); GPS(-43.522208, 172.577700, 26.320133, var=[-1, -1, -1]); 0.13438045861783177; OFFBOARD
12:56:26:379913; [5, 4, 4, 4]5; None; GPS(-43.522208, 172.577700, 0.000000, var=[-1.0, -1.0, -1.0]); GPS(-43.522208, 172.577698, 0.000000, var=[-1.0, -1.0, -1.0]); None; GPS(-43.522208, 172.577700, 15.000000, var=[-1.0, -1.0, -1.0]); GPS(-43.522208, 172.577700, 26.327133, var=[-1, -1, -1]); 0.13438045861783177; OFFBOARD
12:56:27:374089; [5, 4, 4, 4]5; None; GPS(-43.522208, 172.577700, 0.000000, var=[-1.0, -1.0, -1.0]); GPS(-43.522208, 172.577698, 0.000000, var=[-1.0, -1.0, -1.0]); None; GPS(-43.522208, 172.577700, 15.000000, var=[-1.0, -1.0, -1.0]); GPS(-43.522208, 172.577700, 26.335134, var=[-1, -1, -1]); 0.13438045861783177; OFFBOARD
12:56:28:376916; [5, 4, 4, 4]5; None; GPS(-43.522208, 172.577700, 0.000000, var=[-1.0, -1.0, -1.0]); GPS(-43.522208, 172.577698, 0.000000, var=[-1.0, -1.0, -1.0]); None; GPS(-43.522208, 172.577700, 15.000000, var=[-1.0, -1.0, -1.0]); GPS(-43.522208, 172.577700, 26.332134, var=[-1, -1, -1]); 0.13438045861783177; OFFBOARD
12:56:29:423829; [5, 4, 4, 4]5; None; GPS(-43.522208, 172.577700, 0.000000, var=[-1.0, -1.0, -1.0]); GPS(-43.522208, 172.577698, 0.000000, var=[-1.0, -1.0, -1.0]); None; GPS(-43.522208, 172.577700, 15.000000, var=[-1.0, -1.0, -1.0]); GPS(-43.522208, 172.577700, 26.341133, var=[-1, -1, -1]); 0.13438045861783177; OFFBOARD
12:56:30:378160; [5, 4, 4, 4]5; None; GPS(-43.522208, 172.577700, 0.000000, var=[-1.0, -1.0, -1.0]); GPS(-43.522208, 172.577698, 0.000000, var=[-1.0, -1.0, -1.0]); None; GPS(-43.522208, 172.577700, 15.000000, var=[-1.0, -1.0, -1.0]); GPS(-43.522208, 172.577700, 26.325133, var=[-1, -1, -1]); 0.13438045861783177; OFFBOARD
12:56:31:391304; [5, 4, 4, 4]5; None; GPS(-43.522208, 172.577700, 0.000000, var=[-1.0, -1.0, -1.0]); GPS(-43.522208, 172.577698, 0.000000, var=[-1.0, -1.0, -1.0]); None; GPS(-43.522208, 172.577700, 15.000000, var=[-1.0, -1.0, -1.0]); GPS(-43.522208, 172.577700, 26.315134, var=[-1, -1, -1]); 0.13438045861783177; OFFBOARD
12:56:32:378410; [5, 4, 4, 4]5; None; GPS(-43.522208, 172.577700, 0.000000, var=[-1.0, -1.0, -1.0]); GPS(-43.522208, 172.577698, 0.000000, var=[-1.0, -1.0, -1.0]); None; GPS(-43.522208, 172.577700, 15.000000, var=[-1.0, -1.0, -1.0]); GPS(-43.522208, 172.577700, 26.313134, var=[-1, -1, -1]); 0.13438045861783177; OFFBOARD
12:56:33:379005; [5, 4, 4, 4]5; None; GPS(-43.522208, 172.577700, 0.000000, var=[-1.0, -1.0, -1.0]); GPS(-43.522208, 172.577698, 0.000000, var=[-1.0, -1.0, -1.0]); None; GPS(-43.522208, 172.577700, 15.000000, var=[-1.0, -1.0, -1.0]); GPS(-43.522208, 172.577700, 26.311133, var=[-1, -1, -1]); 0.13438045861783177; OFFBOARD
12:56:34:421765; [5, 4, 4, 4]5; None; GPS(-43.522208, 172.577700, 0.000000, var=[-1.0, -1.0, -1.0]); GPS(-43.522208, 172.577698, 0.000000, var=[-1.0, -1.0, -1.0]); None; GPS(-43.522208, 172.577700, 15.000000, var=[-1.0, -1.0, -1.0]); GPS(-43.522208, 172.577700, 26.300133, var=[-1, -1, -1]); 0.13438045861783177; OFFBOARD
12:56:35:376900; [5, 4, 4, 4]5; None; GPS(-43.522208, 172.577700, 0.000000, var=[-1.0, -1.0, -1.0]); GPS(-43.522208, 172.577698, 0.000000, var=[-1.0, -1.0, -1.0]); None; GPS(-43.522208, 172.577700, 15.000000, var=[-1.0, -1.0, -1.0]); GPS(-43.522209, 172.577700, 26.295133, var=[-1, -1, -1]); 0.13438045861783177; OFFBOARD
12:56:36:377179; [5, 4, 4, 4]5; None; GPS(-43.522208, 172.577700, 0.000000, var=[-1.0, -1.0, -1.0]); GPS(-43.522208, 172.577698, 0.000000, var=[-1.0, -1.0, -1.0]); None; GPS(-43.522208, 172.577700, 15.000000, var=[-1.0, -1.0, -1.0]); GPS(-43.522208, 172.577700, 26.316133, var=[-1, -1, -1]); 0.13438045861783177; OFFBOARD
12:56:36:391970; [5, 4, 4, 4]5; None; GPS(-43.522208, 172.577700, 0.000000, var=[-1.0, -1.0, -1.0]); GPS(-43.522208, 172.577698, 0.000000, var=[-1.0, -1.0, -1.0]); None; GPS(-43.522208, 172.577700, 15.000000, var=[-1.0, -1.0, -1.0]); GPS(-43.522208, 172.577700, 26.316133, var=[-1, -1, -1]); 0.13438045861783177; OFFBOARD
12:56:37:385273; [5, 4, 4, 4]5; None; GPS(-43.522208, 172.577700, 0.000000, var=[-1.0, -1.0, -1.0]); GPS(-43.522208, 172.577698, 0.000000, var=[-1.0, -1.0, -1.0]); None; GPS(-43.522208, 172.577700, 15.000000, var=[-1.0, -1.0, -1.0]); GPS(-43.522208, 172.577700, 26.307133, var=[-1, -1, -1]); 0.13438045861783177; OFFBOARD
12:56:38:409451; [5, 4, 4, 4]5; None; GPS(-43.522208, 172.577700, 0.000000, var=[-1.0, -1.0, -1.0]); GPS(-43.522208, 172.577698, 0.000000, var=[-1.0, -1.0, -1.0]); None; GPS(-43.522208, 172.577700, 15.000000, var=[-1.0, -1.0, -1.0]); GPS(-43.522208, 172.577699, 26.301133, var=[-1, -1, -1]); 0.13438045861783177; OFFBOARD
12:56:39:497257; [5, 4, 4, 4]5; None; GPS(-43.522208, 172.577700, 0.000000, var=[-1.0, -1.0, -1.0]); GPS(-43.522208, 172.577698, 0.000000, var=[-1.0, -1.0, -1.0]); None; GPS(-43.522208, 172.577700, 15.000000, var=[-1.0, -1.0, -1.0]); GPS(-43.522208, 172.577700, 26.301133, var=[-1, -1, -1]); 0.13438045861783177; OFFBOARD
12:56:40:379792; [5, 4, 4, 4]5; None; GPS(-43.522208, 172.577700, 0.000000, var=[-1.0, -1.0, -1.0]); GPS(-43.522208, 172.577698, 0.000000, var=[-1.0, -1.0, -1.0]); None; GPS(-43.522208, 172.577700, 15.000000, var=[-1.0, -1.0, -1.0]); GPS(-43.522208, 172.577700, 26.310133, var=[-1, -1, -1]); 0.13438045861783177; OFFBOARD
12:56:41:469524; [5, 4, 4, 4]5; None; GPS(-43.522208, 172.577700, 0.000000, var=[-1.0, -1.0, -1.0]); GPS(-43.522208, 172.577698, 0.000000, var=[-1.0, -1.0, -1.0]); None; GPS(-43.522208, 172.577700, 15.000000, var=[-1.0, -1.0, -1.0]); GPS(-43.522208, 172.577700, 26.339133, var=[-1, -1, -1]); 0.13438045861783177; OFFBOARD
12:56:41:477835; [5, 4, 4, 4]5; None; GPS(-43.522208, 172.577700, 0.000000, var=[-1.0, -1.0, -1.0]); GPS(-43.522208, 172.577698, 0.000000, var=[-1.0, -1.0, -1.0]); None; GPS(-43.522208, 172.577700, 15.000000, var=[-1.0, -1.0, -1.0]); GPS(-43.522208, 172.577700, 26.339133, var=[-1, -1, -1]); 0.13438045861783177; OFFBOARD
12:56:42:380264; [5, 4, 4, 4]5; None; GPS(-43.522208, 172.577700, 0.000000, var=[-1.0, -1.0, -1.0]); GPS(-43.522208, 172.577698, 0.000000, var=[-1.0, -1.0, -1.0]); None; GPS(-43.522208, 172.577700, 15.000000, var=[-1.0, -1.0, -1.0]); GPS(-43.522208, 172.577700, 26.349133, var=[-1, -1, -1]); 0.13438045861783177; OFFBOARD
12:56:43:372751; [5, 4, 4, 4]5; None; GPS(-43.522208, 172.577700, 0.000000, var=[-1.0, -1.0, -1.0]); GPS(-43.522208, 172.577698, 0.000000, var=[-1.0, -1.0, -1.0]); None; GPS(-43.522208, 172.577700, 15.000000, var=[-1.0, -1.0, -1.0]); GPS(-43.522208, 172.577700, 26.367133, var=[-1, -1, -1]); 0.13438045861783177; OFFBOARD
12:56:44:555545; [5, 4, 4, 4]5; None; GPS(-43.522208, 172.577700, 0.000000, var=[-1.0, -1.0, -1.0]); GPS(-43.522208, 172.577698, 0.000000, var=[-1.0, -1.0, -1.0]); None; GPS(-43.522208, 172.577700, 15.000000, var=[-1.0, -1.0, -1.0]); GPS(-43.522208, 172.577700, 26.383133, var=[-1, -1, -1]); 0.13438045861783177; OFFBOARD
12:56:45:379288; [5, 4, 4, 4]5; None; GPS(-43.522208, 172.577700, 0.000000, var=[-1.0, -1.0, -1.0]); GPS(-43.522208, 172.577698, 0.000000, var=[-1.0, -1.0, -1.0]); None; GPS(-43.522208, 172.577700, 15.000000, var=[-1.0, -1.0, -1.0]); GPS(-43.522208, 172.577700, 26.392133, var=[-1, -1, -1]); 0.13438045861783177; OFFBOARD
12:56:46:376699; [5, 4, 4, 4]5; None; GPS(-43.522208, 172.577700, 0.000000, var=[-1.0, -1.0, -1.0]); GPS(-43.522208, 172.577698, 0.000000, var=[-1.0, -1.0, -1.0]); None; GPS(-43.522208, 172.577700, 15.000000, var=[-1.0, -1.0, -1.0]); GPS(-43.522208, 172.577701, 26.417133, var=[-1, -1, -1]); 0.13438045861783177; OFFBOARD
12:56:47:379240; [5, 4, 4, 4]5; None; GPS(-43.522208, 172.577700, 0.000000, var=[-1.0, -1.0, -1.0]); GPS(-43.522208, 172.577698, 0.000000, var=[-1.0, -1.0, -1.0]); None; GPS(-43.522208, 172.577700, 15.000000, var=[-1.0, -1.0, -1.0]); GPS(-43.522208, 172.577701, 26.434133, var=[-1, -1, -1]); 0.13438045861783177; OFFBOARD
12:56:48:406978; [5, 4, 4, 4]5; None; GPS(-43.522208, 172.577700, 0.000000, var=[-1.0, -1.0, -1.0]); GPS(-43.522208, 172.577698, 0.000000, var=[-1.0, -1.0, -1.0]); None; GPS(-43.522208, 172.577700, 15.000000, var=[-1.0, -1.0, -1.0]); GPS(-43.522208, 172.577701, 26.453133, var=[-1, -1, -1]); 0.13438045861783177; OFFBOARD
12:56:49:381584; [5, 4, 4, 4]5; None; GPS(-43.522208, 172.577700, 0.000000, var=[-1.0, -1.0, -1.0]); GPS(-43.522208, 172.577698, 0.000000, var=[-1.0, -1.0, -1.0]); None; GPS(-43.522208, 172.577700, 15.000000, var=[-1.0, -1.0, -1.0]); GPS(-43.522208, 172.577701, 26.460133, var=[-1, -1, -1]); 0.13438045861783177; OFFBOARD
12:56:50:378774; [5, 4, 4, 4]5; None; GPS(-43.522208, 172.577700, 0.000000, var=[-1.0, -1.0, -1.0]); GPS(-43.522208, 172.577698, 0.000000, var=[-1.0, -1.0, -1.0]); None; GPS(-43.522208, 172.577700, 15.000000, var=[-1.0, -1.0, -1.0]); GPS(-43.522208, 172.577700, 26.456134, var=[-1, -1, -1]); 0.13438045861783177; OFFBOARD
12:56:51:385182; [5, 4, 4, 4]5; None; GPS(-43.522208, 172.577700, 0.000000, var=[-1.0, -1.0, -1.0]); GPS(-43.522208, 172.577698, 0.000000, var=[-1.0, -1.0, -1.0]); None; GPS(-43.522208, 172.577700, 15.000000, var=[-1.0, -1.0, -1.0]); GPS(-43.522208, 172.577700, 26.464134, var=[-1, -1, -1]); 0.13438045861783177; OFFBOARD
12:56:52:383337; [6, 4, 4, 4]5; None; GPS(-43.522208, 172.577700, 0.000000, var=[-1.0, -1.0, -1.0]); GPS(-43.522208, 172.577698, 0.000000, var=[-1.0, -1.0, -1.0]); None; GPS(-43.522208, 172.577700, 15.000000, var=[-1.0, -1.0, -1.0]); GPS(-43.522208, 172.577700, 26.482133, var=[-1, -1, -1]); 0.13438045861783177; OFFBOARD
12:56:53:391662; [6, 4, 4, 4]5; None; GPS(-43.522208, 172.577700, 0.000000, var=[-1.0, -1.0, -1.0]); GPS(-43.522208, 172.577698, 0.000000, var=[-1.0, -1.0, -1.0]); None; GPS(-43.522208, 172.577700, 15.000000, var=[-1.0, -1.0, -1.0]); GPS(-43.522208, 172.577700, 26.490134, var=[-1, -1, -1]); 0.13438045861783177; OFFBOARD
12:56:55:064041; [6, 4, 4, 4]5; None; GPS(-43.522208, 172.577700, 0.000000, var=[-1.0, -1.0, -1.0]); GPS(-43.522208, 172.577698, 0.000000, var=[-1.0, -1.0, -1.0]); None; GPS(-43.522208, 172.577700, 15.000000, var=[-1.0, -1.0, -1.0]); GPS(-43.522208, 172.577700, 26.506133, var=[-1, -1, -1]); 0.13438045861783177; OFFBOARD
STOP: 09/24/2021 12:56:58:897217
