START: 09/30/2021 20:46:55:563939
TIME,            STATES_LIST,          TARGET_FILT_CART,          TARGET_FILT_GPS,          TARGET_REAL_GPS,          TX_FILT_CART,          TX_FILT_GPS,          TX_REAL_GPS,          MULTILATERATION_ERROR,          MODE,          
20:47:38:287975, [1, 1, 1, 1]1, None, GPS(-43.520600, 172.583000, 0.000000, var=[-1.0, -1.0, -1.0]), GPS(-43.520600, 172.583000, 0.000000, var=[-1.0, -1.0, -1.0]), None, GPS(-43.520600, 172.583000, 15.000000, var=[-1, -1, -1]), GPS(-43.520600, 172.582999, 26.296839, var=[1.0, 1.0, 1.0]), 0.0, OFFBOARD
20:47:39:288023, [1, 1, 1, 1]1, None, GPS(-43.520600, 172.583000, 0.000000, var=[-1.0, -1.0, -1.0]), GPS(-43.520600, 172.583000, 0.000000, var=[-1.0, -1.0, -1.0]), None, GPS(-43.520600, 172.583000, 15.000000, var=[-1, -1, -1]), GPS(-43.520600, 172.582999, 26.305839, var=[1.0, 1.0, 1.0]), 0.0, OFFBOARD
20:47:39:884168, [1, 1, 1, 1]1, None, GPS(-43.520600, 172.583000, 0.000000, var=[-1.0, -1.0, -1.0]), GPS(-43.520600, 172.583000, 0.000000, var=[-1.0, -1.0, -1.0]), None, GPS(-43.520600, 172.583000, 15.000000, var=[-1, -1, -1]), GPS(-43.520600, 172.582999, 26.312839, var=[1.0, 1.0, 1.0]), 0.0, OFFBOARD
20:47:40:885944, [1, 1, 1, 1]1, None, GPS(-43.520600, 172.583000, 0.000000, var=[-1.0, -1.0, -1.0]), GPS(-43.520600, 172.583000, 0.000000, var=[-1.0, -1.0, -1.0]), None, GPS(-43.520600, 172.583000, 15.000000, var=[-1, -1, -1]), GPS(-43.520600, 172.582999, 26.316840, var=[1.0, 1.0, 1.0]), 0.0, OFFBOARD
20:47:40:984988, [1, 1, 1, 1]1, None, GPS(-43.520600, 172.583000, 0.000000, var=[-1.0, -1.0, -1.0]), GPS(-43.520600, 172.583000, 0.000000, var=[-1.0, -1.0, -1.0]), None, GPS(-43.520600, 172.583000, 15.000000, var=[-1, -1, -1]), GPS(-43.520600, 172.582999, 26.311840, var=[1.0, 1.0, 1.0]), 0.0, OFFBOARD
20:47:41:985791, [1, 1, 1, 1]1, None, GPS(-43.520600, 172.583000, 0.000000, var=[-1.0, -1.0, -1.0]), GPS(-43.520600, 172.583000, 0.000000, var=[-1.0, -1.0, -1.0]), None, GPS(-43.520600, 172.583000, 15.000000, var=[-1, -1, -1]), GPS(-43.520600, 172.583000, 26.295840, var=[1.0, 1.0, 1.0]), 0.0, OFFBOARD
20:47:42:986225, [1, 1, 1, 1]1, None, GPS(-43.520600, 172.583000, 0.000000, var=[-1.0, -1.0, -1.0]), GPS(-43.520600, 172.583000, 0.000000, var=[-1.0, -1.0, -1.0]), None, GPS(-43.520600, 172.583000, 15.000000, var=[-1, -1, -1]), GPS(-43.520600, 172.583000, 26.288840, var=[1.0, 1.0, 1.0]), 0.0, OFFBOARD
20:47:43:988151, [1, 1, 1, 1]1, None, GPS(-43.520600, 172.583000, 0.000000, var=[-1.0, -1.0, -1.0]), GPS(-43.520600, 172.583000, 0.000000, var=[-1.0, -1.0, -1.0]), None, GPS(-43.520600, 172.583000, 15.000000, var=[-1, -1, -1]), GPS(-43.520600, 172.583000, 26.288840, var=[1.0, 1.0, 1.0]), 0.0, OFFBOARD
20:47:44:086881, [1, 1, 1, 1]1, None, GPS(-43.520600, 172.583000, 0.000000, var=[-1.0, -1.0, -1.0]), GPS(-43.520600, 172.583000, 0.000000, var=[-1.0, -1.0, -1.0]), None, GPS(-43.520600, 172.583000, 15.000000, var=[-1, -1, -1]), GPS(-43.520600, 172.583000, 26.291840, var=[1.0, 1.0, 1.0]), 0.0, OFFBOARD
20:47:45:087279, [1, 1, 1, 1]1, None, GPS(-43.520600, 172.583000, 0.000000, var=[-1.0, -1.0, -1.0]), GPS(-43.520600, 172.583000, 0.000000, var=[-1.0, -1.0, -1.0]), None, GPS(-43.520600, 172.583000, 15.000000, var=[-1, -1, -1]), GPS(-43.520600, 172.583000, 26.289839, var=[1.0, 1.0, 1.0]), 0.0, OFFBOARD
20:47:46:087797, [1, 1, 1, 1]1, None, GPS(-43.520600, 172.583000, 0.000000, var=[-1.0, -1.0, -1.0]), GPS(-43.520600, 172.583000, 0.000000, var=[-1.0, -1.0, -1.0]), None, GPS(-43.520600, 172.583000, 15.000000, var=[-1, -1, -1]), GPS(-43.520600, 172.583000, 26.295839, var=[1.0, 1.0, 1.0]), 0.0, OFFBOARD
20:47:47:089070, [1, 1, 1, 1]1, None, GPS(-43.520600, 172.583000, 0.000000, var=[-1.0, -1.0, -1.0]), GPS(-43.520600, 172.583000, 0.000000, var=[-1.0, -1.0, -1.0]), None, GPS(-43.520600, 172.583000, 15.000000, var=[-1, -1, -1]), GPS(-43.520600, 172.582999, 26.285839, var=[1.0, 1.0, 1.0]), 0.0, OFFBOARD
20:47:47:188702, [1, 1, 1, 1]1, None, GPS(-43.520600, 172.583000, 0.000000, var=[-1.0, -1.0, -1.0]), GPS(-43.520600, 172.583000, 0.000000, var=[-1.0, -1.0, -1.0]), None, GPS(-43.520600, 172.583000, 15.000000, var=[-1, -1, -1]), GPS(-43.520600, 172.582999, 26.285839, var=[1.0, 1.0, 1.0]), 0.0, OFFBOARD
20:47:48:189568, [1, 1, 1, 1]1, None, GPS(-43.520600, 172.583000, 0.000000, var=[-1.0, -1.0, -1.0]), GPS(-43.520600, 172.583000, 0.000000, var=[-1.0, -1.0, -1.0]), None, GPS(-43.520600, 172.583000, 15.000000, var=[-1, -1, -1]), GPS(-43.520600, 172.582999, 26.281839, var=[1.0, 1.0, 1.0]), 0.0, OFFBOARD
20:47:49:189716, [1, 1, 1, 1]1, None, GPS(-43.520600, 172.583000, 0.000000, var=[-1.0, -1.0, -1.0]), GPS(-43.520600, 172.583000, 0.000000, var=[-1.0, -1.0, -1.0]), None, GPS(-43.520600, 172.583000, 15.000000, var=[-1, -1, -1]), GPS(-43.520600, 172.582999, 26.284839, var=[1.0, 1.0, 1.0]), 0.0, OFFBOARD
20:47:49:221114, [1, 1, 1, 1]1, None, GPS(-43.520600, 172.583000, 0.000000, var=[-1.0, -1.0, -1.0]), GPS(-43.520600, 172.583000, 0.000000, var=[-1.0, -1.0, -1.0]), None, GPS(-43.520600, 172.583000, 15.000000, var=[-1, -1, -1]), GPS(-43.520600, 172.582999, 26.285839, var=[1.0, 1.0, 1.0]), 0.0, OFFBOARD
20:47:50:214593, [1, 1, 1, 1]1, None, GPS(-43.520600, 172.583000, 0.000000, var=[-1.0, -1.0, -1.0]), GPS(-43.520600, 172.583000, 0.000000, var=[-1.0, -1.0, -1.0]), None, GPS(-43.520600, 172.583000, 15.000000, var=[-1, -1, -1]), GPS(-43.520600, 172.582999, 26.294839, var=[1.0, 1.0, 1.0]), 0.0, OFFBOARD
20:47:50:253104, [1, 1, 1, 1]1, None, GPS(-43.520600, 172.583000, 0.000000, var=[-1.0, -1.0, -1.0]), GPS(-43.520600, 172.583000, 0.000000, var=[-1.0, -1.0, -1.0]), None, GPS(-43.520600, 172.583000, 15.000000, var=[-1, -1, -1]), GPS(-43.520600, 172.582999, 26.293839, var=[1.0, 1.0, 1.0]), 0.0, OFFBOARD
20:47:51:241068, [1, 1, 1, 1]1, None, GPS(-43.520600, 172.583000, 0.000000, var=[-1.0, -1.0, -1.0]), GPS(-43.520600, 172.583000, 0.000000, var=[-1.0, -1.0, -1.0]), None, GPS(-43.520600, 172.583000, 15.000000, var=[-1, -1, -1]), GPS(-43.520600, 172.582999, 26.311839, var=[1.0, 1.0, 1.0]), 0.0, OFFBOARD
20:47:51:285912, [1, 1, 1, 1]1, None, GPS(-43.520600, 172.583000, 0.000000, var=[-1.0, -1.0, -1.0]), GPS(-43.520600, 172.583000, 0.000000, var=[-1.0, -1.0, -1.0]), None, GPS(-43.520600, 172.583000, 15.000000, var=[-1, -1, -1]), GPS(-43.520600, 172.582999, 26.313839, var=[1.0, 1.0, 1.0]), 0.0, OFFBOARD
20:47:52:286395, [1, 1, 1, 1]1, None, GPS(-43.520600, 172.583000, 0.000000, var=[-1.0, -1.0, -1.0]), GPS(-43.520600, 172.583000, 0.000000, var=[-1.0, -1.0, -1.0]), None, GPS(-43.520600, 172.583000, 15.000000, var=[-1, -1, -1]), GPS(-43.520600, 172.583000, 26.326839, var=[1.0, 1.0, 1.0]), 0.0, OFFBOARD
20:47:53:287061, [1, 1, 1, 1]1, None, GPS(-43.520600, 172.583000, 0.000000, var=[-1.0, -1.0, -1.0]), GPS(-43.520600, 172.583000, 0.000000, var=[-1.0, -1.0, -1.0]), None, GPS(-43.520600, 172.583000, 15.000000, var=[-1, -1, -1]), GPS(-43.520600, 172.583000, 26.347839, var=[1.0, 1.0, 1.0]), 0.0, OFFBOARD
20:47:54:287562, [1, 1, 1, 1]1, None, GPS(-43.520600, 172.583000, 0.000000, var=[-1.0, -1.0, -1.0]), GPS(-43.520600, 172.583000, 0.000000, var=[-1.0, -1.0, -1.0]), None, GPS(-43.520600, 172.583000, 15.000000, var=[-1, -1, -1]), GPS(-43.520600, 172.583000, 26.367839, var=[1.0, 1.0, 1.0]), 0.0, OFFBOARD
20:47:54:387776, [1, 1, 1, 1]1, None, GPS(-43.520600, 172.583000, 0.000000, var=[-1.0, -1.0, -1.0]), GPS(-43.520600, 172.583000, 0.000000, var=[-1.0, -1.0, -1.0]), None, GPS(-43.520600, 172.583000, 15.000000, var=[-1, -1, -1]), GPS(-43.520600, 172.583000, 26.369839, var=[1.0, 1.0, 1.0]), 0.0, OFFBOARD
20:47:55:388486, [1, 1, 1, 1]1, None, GPS(-43.520600, 172.583000, 0.000000, var=[-1.0, -1.0, -1.0]), GPS(-43.520600, 172.583000, 0.000000, var=[-1.0, -1.0, -1.0]), None, GPS(-43.520600, 172.583000, 15.000000, var=[-1, -1, -1]), GPS(-43.520600, 172.583000, 26.379839, var=[1.0, 1.0, 1.0]), 0.0, OFFBOARD
20:47:55:488390, [1, 1, 1, 1]1, None, GPS(-43.520600, 172.583000, 0.000000, var=[-1.0, -1.0, -1.0]), GPS(-43.520600, 172.583000, 0.000000, var=[-1.0, -1.0, -1.0]), None, GPS(-43.520600, 172.583000, 15.000000, var=[-1, -1, -1]), GPS(-43.520600, 172.583000, 26.380839, var=[1.0, 1.0, 1.0]), 0.0, OFFBOARD
20:47:56:488457, [1, 1, 1, 1]1, None, GPS(-43.520600, 172.583000, 0.000000, var=[-1.0, -1.0, -1.0]), GPS(-43.520600, 172.583000, 0.000000, var=[-1.0, -1.0, -1.0]), None, GPS(-43.520600, 172.583000, 15.000000, var=[-1, -1, -1]), GPS(-43.520600, 172.583000, 26.391839, var=[1.0, 1.0, 1.0]), 0.0, OFFBOARD
20:47:56:521940, [1, 1, 1, 1]1, None, GPS(-43.520600, 172.583000, 0.000000, var=[-1.0, -1.0, -1.0]), GPS(-43.520600, 172.583000, 0.000000, var=[-1.0, -1.0, -1.0]), None, GPS(-43.520600, 172.583000, 15.000000, var=[-1, -1, -1]), GPS(-43.520600, 172.583000, 26.392839, var=[1.0, 1.0, 1.0]), 0.0, OFFBOARD
20:47:57:522548, [1, 1, 1, 1]1, None, GPS(-43.520600, 172.583000, 0.000000, var=[-1.0, -1.0, -1.0]), GPS(-43.520600, 172.583000, 0.000000, var=[-1.0, -1.0, -1.0]), None, GPS(-43.520600, 172.583000, 15.000000, var=[-1, -1, -1]), GPS(-43.520600, 172.583000, 26.407840, var=[1.0, 1.0, 1.0]), 0.0, OFFBOARD
20:47:58:524081, [1, 1, 1, 1]1, None, GPS(-43.520600, 172.583000, 0.000000, var=[-1.0, -1.0, -1.0]), GPS(-43.520600, 172.583000, 0.000000, var=[-1.0, -1.0, -1.0]), None, GPS(-43.520600, 172.583000, 15.000000, var=[-1, -1, -1]), GPS(-43.520600, 172.583000, 26.425840, var=[1.0, 1.0, 1.0]), 0.0, OFFBOARD
20:47:58:623158, [1, 1, 1, 2]1, None, GPS(-43.520600, 172.583000, 0.000000, var=[-1.0, -1.0, -1.0]), GPS(-43.520600, 172.583000, 0.000000, var=[-1.0, -1.0, -1.0]), None, GPS(-43.520600, 172.583000, 15.000000, var=[-1, -1, -1]), GPS(-43.520600, 172.583000, 26.428840, var=[1.0, 1.0, 1.0]), 0.0, OFFBOARD
20:47:59:623176, [1, 1, 1, 2]1, None, GPS(-43.520600, 172.583000, 0.000000, var=[-1.0, -1.0, -1.0]), GPS(-43.520600, 172.583000, 0.000000, var=[-1.0, -1.0, -1.0]), None, GPS(-43.520600, 172.583000, 15.000000, var=[-1, -1, -1]), GPS(-43.520600, 172.583000, 26.439840, var=[1.0, 1.0, 1.0]), 0.0, OFFBOARD
20:47:59:658603, [1, 1, 1, 2]1, None, GPS(-43.520600, 172.583000, 0.000000, var=[-1.0, -1.0, -1.0]), GPS(-43.520600, 172.583000, 0.000000, var=[-1.0, -1.0, -1.0]), None, GPS(-43.520600, 172.583000, 15.000000, var=[-1, -1, -1]), GPS(-43.520600, 172.583000, 26.439840, var=[1.0, 1.0, 1.0]), 0.0, OFFBOARD
20:48:00:658774, [1, 1, 1, 2]1, None, GPS(-43.520600, 172.583000, 0.000000, var=[-1.0, -1.0, -1.0]), GPS(-43.520600, 172.583000, 0.000000, var=[-1.0, -1.0, -1.0]), None, GPS(-43.520600, 172.583000, 15.000000, var=[-1, -1, -1]), GPS(-43.520600, 172.583000, 26.445840, var=[1.0, 1.0, 1.0]), 0.0, OFFBOARD
20:48:00:659080, [1, 1, 1, 2]1, None, GPS(-43.520600, 172.583000, 0.000000, var=[-1.0, -1.0, -1.0]), GPS(-43.520600, 172.583000, 0.000000, var=[-1.0, -1.0, -1.0]), None, GPS(-43.520600, 172.583000, 15.000000, var=[-1, -1, -1]), GPS(-43.520600, 172.583000, 26.445840, var=[1.0, 1.0, 1.0]), 0.0, OFFBOARD
20:48:01:659659, [1, 1, 2, 2]1, None, GPS(-43.520600, 172.583000, 0.000000, var=[-1.0, -1.0, -1.0]), GPS(-43.520600, 172.583000, 0.000000, var=[-1.0, -1.0, -1.0]), None, GPS(-43.520600, 172.583000, 15.000000, var=[-1, -1, -1]), GPS(-43.520600, 172.583000, 26.455840, var=[1.0, 1.0, 1.0]), 0.0, OFFBOARD
20:48:02:659541, [1, 1, 2, 2]1, None, GPS(-43.520600, 172.583000, 0.000000, var=[-1.0, -1.0, -1.0]), GPS(-43.520600, 172.583000, 0.000000, var=[-1.0, -1.0, -1.0]), None, GPS(-43.520600, 172.583000, 15.000000, var=[-1, -1, -1]), GPS(-43.520600, 172.583000, 26.462840, var=[1.0, 1.0, 1.0]), 0.0, OFFBOARD
20:48:02:690403, [1, 1, 2, 2]1, None, GPS(-43.520600, 172.583000, 0.000000, var=[-1.0, -1.0, -1.0]), GPS(-43.520600, 172.583000, 0.000000, var=[-1.0, -1.0, -1.0]), None, GPS(-43.520600, 172.583000, 15.000000, var=[-1, -1, -1]), GPS(-43.520600, 172.583000, 26.463840, var=[1.0, 1.0, 1.0]), 0.0, OFFBOARD
20:48:03:690984, [1, 1, 2, 2]1, None, GPS(-43.520600, 172.583000, 0.000000, var=[-1.0, -1.0, -1.0]), GPS(-43.520600, 172.583000, 0.000000, var=[-1.0, -1.0, -1.0]), None, GPS(-43.520600, 172.583000, 15.000000, var=[-1, -1, -1]), GPS(-43.520600, 172.583000, 26.470839, var=[1.0, 1.0, 1.0]), 0.0, OFFBOARD
20:48:04:692004, [1, 1, 2, 2]1, None, GPS(-43.520600, 172.583000, 0.000000, var=[-1.0, -1.0, -1.0]), GPS(-43.520600, 172.583000, 0.000000, var=[-1.0, -1.0, -1.0]), None, GPS(-43.520600, 172.583000, 15.000000, var=[-1, -1, -1]), GPS(-43.520600, 172.583000, 26.470839, var=[1.0, 1.0, 1.0]), 0.0, OFFBOARD
20:48:04:792173, [1, 1, 2, 2]1, None, GPS(-43.520600, 172.583000, 0.000000, var=[-1.0, -1.0, -1.0]), GPS(-43.520600, 172.583000, 0.000000, var=[-1.0, -1.0, -1.0]), None, GPS(-43.520600, 172.583000, 15.000000, var=[-1, -1, -1]), GPS(-43.520600, 172.583000, 26.470839, var=[1.0, 1.0, 1.0]), 0.0, OFFBOARD
20:48:05:793198, [1, 1, 2, 2]1, None, GPS(-43.520600, 172.583000, 0.000000, var=[-1.0, -1.0, -1.0]), GPS(-43.520600, 172.583000, 0.000000, var=[-1.0, -1.0, -1.0]), None, GPS(-43.520600, 172.583000, 15.000000, var=[-1, -1, -1]), GPS(-43.520600, 172.583000, 26.474839, var=[1.0, 1.0, 1.0]), 0.0, OFFBOARD
20:48:05:892953, [1, 2, 2, 2]1, None, GPS(-43.520600, 172.583000, 0.000000, var=[-1.0, -1.0, -1.0]), GPS(-43.520600, 172.583000, 0.000000, var=[-1.0, -1.0, -1.0]), None, GPS(-43.520600, 172.583000, 15.000000, var=[-1, -1, -1]), GPS(-43.520601, 172.583000, 26.475839, var=[1.0, 1.0, 1.0]), 0.0, OFFBOARD
20:48:06:894594, [1, 2, 2, 2]2, None, GPS(-43.520600, 172.583000, 0.000000, var=[-1.0, -1.0, -1.0]), GPS(-43.520600, 172.583000, 0.000000, var=[-1.0, -1.0, -1.0]), None, GPS(-43.520600, 172.583000, 15.000000, var=[-1, -1, -1]), GPS(-43.520601, 172.582999, 26.459838, var=[1.0, 1.0, 1.0]), 0.0, OFFBOARD
20:48:07:893663, [1, 2, 2, 2]2, None, GPS(-43.520600, 172.583000, 0.000000, var=[-1.0, -1.0, -1.0]), GPS(-43.520600, 172.583000, 0.000000, var=[-1.0, -1.0, -1.0]), None, GPS(-43.520600, 172.583000, 15.000000, var=[-1, -1, -1]), GPS(-43.520600, 172.582999, 26.451839, var=[1.0, 1.0, 1.0]), 0.0, OFFBOARD
20:48:07:918881, [2, 2, 2, 2]2, None, GPS(-43.520600, 172.583000, 0.000000, var=[-1.0, -1.0, -1.0]), GPS(-43.520600, 172.583000, 0.000000, var=[-1.0, -1.0, -1.0]), None, GPS(-43.520600, 172.583000, 15.000000, var=[-1, -1, -1]), GPS(-43.520600, 172.582999, 26.451839, var=[1.0, 1.0, 1.0]), 0.0, OFFBOARD
20:48:08:919352, [2, 2, 2, 2]2, None, GPS(-43.520600, 172.583000, 0.000000, var=[-1.0, -1.0, -1.0]), GPS(-43.520600, 172.583000, 0.000000, var=[-1.0, -1.0, -1.0]), None, GPS(-43.520600, 172.583000, 15.000000, var=[-1, -1, -1]), GPS(-43.520600, 172.582999, 26.449839, var=[1.0, 1.0, 1.0]), 0.0, OFFBOARD
20:48:08:919596, [2, 2, 2, 2]2, None, GPS(-43.520600, 172.583000, 0.000000, var=[-1.0, -1.0, -1.0]), GPS(-43.520600, 172.583000, 0.000000, var=[-1.0, -1.0, -1.0]), None, GPS(-43.520600, 172.583000, 15.000000, var=[-1, -1, -1]), GPS(-43.520600, 172.582999, 26.449839, var=[1.0, 1.0, 1.0]), 0.0, OFFBOARD
20:48:09:919691, [2, 2, 2, 2]2, None, GPS(-43.520600, 172.583000, 0.000000, var=[-1.0, -1.0, -1.0]), GPS(-43.520600, 172.583000, 0.000000, var=[-1.0, -1.0, -1.0]), None, GPS(-43.520600, 172.583000, 15.000000, var=[-1, -1, -1]), GPS(-43.520600, 172.582999, 26.453839, var=[1.0, 1.0, 1.0]), 0.0, OFFBOARD
20:48:10:920229, [2, 2, 2, 2]2, None, GPS(-43.520600, 172.583000, 0.000000, var=[-1.0, -1.0, -1.0]), GPS(-43.520600, 172.583000, 0.000000, var=[-1.0, -1.0, -1.0]), None, GPS(-43.520600, 172.583000, 15.000000, var=[-1, -1, -1]), GPS(-43.520600, 172.582999, 26.459839, var=[1.0, 1.0, 1.0]), 0.0, OFFBOARD
20:48:11:020324, [2, 2, 2, 2]2, None, GPS(-43.520600, 172.583000, 0.000000, var=[-1.0, -1.0, -1.0]), GPS(-43.520600, 172.583000, 0.000000, var=[-1.0, -1.0, -1.0]), None, GPS(-43.520600, 172.583000, 15.000000, var=[-1, -1, -1]), GPS(-43.520600, 172.582999, 26.456839, var=[1.0, 1.0, 1.0]), 0.0, OFFBOARD
20:48:12:020784, [2, 2, 2, 3]2, None, GPS(-43.520600, 172.583000, 0.000000, var=[-1.0, -1.0, -1.0]), GPS(-43.520600, 172.583000, 0.000000, var=[-1.0, -1.0, -1.0]), None, GPS(-43.520600, 172.583000, 15.000000, var=[-1, -1, -1]), GPS(-43.520600, 172.582999, 26.449839, var=[1.0, 1.0, 1.0]), 0.0, OFFBOARD
20:48:13:022372, [2, 2, 2, 3]2, None, GPS(-43.520600, 172.583000, 0.000000, var=[-1.0, -1.0, -1.0]), GPS(-43.520600, 172.583000, 0.000000, var=[-1.0, -1.0, -1.0]), None, GPS(-43.520600, 172.583000, 15.000000, var=[-1, -1, -1]), GPS(-43.520600, 172.582999, 26.443840, var=[1.0, 1.0, 1.0]), 0.0, OFFBOARD
20:48:13:122076, [2, 2, 2, 3]2, None, GPS(-43.520600, 172.583000, 0.000000, var=[-1.0, -1.0, -1.0]), GPS(-43.520600, 172.583000, 0.000000, var=[-1.0, -1.0, -1.0]), None, GPS(-43.520600, 172.583000, 15.000000, var=[-1, -1, -1]), GPS(-43.520600, 172.582999, 26.444840, var=[1.0, 1.0, 1.0]), 0.0, OFFBOARD
20:48:14:122605, [2, 2, 2, 4]2, None, GPS(-43.520600, 172.583000, 0.000000, var=[-1.0, -1.0, -1.0]), GPS(-43.520600, 172.583000, 0.000000, var=[-1.0, -1.0, -1.0]), None, GPS(-43.520600, 172.583000, 15.000000, var=[-1, -1, -1]), GPS(-43.520600, 172.583000, 26.444840, var=[1.0, 1.0, 1.0]), 0.0, OFFBOARD
20:48:15:123006, [2, 2, 2, 4]2, None, GPS(-43.520600, 172.583000, 0.000000, var=[-1.0, -1.0, -1.0]), GPS(-43.520600, 172.583000, 0.000000, var=[-1.0, -1.0, -1.0]), None, GPS(-43.520600, 172.583000, 15.000000, var=[-1, -1, -1]), GPS(-43.520600, 172.583000, 26.457840, var=[1.0, 1.0, 1.0]), 0.0, OFFBOARD
20:48:16:123903, [2, 2, 2, 4]2, None, GPS(-43.520600, 172.583000, 0.000000, var=[-1.0, -1.0, -1.0]), GPS(-43.520600, 172.583000, 0.000000, var=[-1.0, -1.0, -1.0]), None, GPS(-43.520600, 172.583000, 15.000000, var=[-1, -1, -1]), GPS(-43.520600, 172.583000, 26.460839, var=[1.0, 1.0, 1.0]), 0.0, OFFBOARD
20:48:16:224132, [2, 2, 2, 4]2, None, GPS(-43.520600, 172.583000, 0.000000, var=[-1.0, -1.0, -1.0]), GPS(-43.520600, 172.583000, 0.000000, var=[-1.0, -1.0, -1.0]), None, GPS(-43.520600, 172.583000, 15.000000, var=[-1, -1, -1]), GPS(-43.520600, 172.583000, 26.461839, var=[1.0, 1.0, 1.0]), 0.0, OFFBOARD
20:48:17:224811, [2, 2, 3, 4]2, None, GPS(-43.520600, 172.583000, 0.000000, var=[-1.0, -1.0, -1.0]), GPS(-43.520600, 172.583000, 0.000000, var=[-1.0, -1.0, -1.0]), None, GPS(-43.520600, 172.583000, 15.000000, var=[-1, -1, -1]), GPS(-43.520600, 172.583000, 26.467839, var=[1.0, 1.0, 1.0]), 0.0, OFFBOARD
20:48:18:226317, [2, 2, 3, 4]2, None, GPS(-43.520600, 172.583000, 0.000000, var=[-1.0, -1.0, -1.0]), GPS(-43.520600, 172.583000, 0.000000, var=[-1.0, -1.0, -1.0]), None, GPS(-43.520600, 172.583000, 15.000000, var=[-1, -1, -1]), GPS(-43.520600, 172.583000, 26.479839, var=[1.0, 1.0, 1.0]), 0.0, OFFBOARD
20:48:18:325442, [2, 3, 3, 4]2, None, GPS(-43.520600, 172.583000, 0.000000, var=[-1.0, -1.0, -1.0]), GPS(-43.520600, 172.583000, 0.000000, var=[-1.0, -1.0, -1.0]), None, GPS(-43.520600, 172.583000, 15.000000, var=[-1, -1, -1]), GPS(-43.520600, 172.583000, 26.478839, var=[1.0, 1.0, 1.0]), 0.0, OFFBOARD
20:48:19:325971, [3, 3, 4, 4]2, None, GPS(-43.520600, 172.583000, 0.000000, var=[-1.0, -1.0, -1.0]), GPS(-43.520600, 172.583000, 0.000000, var=[-1.0, -1.0, -1.0]), None, GPS(-43.520600, 172.583000, 15.000000, var=[-1, -1, -1]), GPS(-43.520600, 172.583000, 26.473839, var=[1.0, 1.0, 1.0]), 0.0, OFFBOARD
20:48:20:326512, [3, 3, 4, 4]2, None, GPS(-43.520600, 172.583000, 0.000000, var=[-1.0, -1.0, -1.0]), GPS(-43.520600, 172.583000, 0.000000, var=[-1.0, -1.0, -1.0]), None, GPS(-43.520600, 172.583000, 15.000000, var=[-1, -1, -1]), GPS(-43.520600, 172.583000, 26.469839, var=[1.0, 1.0, 1.0]), 0.0, OFFBOARD
20:48:20:426571, [3, 3, 4, 4]2, None, GPS(-43.520600, 172.583000, 0.000000, var=[-1.0, -1.0, -1.0]), GPS(-43.520600, 172.583000, 0.000000, var=[-1.0, -1.0, -1.0]), None, GPS(-43.520600, 172.583000, 15.000000, var=[-1, -1, -1]), GPS(-43.520600, 172.583000, 26.469839, var=[1.0, 1.0, 1.0]), 0.0, OFFBOARD
20:48:21:427306, [3, 4, 4, 4]2, None, GPS(-43.520600, 172.583000, 0.000000, var=[-1.0, -1.0, -1.0]), GPS(-43.520600, 172.583000, 0.000000, var=[-1.0, -1.0, -1.0]), None, GPS(-43.520600, 172.583000, 15.000000, var=[-1, -1, -1]), GPS(-43.520600, 172.582999, 26.467839, var=[1.0, 1.0, 1.0]), 0.0, OFFBOARD
20:48:21:527329, [4, 4, 4, 4]2, None, GPS(-43.520600, 172.583000, 0.000000, var=[-1.0, -1.0, -1.0]), GPS(-43.520600, 172.583000, 0.000000, var=[-1.0, -1.0, -1.0]), None, GPS(-43.520600, 172.583000, 15.000000, var=[-1, -1, -1]), GPS(-43.520600, 172.582999, 26.468839, var=[1.0, 1.0, 1.0]), 0.0, OFFBOARD
20:48:22:527816, [4, 4, 4, 4]2, None, GPS(-43.520600, 172.583000, 0.000000, var=[-1.0, -1.0, -1.0]), GPS(-43.520600, 172.583000, 0.000000, var=[-1.0, -1.0, -1.0]), None, GPS(-43.520600, 172.583000, 15.000000, var=[-1, -1, -1]), GPS(-43.520600, 172.582999, 26.474839, var=[1.0, 1.0, 1.0]), 0.0, OFFBOARD
20:48:23:527881, [4, 4, 4, 4]2, None, GPS(-43.520600, 172.583000, 0.000000, var=[-1.0, -1.0, -1.0]), GPS(-43.520600, 172.583000, 0.000000, var=[-1.0, -1.0, -1.0]), None, GPS(-43.520600, 172.583000, 15.000000, var=[-1, -1, -1]), GPS(-43.520600, 172.582999, 26.479839, var=[1.0, 1.0, 1.0]), 0.0, OFFBOARD
20:48:23:555022, [4, 4, 4, 4]3, None, GPS(-43.520600, 172.583000, 0.000000, var=[-1.0, -1.0, -1.0]), GPS(-43.520600, 172.583000, 0.000000, var=[-1.0, -1.0, -1.0]), None, GPS(-43.520600, 172.583000, 15.000000, var=[-1, -1, -1]), GPS(-43.520600, 172.582999, 26.479839, var=[1.0, 1.0, 1.0]), 0.0, OFFBOARD
20:48:24:555672, [4, 4, 4, 4]3, None, GPS(-43.520600, 172.583000, 0.000000, var=[-1.0, -1.0, -1.0]), GPS(-43.520600, 172.583000, 0.000000, var=[-1.0, -1.0, -1.0]), None, GPS(-43.520600, 172.583000, 15.000000, var=[-1, -1, -1]), GPS(-43.520600, 172.582999, 26.484839, var=[1.0, 1.0, 1.0]), 0.0, OFFBOARD
20:48:24:657974, [4, 4, 4, 4]3, None, GPS(-43.520600, 172.583000, 0.000000, var=[-1.0, -1.0, -1.0]), GPS(-43.520600, 172.583000, 0.000000, var=[-1.0, -1.0, -1.0]), None, GPS(-43.520600, 172.583000, 15.000000, var=[-1, -1, -1]), GPS(-43.520600, 172.582999, 26.486839, var=[1.0, 1.0, 1.0]), 0.0, OFFBOARD
20:48:25:659148, [4, 4, 4, 4]3, None, GPS(-43.520600, 172.583000, 0.000000, var=[-1.0, -1.0, -1.0]), GPS(-43.520600, 172.583000, 0.000000, var=[-1.0, -1.0, -1.0]), None, GPS(-43.520600, 172.583000, 15.000000, var=[-1, -1, -1]), GPS(-43.520600, 172.582999, 26.485839, var=[1.0, 1.0, 1.0]), 0.0, OFFBOARD
20:48:25:685451, [4, 4, 4, 4]3, None, GPS(-43.520600, 172.583000, 0.000000, var=[-1.0, -1.0, -1.0]), GPS(-43.520600, 172.583000, 0.000000, var=[-1.0, -1.0, -1.0]), None, GPS(-43.520600, 172.583000, 15.000000, var=[-1, -1, -1]), GPS(-43.520600, 172.582999, 26.484839, var=[1.0, 1.0, 1.0]), 0.0, OFFBOARD
20:48:26:687233, [4, 4, 4, 4]3, None, GPS(-43.520600, 172.583000, 0.000000, var=[-1.0, -1.0, -1.0]), GPS(-43.520600, 172.583000, 0.000000, var=[-1.0, -1.0, -1.0]), None, GPS(-43.520600, 172.583000, 15.000000, var=[-1, -1, -1]), GPS(-43.520600, 172.582999, 26.489840, var=[1.0, 1.0, 1.0]), 0.0, OFFBOARD
20:48:27:688832, [4, 4, 4, 4]3, None, GPS(-43.520600, 172.583000, 0.000000, var=[-1.0, -1.0, -1.0]), GPS(-43.520600, 172.583000, 0.000000, var=[-1.0, -1.0, -1.0]), None, GPS(-43.520600, 172.583000, 15.000000, var=[-1, -1, -1]), GPS(-43.520600, 172.582999, 26.493840, var=[1.0, 1.0, 1.0]), 0.0, OFFBOARD
20:48:27:882051, [4, 4, 4, 4]5, [-0.00439771  0.00656354  0.0087975 ], GPS(-43.520600, 172.583000, 0.008797, var=[0.015654788852135587, 0.01561883284189848, 0.0011934450650793044]), GPS(-43.520600, 172.583000, 0.000000, var=[-1.0, -1.0, -1.0]), [-6.45042083e-02  2.22389398e-02  2.64937851e+01], GPS(-43.520600, 172.583000, 15.008797, var=[-1, -1, -1]), GPS(-43.520600, 172.582999, 26.493840, var=[1.0, 1.0, 1.0]), 0.011824377742944066, OFFBOARD
20:48:28:882920, [4, 4, 4, 5]5, [-0.00978513  0.00047206  0.02775724], GPS(-43.520600, 172.583000, 0.027757, var=[0.27867998733976873, 0.2782468582090501, 0.08999333763968742]), GPS(-43.520600, 172.583000, 0.000000, var=[-1.0, -1.0, -1.0]), [-5.91810995e-02  2.53061772e-02  2.64924779e+01], GPS(-43.520600, 172.583000, 15.027757, var=[-1, -1, -1]), GPS(-43.520600, 172.582999, 26.499840, var=[1.0, 1.0, 1.0]), 0.029435283681505896, OFFBOARD
20:48:29:298623, [4, 4, 4, 5]5, [-0.00412688  0.00189215  0.03536827], GPS(-43.520600, 172.583000, 0.035368, var=[0.2631460634752169, 0.2628348632907728, 0.06939477646081166]), GPS(-43.520600, 172.583000, 0.000000, var=[-1.0, -1.0, -1.0]), [-0.05458252  0.03169885 26.50062946], GPS(-43.520600, 172.583000, 15.035368, var=[-1, -1, -1]), GPS(-43.520600, 172.582999, 26.507840, var=[1.0, 1.0, 1.0]), 0.03565846369778559, OFFBOARD
20:48:30:166944, [4, 4, 4, 5]5, [-0.00028527  0.00942581  0.0343676 ], GPS(-43.520600, 172.583000, 0.034368, var=[0.20873772088953096, 0.20901405960384295, 0.048818857231576765]), GPS(-43.520600, 172.583000, 0.000000, var=[-1.0, -1.0, -1.0]), [-0.03792242  0.04163036 26.5094183 ], GPS(-43.520600, 172.583000, 15.034368, var=[-1, -1, -1]), GPS(-43.520600, 172.583000, 26.506840, var=[1.0, 1.0, 1.0]), 0.035637893416462, OFFBOARD
20:48:30:982633, [4, 4, 5, 5]5, [-0.00770685  0.01953008  0.03401707], GPS(-43.520600, 172.583000, 0.034017, var=[0.2028359351748098, 0.20340574793090102, 0.04637285195128269]), GPS(-43.520600, 172.583010, 0.000000, var=[-1.0, -1.0, -1.0]), [-2.02157276e-02  5.31567448e-02  2.65191704e+01], GPS(-43.520600, 172.583000, 15.034017, var=[-1, -1, -1]), GPS(-43.520600, 172.583000, 26.521840, var=[1.0, 1.0, 1.0]), 0.8149556143803761, OFFBOARD
20:48:31:354299, [4, 5, 5, 5]5, [ 0.0731959  -0.06186025  0.05519594], GPS(-43.520601, 172.583001, 0.055196, var=[0.16154826048338938, 0.16200105536156226, 0.03667294461600143]), GPS(-43.520600, 172.583010, 0.000000, var=[-1.0, -1.0, -1.0]), [-1.31859058e-02  5.23326392e-02  2.65233017e+01], GPS(-43.520601, 172.583001, 15.055196, var=[-1, -1, -1]), GPS(-43.520600, 172.583000, 26.520840, var=[1.0, 1.0, 1.0]), 0.7377812221733261, OFFBOARD
20:48:32:032358, [5, 5, 5, 5]5, [ 0.13714482 -0.12795584  0.0675516 ], GPS(-43.520601, 172.583002, 0.067552, var=[0.14324749564826245, 0.1435260429086561, 0.03245992100734518]), GPS(-43.520600, 172.583020, 0.000000, var=[-1.0, -1.0, -1.0]), [-4.21251771e-03  5.19114144e-02  2.65273131e+01], GPS(-43.520601, 172.583002, 15.067552, var=[-1, -1, -1]), GPS(-43.520600, 172.583000, 26.513840, var=[1.0, 1.0, 1.0]), 1.4825413858264316, OFFBOARD
20:48:32:380631, [5, 5, 5, 5]5, [ 0.20841146 -0.19732603  0.09006181], GPS(-43.520602, 172.583003, 0.090062, var=[0.12217006008505023, 0.12233259201968016, 0.027679030212586386]), GPS(-43.520600, 172.583020, 0.000000, var=[-1.0, -1.0, -1.0]), [1.32446992e-02 3.55687815e-02 2.65269039e+01], GPS(-43.520602, 172.583003, 15.090062, var=[-1, -1, -1]), GPS(-43.520600, 172.583000, 26.520840, var=[1.0, 1.0, 1.0]), 1.4208511426320605, OFFBOARD
20:48:33:235745, [5, 5, 5, 5]5, [ 0.54324231 -0.25845237  0.07729811], GPS(-43.520602, 172.583007, 0.077298, var=[0.10644829683289457, 0.108400229730509, 0.02457429809489924]), GPS(-43.520600, 172.583030, 0.000000, var=[-1.0, -1.0, -1.0]), [2.83127653e-02 1.85515334e-02 2.65429971e+01], GPS(-43.520602, 172.583007, 15.077298, var=[-1, -1, -1]), GPS(-43.520601, 172.583002, 26.516839, var=[1.0, 1.0, 1.0]), 1.8949702078312947, OFFBOARD
20:48:33:634643, [5, 5, 5, 5]5, [ 0.64735034 -0.22759296  0.10618011], GPS(-43.520602, 172.583008, 0.106180, var=[0.09343900727227633, 0.09545002744891988, 0.021632519752949348]), GPS(-43.520600, 172.583030, 0.000000, var=[-1.0, -1.0, -1.0]), [ 8.56673822e-02 -6.64291952e-03  2.65450381e+01], GPS(-43.520602, 172.583008, 15.106180, var=[-1, -1, -1]), GPS(-43.520601, 172.583003, 26.511838, var=[1.0, 1.0, 1.0]), 1.7892752904197853, OFFBOARD
20:48:34:553322, [5, 5, 5, 5]5, [ 1.32308696 -0.08842299  0.08637537], GPS(-43.520601, 172.583016, 0.086375, var=[0.07708769822299423, 0.08123121217573427, 0.018689180800098192]), GPS(-43.520602, 172.583040, 0.000000, var=[-1.0, -1.0, -1.0]), [ 0.1892381  -0.11240006 26.6004293 ], GPS(-43.520601, 172.583016, 15.086375, var=[-1, -1, -1]), GPS(-43.520602, 172.583007, 26.496838, var=[1.0, 1.0, 1.0]), 1.9087971056239366, OFFBOARD
20:48:34:945825, [5, 5, 5, 5]5, [ 1.46263999 -0.09460284  0.11603375], GPS(-43.520601, 172.583018, 0.116034, var=[0.07113155104694144, 0.07460614022789719, 0.01719914708068968]), GPS(-43.520602, 172.583040, 0.000000, var=[-1.0, -1.0, -1.0]), [ 0.29992049 -0.12588854 26.59500221], GPS(-43.520601, 172.583018, 15.116034, var=[-1, -1, -1]), GPS(-43.520602, 172.583010, 26.495839, var=[1.0, 1.0, 1.0]), 1.7710084605306269, OFFBOARD
20:48:35:748164, [5, 5, 5, 5]5, [ 1.93324857 -0.04385373  0.08955549], GPS(-43.520600, 172.583024, 0.089555, var=[0.06810281458105542, 0.07114121635852422, 0.016500230462766323]), GPS(-43.520600, 172.583060, 0.000000, var=[-1.0, -1.0, -1.0]), [ 0.52581113 -0.15073277 26.61992899], GPS(-43.520600, 172.583024, 15.089555, var=[-1, -1, -1]), GPS(-43.520601, 172.583016, 26.474841, var=[1.0, 1.0, 1.0]), 2.9062880965474824, OFFBOARD
20:48:36:087358, [5, 5, 5, 5]5, [ 2.12143486 -0.03218229  0.10428979], GPS(-43.520600, 172.583026, 0.104290, var=[0.06301451736354849, 0.06563752115671972, 0.01524985234130256]), GPS(-43.520600, 172.583060, 0.000000, var=[-1.0, -1.0, -1.0]), [ 0.68021653 -0.14941991 26.6053076 ], GPS(-43.520600, 172.583026, 15.104290, var=[-1, -1, -1]), GPS(-43.520601, 172.583018, 26.469842, var=[1.0, 1.0, 1.0]), 2.71858238303669, OFFBOARD
20:48:36:780676, [5, 5, 5, 5]5, [ 2.54714268 -0.02758483  0.07864013], GPS(-43.520600, 172.583032, 0.078640, var=[0.061639324289543794, 0.06410069465352952, 0.015006527288613004]), GPS(-43.520600, 172.583070, 0.000000, var=[-1.0, -1.0, -1.0]), [ 0.93073805 -0.1406215  26.60854265], GPS(-43.520600, 172.583032, 15.078640, var=[-1, -1, -1]), GPS(-43.520600, 172.583023, 26.458844, var=[1.0, 1.0, 1.0]), 3.0981081519257967, OFFBOARD
20:48:37:172594, [5, 5, 5, 5]5, [ 2.76987649 -0.04492226  0.08227978], GPS(-43.520600, 172.583034, 0.082280, var=[0.05816571463873082, 0.060404424441492945, 0.014182633690297961]), GPS(-43.520600, 172.583070, 0.000000, var=[-1.0, -1.0, -1.0]), [ 1.1220768  -0.13140458 26.58618386], GPS(-43.520600, 172.583034, 15.082280, var=[-1, -1, -1]), GPS(-43.520600, 172.583026, 26.458845, var=[1.0, 1.0, 1.0]), 2.875781595846039, OFFBOARD
20:48:37:828282, [5, 5, 5, 5]5, [ 3.34121846 -0.03195118  0.01494037], GPS(-43.520600, 172.583041, 0.014940, var=[0.0568104131808329, 0.05917220505518289, 0.014010813508049853]), GPS(-43.520605, 172.583080, 0.000000, var=[-1.0, -1.0, -1.0]), [ 1.40195106 -0.10116041 26.61143388], GPS(-43.520600, 172.583041, 15.014940, var=[-1, -1, -1]), GPS(-43.520600, 172.583031, 26.450846, var=[1.0, 1.0, 1.0]), 3.1531007411472602, OFFBOARD
20:48:38:148701, [5, 5, 5, 5]5, [ 3.6228672  -0.00903842  0.04390794], GPS(-43.520600, 172.583045, 0.043908, var=[0.05308281248388327, 0.05545784709602159, 0.013149289127126132]), GPS(-43.520605, 172.583080, 0.000000, var=[-1.0, -1.0, -1.0]), [ 1.62472491 -0.08719861 26.5938894 ], GPS(-43.520600, 172.583045, 15.043908, var=[-1, -1, -1]), GPS(-43.520600, 172.583033, 26.448847, var=[1.0, 1.0, 1.0]), 2.880312580717606, OFFBOARD
20:48:38:985253, [5, 5, 5, 5]5, [ 4.4492072  -0.04324002  0.02186217], GPS(-43.520600, 172.583055, 0.021862, var=[0.05100200765691866, 0.05380808797599151, 0.012944889894539176]), GPS(-43.520610, 172.583090, 0.000000, var=[-1.0, -1.0, -1.0]), [ 2.08829413 -0.06496676 26.58129525], GPS(-43.520600, 172.583055, 15.021862, var=[-1, -1, -1]), GPS(-43.520600, 172.583041, 26.435849, var=[1.0, 1.0, 1.0]), 3.004138265407371, OFFBOARD
20:48:39:354548, [5, 5, 5, 5]5, [ 4.75112806 -0.08172103  0.04224364], GPS(-43.520601, 172.583059, 0.042244, var=[0.048048452458374136, 0.05071495002870275, 0.012233512533116553]), GPS(-43.520610, 172.583090, 0.000000, var=[-1.0, -1.0, -1.0]), [ 2.33308032 -0.05770256 26.55135641], GPS(-43.520601, 172.583059, 15.042244, var=[-1, -1, -1]), GPS(-43.520600, 172.583046, 26.435850, var=[1.0, 1.0, 1.0]), 2.709471565333255, OFFBOARD
20:48:40:033308, [5, 5, 5, 5]5, [ 5.23939325 -0.15177965  0.05276795], GPS(-43.520601, 172.583065, 0.052768, var=[0.04914157357607085, 0.051850117080238595, 0.012709463589672346]), GPS(-43.520610, 172.583100, 0.000000, var=[-1.0, -1.0, -1.0]), [ 2.70150527 -0.05136055 26.51792863], GPS(-43.520601, 172.583065, 15.052768, var=[-1, -1, -1]), GPS(-43.520600, 172.583054, 26.424851, var=[1.0, 1.0, 1.0]), 2.982901910229989, OFFBOARD
20:48:40:397425, [5, 5, 5, 5]5, [ 5.52656855 -0.27054115  0.04608421], GPS(-43.520602, 172.583069, 0.046084, var=[0.04726770315666212, 0.04976775335864793, 0.012262323506001592]), GPS(-43.520610, 172.583110, 0.000000, var=[-1.0, -1.0, -1.0]), [ 3.02460373 -0.04448802 26.49342535], GPS(-43.520602, 172.583069, 15.046084, var=[-1, -1, -1]), GPS(-43.520600, 172.583057, 26.420851, var=[1.0, 1.0, 1.0]), 3.4473548304536576, OFFBOARD
20:48:41:097398, [5, 5, 5, 5]5, [ 6.02997597 -0.49509621  0.04269431], GPS(-43.520604, 172.583075, 0.042694, var=[0.04691417373455006, 0.04913147988854529, 0.012325676506430296]), GPS(-43.520611, 172.583110, 0.000000, var=[-1.0, -1.0, -1.0]), [ 3.50078846 -0.04066766 26.48554022], GPS(-43.520604, 172.583075, 15.042694, var=[-1, -1, -1]), GPS(-43.520601, 172.583065, 26.429852, var=[1.0, 1.0, 1.0]), 2.931535632640738, OFFBOARD
20:48:41:495109, [5, 5, 5, 5]5, [ 6.22247525 -0.67039437  0.02003854], GPS(-43.520606, 172.583077, 0.020039, var=[0.04456178300962939, 0.046525025128903504, 0.01173392286291395]), GPS(-43.520611, 172.583110, 0.000000, var=[-1.0, -1.0, -1.0]), [ 3.82873611 -0.04367383 26.4915371 ], GPS(-43.520606, 172.583077, 15.020039, var=[-1, -1, -1]), GPS(-43.520602, 172.583068, 26.426851, var=[1.0, 1.0, 1.0]), 2.7040452607389094, OFFBOARD
20:48:42:429070, [5, 5, 5, 5]5, [ 6.88346969 -1.01833696 -0.02840803], GPS(-43.520609, 172.583085, -0.028408, var=[0.042008399351555585, 0.043864771604782214, 0.011228144137043606]), GPS(-43.520610, 172.583120, 0.000000, var=[-1.0, -1.0, -1.0]), [ 4.63651137 -0.10938667 26.49517308], GPS(-43.520609, 172.583085, 14.971592, var=[-1, -1, -1]), GPS(-43.520604, 172.583076, 26.418848, var=[1.0, 1.0, 1.0]), 2.793894128994756, OFFBOARD
20:48:42:788178, [5, 5, 5, 5]5, [ 7.15990748 -1.01939746 -0.06520757], GPS(-43.520609, 172.583089, -0.065208, var=[0.04062352466955473, 0.042474647997997106, 0.010873676577821755]), GPS(-43.520610, 172.583120, 0.000000, var=[-1.0, -1.0, -1.0]), [ 4.95841577 -0.16485656 26.48503715], GPS(-43.520609, 172.583089, 14.934792, var=[-1, -1, -1]), GPS(-43.520606, 172.583079, 26.411847, var=[1.0, 1.0, 1.0]), 2.5182893853477575, OFFBOARD
20:48:43:411939, [5, 5, 5, 5]5, [ 7.52629048 -1.14565391 -0.03900869], GPS(-43.520610, 172.583093, -0.039009, var=[0.04194526274056637, 0.04384599800744731, 0.011376817549230613]), GPS(-43.520610, 172.583130, 0.000000, var=[-1.0, -1.0, -1.0]), [ 5.41696895 -0.22687743 26.45226633], GPS(-43.520610, 172.583093, 14.960991, var=[-1, -1, -1]), GPS(-43.520608, 172.583084, 26.417844, var=[1.0, 1.0, 1.0]), 2.9561138529777313, OFFBOARD
20:48:43:681868, [5, 5, 5, 5]5, [ 7.76902917 -1.21595182 -0.04387291], GPS(-43.520611, 172.583096, -0.043873, var=[0.03994061421930877, 0.041796376754366024, 0.010804453203093861]), GPS(-43.520610, 172.583130, 0.000000, var=[-1.0, -1.0, -1.0]), [ 5.70036345 -0.31349845 26.45035866], GPS(-43.520611, 172.583096, 14.956127, var=[-1, -1, -1]), GPS(-43.520609, 172.583086, 26.417844, var=[1.0, 1.0, 1.0]), 2.715272893168537, OFFBOARD
20:48:44:577700, [5, 5, 5, 5]5, [ 8.35385991 -1.2164586  -0.03261194], GPS(-43.520611, 172.583104, -0.032612, var=[0.04030982492520671, 0.04205608416144619, 0.01106397587003187]), GPS(-43.520610, 172.583140, 0.000000, var=[-1.0, -1.0, -1.0]), [ 6.38999362 -0.47894546 26.41690159], GPS(-43.520611, 172.583104, 14.967388, var=[-1, -1, -1]), GPS(-43.520610, 172.583094, 26.418842, var=[1.0, 1.0, 1.0]), 2.936440673343981, OFFBOARD
20:48:44:936808, [5, 5, 5, 5]5, [ 8.58912432 -1.15252676 -0.03320315], GPS(-43.520610, 172.583107, -0.033203, var=[0.03887567122568629, 0.040350794082723435, 0.010640374870577013]), GPS(-43.520610, 172.583140, 0.000000, var=[-1.0, -1.0, -1.0]), [ 6.6851177  -0.57645291 26.41720679], GPS(-43.520610, 172.583107, 14.966797, var=[-1, -1, -1]), GPS(-43.520611, 172.583097, 26.414842, var=[1.0, 1.0, 1.0]), 2.6996439408177517, OFFBOARD
20:48:45:644235, [5, 5, 5, 5]5, [ 9.03903996 -1.0971219  -0.04758845], GPS(-43.520610, 172.583112, -0.047588, var=[0.03912262861020596, 0.040259274577082234, 0.010792756914325043]), GPS(-43.520614, 172.583150, 0.000000, var=[-1.0, -1.0, -1.0]), [ 7.17023389 -0.7104699  26.41156253], GPS(-43.520610, 172.583112, 14.952412, var=[-1, -1, -1]), GPS(-43.520611, 172.583102, 26.420843, var=[1.0, 1.0, 1.0]), 3.090263005010634, OFFBOARD
20:48:45:908329, [5, 5, 5, 5]5, [ 9.3427607  -1.1079259  -0.02066104], GPS(-43.520610, 172.583116, -0.020661, var=[0.03800036431224492, 0.0389668115531163, 0.010459568868496366]), GPS(-43.520614, 172.583150, 0.000000, var=[-1.0, -1.0, -1.0]), [ 7.47245668 -0.78356416 26.39772111], GPS(-43.520610, 172.583116, 14.979339, var=[-1, -1, -1]), GPS(-43.520611, 172.583105, 26.421844, var=[1.0, 1.0, 1.0]), 2.7882374830465864, OFFBOARD
20:48:46:846933, [5, 5, 5, 5]5, [10.09259774 -1.06064271 -0.01176847], GPS(-43.520610, 172.583125, -0.011768, var=[0.038628661799075995, 0.03944543996564567, 0.010786737834288277]), GPS(-43.520610, 172.583160, 0.000000, var=[-1.0, -1.0, -1.0]), [ 8.15811629 -0.92540369 26.38683059], GPS(-43.520610, 172.583125, 14.988232, var=[-1, -1, -1]), GPS(-43.520610, 172.583113, 26.426847, var=[1.0, 1.0, 1.0]), 2.8087631276876266, OFFBOARD
20:48:47:201967, [5, 5, 5, 5]5, [10.3886078  -1.03625219 -0.01144812], GPS(-43.520609, 172.583129, -0.011448, var=[0.03812901248287863, 0.03887217384897052, 0.010651611532349902]), GPS(-43.520610, 172.583160, 0.000000, var=[-1.0, -1.0, -1.0]), [ 8.5003724  -0.98033432 26.38509888], GPS(-43.520609, 172.583129, 14.988552, var=[-1, -1, -1]), GPS(-43.520610, 172.583116, 26.424848, var=[1.0, 1.0, 1.0]), 2.513426054851063, OFFBOARD
20:48:48:063430, [5, 5, 5, 5]5, [11.03927963 -1.04578398 -0.01841915], GPS(-43.520609, 172.583137, -0.018419, var=[0.03832409578399645, 0.039012132981327205, 0.010768961954281805]), GPS(-43.520610, 172.583170, 0.000000, var=[-1.0, -1.0, -1.0]), [ 9.17381579 -1.06554761 26.3766208 ], GPS(-43.520609, 172.583137, 14.981581, var=[-1, -1, -1]), GPS(-43.520609, 172.583125, 26.420851, var=[1.0, 1.0, 1.0]), 2.6687761302014184, OFFBOARD
20:48:48:356832, [5, 5, 5, 5]5, [11.25889058 -1.08185811 -0.02384496], GPS(-43.520610, 172.583140, -0.023845, var=[0.037302114521414215, 0.03799870727145591, 0.010438684728599665]), GPS(-43.520610, 172.583170, 0.000000, var=[-1.0, -1.0, -1.0]), [ 9.47557865 -1.08996992 26.37311646], GPS(-43.520610, 172.583140, 14.976155, var=[-1, -1, -1]), GPS(-43.520609, 172.583128, 26.421851, var=[1.0, 1.0, 1.0]), 2.4485823226708714, OFFBOARD
20:48:49:125879, [5, 5, 5, 5]5, [11.84924868 -1.13137313 -0.08810466], GPS(-43.520610, 172.583147, -0.088105, var=[0.03805756972639258, 0.03883788641369822, 0.01071132277378004]), GPS(-43.520610, 172.583180, 0.000000, var=[-1.0, -1.0, -1.0]), [10.10542059 -1.13181843 26.38849814], GPS(-43.520610, 172.583147, 14.911895, var=[-1, -1, -1]), GPS(-43.520609, 172.583135, 26.413853, var=[1.0, 1.0, 1.0]), 2.665754562711971, OFFBOARD
20:48:49:515062, [5, 5, 5, 5]5, [12.1516454  -1.16133816 -0.08297629], GPS(-43.520610, 172.583151, -0.082976, var=[0.03734930773613544, 0.038182596220478295, 0.010463599150345669]), GPS(-43.520610, 172.583180, 0.000000, var=[-1.0, -1.0, -1.0]), [10.4257012  -1.15079068 26.38312159], GPS(-43.520610, 172.583151, 14.917024, var=[-1, -1, -1]), GPS(-43.520609, 172.583139, 26.408854, var=[1.0, 1.0, 1.0]), 2.3638038743394554, OFFBOARD
20:48:50:363597, [5, 5, 5, 5]5, [12.90432067 -1.20625392 -0.08013824], GPS(-43.520611, 172.583160, -0.080138, var=[0.038434917608882575, 0.03948627389948185, 0.010835315154847843]), GPS(-43.520610, 172.583180, 0.000000, var=[-1.0, -1.0, -1.0]), [11.18330995 -1.20589522 26.37022409], GPS(-43.520611, 172.583160, 14.919862, var=[-1, -1, -1]), GPS(-43.520610, 172.583147, 26.393854, var=[1.0, 1.0, 1.0]), 1.6139074331107852, OFFBOARD
STOP: 09/30/2021 20:48:51:066614
