START: 09/30/2021 20:46:55:542914
TIME,            RX_ID,          STATE,          TIMESTAMP,          SEQ_NO,          RX_COORDS,          RANGE_READING,          TARGET_COORDS,          
20:47:38:207236, 4, 1, 1632988058.170179, 0, GPS(-43.520646, 172.583061, 21.300780, var=[1.0, 1.0, 1.0]), 37.44437898616217, GPS(-43.520600, 172.583000, 0.000000, var=[-1.0, -1.0, -1.0])
20:47:38:207356, 3, 1, 1632988058.2012222, 0, GPS(-43.520645, 172.582937, 21.293755, var=[1.0, 1.0, 1.0]), 37.44973257724412, GPS(-43.520600, 172.583000, 0.000000, var=[-1.0, -1.0, -1.0])
20:47:38:274545, 1, 1, 1632988058.2743328, 0, GPS(-43.520555, 172.582936, 21.300898, var=[1.0, 1.0, 1.0]), 37.466834637059314, GPS(-43.520600, 172.583000, 0.000000, var=[-1.0, -1.0, -1.0])
20:47:38:287867, 2, 1, 1632988058.2877345, 0, GPS(-43.520555, 172.583061, 21.314924, var=[1.0, 1.0, 1.0]), 37.437223258499785, GPS(-43.520600, 172.583000, 0.000000, var=[-1.0, -1.0, -1.0])
20:47:39:170354, 4, 1, 1632988059.1701999, 1, GPS(-43.520646, 172.583061, 21.307780, var=[1.0, 1.0, 1.0]), 48.746134668197726, GPS(-43.520600, 172.583000, 0.000000, var=[-1.0, -1.0, -1.0])
20:47:39:202230, 3, 1, 1632988059.2020552, 1, GPS(-43.520645, 172.582937, 21.314755, var=[1.0, 1.0, 1.0]), 48.768356591057625, GPS(-43.520600, 172.583000, 0.000000, var=[-1.0, -1.0, -1.0])
20:47:39:276501, 1, 1, 1632988059.2763696, 1, GPS(-43.520555, 172.582937, 21.312898, var=[1.0, 1.0, 1.0]), 48.773262998758796, GPS(-43.520600, 172.583000, 0.000000, var=[-1.0, -1.0, -1.0])
20:47:39:287897, 2, 1, 1632988059.2877676, 1, GPS(-43.520555, 172.583061, 21.321924, var=[1.0, 1.0, 1.0]), 48.73827711724852, GPS(-43.520600, 172.583000, 0.000000, var=[-1.0, -1.0, -1.0])
20:47:39:883972, 2, 1, 1632988059.8838272, 2, GPS(-43.520555, 172.583061, 21.311924, var=[1.0, 1.0, 1.0]), 48.73777396800932, GPS(-43.520600, 172.583000, 0.000000, var=[-1.0, -1.0, -1.0])
20:47:39:884041, 4, 1, 1632988059.883848, 2, GPS(-43.520646, 172.583061, 21.313780, var=[1.0, 1.0, 1.0]), 48.76260074930413, GPS(-43.520600, 172.583000, 0.000000, var=[-1.0, -1.0, -1.0])
20:47:39:884074, 1, 1, 1632988059.883853, 2, GPS(-43.520555, 172.582937, 21.307898, var=[1.0, 1.0, 1.0]), 48.77568683692597, GPS(-43.520600, 172.583000, 0.000000, var=[-1.0, -1.0, -1.0])
20:47:39:884102, 3, 1, 1632988059.8839083, 2, GPS(-43.520645, 172.582937, 21.315755, var=[1.0, 1.0, 1.0]), 48.77583528447627, GPS(-43.520600, 172.583000, 0.000000, var=[-1.0, -1.0, -1.0])
20:47:40:884185, 4, 1, 1632988060.8840482, 3, GPS(-43.520646, 172.583062, 21.306780, var=[1.0, 1.0, 1.0]), 48.766515513644876, GPS(-43.520600, 172.583000, 0.000000, var=[-1.0, -1.0, -1.0])
20:47:40:884490, 3, 1, 1632988060.8844044, 3, GPS(-43.520645, 172.582937, 21.304755, var=[1.0, 1.0, 1.0]), 48.769939540450295, GPS(-43.520600, 172.583000, 0.000000, var=[-1.0, -1.0, -1.0])
20:47:40:885278, 1, 1, 1632988060.8851807, 3, GPS(-43.520555, 172.582937, 21.307898, var=[1.0, 1.0, 1.0]), 48.77903189922215, GPS(-43.520600, 172.583000, 0.000000, var=[-1.0, -1.0, -1.0])
20:47:40:885803, 2, 1, 1632988060.8857095, 3, GPS(-43.520555, 172.583061, 21.305924, var=[1.0, 1.0, 1.0]), 48.740122865567734, GPS(-43.520600, 172.583000, 0.000000, var=[-1.0, -1.0, -1.0])
20:47:40:984630, 2, 1, 1632988060.9845035, 4, GPS(-43.520555, 172.583061, 21.302924, var=[1.0, 1.0, 1.0]), 48.74129198377109, GPS(-43.520600, 172.583000, 0.000000, var=[-1.0, -1.0, -1.0])
20:47:40:984703, 4, 1, 1632988060.9845335, 4, GPS(-43.520646, 172.583062, 21.306780, var=[1.0, 1.0, 1.0]), 48.77053461884235, GPS(-43.520600, 172.583000, 0.000000, var=[-1.0, -1.0, -1.0])
20:47:40:984746, 3, 1, 1632988060.9845233, 4, GPS(-43.520645, 172.582937, 21.306755, var=[1.0, 1.0, 1.0]), 48.775856032150344, GPS(-43.520600, 172.583000, 0.000000, var=[-1.0, -1.0, -1.0])
20:47:40:984897, 1, 1, 1632988060.9845405, 4, GPS(-43.520555, 172.582937, 21.303898, var=[1.0, 1.0, 1.0]), 48.77925726121023, GPS(-43.520600, 172.583000, 0.000000, var=[-1.0, -1.0, -1.0])
20:47:41:985405, 3, 1, 1632988061.985157, 5, GPS(-43.520645, 172.582937, 21.310755, var=[1.0, 1.0, 1.0]), 48.77166537318361, GPS(-43.520600, 172.583000, 0.000000, var=[-1.0, -1.0, -1.0])
20:47:41:985505, 2, 1, 1632988061.9851518, 5, GPS(-43.520555, 172.583061, 21.293924, var=[1.0, 1.0, 1.0]), 48.72880662798005, GPS(-43.520600, 172.583000, 0.000000, var=[-1.0, -1.0, -1.0])
20:47:41:985569, 1, 1, 1632988061.9851933, 5, GPS(-43.520555, 172.582937, 21.292898, var=[1.0, 1.0, 1.0]), 48.76318887487752, GPS(-43.520600, 172.583000, 0.000000, var=[-1.0, -1.0, -1.0])
20:47:41:985628, 4, 1, 1632988061.9852004, 5, GPS(-43.520646, 172.583062, 21.286779, var=[1.0, 1.0, 1.0]), 48.750850515972594, GPS(-43.520600, 172.583000, 0.000000, var=[-1.0, -1.0, -1.0])
20:47:42:985513, 2, 1, 1632988062.9853594, 6, GPS(-43.520555, 172.583061, 21.286924, var=[1.0, 1.0, 1.0]), 48.703654865496986, GPS(-43.520600, 172.583000, 0.000000, var=[-1.0, -1.0, -1.0])
20:47:42:985961, 2, 1, 1632988062.9858665, 7, GPS(-43.520555, 172.583061, 21.286924, var=[1.0, 1.0, 1.0]), 48.703654865496986, GPS(-43.520600, 172.583000, 0.000000, var=[-1.0, -1.0, -1.0])
20:47:42:986024, 1, 1, 1632988062.9859192, 6, GPS(-43.520555, 172.582937, 21.278897, var=[1.0, 1.0, 1.0]), 48.72958769486662, GPS(-43.520600, 172.583000, 0.000000, var=[-1.0, -1.0, -1.0])
20:47:42:986076, 3, 1, 1632988062.9858975, 6, GPS(-43.520645, 172.582938, 21.298755, var=[1.0, 1.0, 1.0]), 48.743766319350556, GPS(-43.520600, 172.583000, 0.000000, var=[-1.0, -1.0, -1.0])
20:47:42:986132, 4, 1, 1632988062.985912, 6, GPS(-43.520646, 172.583062, 21.285779, var=[1.0, 1.0, 1.0]), 48.740690073951434, GPS(-43.520600, 172.583000, 0.000000, var=[-1.0, -1.0, -1.0])
20:47:43:986062, 1, 1, 1632988063.9859352, 7, GPS(-43.520556, 172.582937, 21.282897, var=[1.0, 1.0, 1.0]), 48.723276476237515, GPS(-43.520600, 172.583000, 0.000000, var=[-1.0, -1.0, -1.0])
20:47:43:987480, 3, 1, 1632988063.9873104, 7, GPS(-43.520645, 172.582938, 21.289754, var=[1.0, 1.0, 1.0]), 48.730679043448205, GPS(-43.520600, 172.583000, 0.000000, var=[-1.0, -1.0, -1.0])
20:47:43:987833, 2, 1, 1632988063.9877534, 8, GPS(-43.520555, 172.583061, 21.282923, var=[1.0, 1.0, 1.0]), 48.69213497971592, GPS(-43.520600, 172.583000, 0.000000, var=[-1.0, -1.0, -1.0])
20:47:43:988065, 4, 1, 1632988063.9879723, 7, GPS(-43.520646, 172.583062, 21.293779, var=[1.0, 1.0, 1.0]), 48.75062379340976, GPS(-43.520600, 172.583000, 0.000000, var=[-1.0, -1.0, -1.0])
20:47:44:086675, 2, 1, 1632988064.0865533, 9, GPS(-43.520555, 172.583061, 21.284923, var=[1.0, 1.0, 1.0]), 48.69403497011814, GPS(-43.520600, 172.583000, 0.000000, var=[-1.0, -1.0, -1.0])
20:47:44:086743, 1, 1, 1632988064.0865903, 8, GPS(-43.520556, 172.582937, 21.278897, var=[1.0, 1.0, 1.0]), 48.719481827969545, GPS(-43.520600, 172.583000, 0.000000, var=[-1.0, -1.0, -1.0])
20:47:44:086778, 4, 1, 1632988064.086576, 8, GPS(-43.520646, 172.583062, 21.291779, var=[1.0, 1.0, 1.0]), 48.74872780158425, GPS(-43.520600, 172.583000, 0.000000, var=[-1.0, -1.0, -1.0])
20:47:44:086807, 3, 1, 1632988064.0865717, 8, GPS(-43.520645, 172.582938, 21.284754, var=[1.0, 1.0, 1.0]), 48.72593578109248, GPS(-43.520600, 172.583000, 0.000000, var=[-1.0, -1.0, -1.0])
20:47:45:086862, 2, 1, 1632988065.0867212, 10, GPS(-43.520555, 172.583061, 21.275923, var=[1.0, 1.0, 1.0]), 48.69026305645684, GPS(-43.520600, 172.583000, 0.000000, var=[-1.0, -1.0, -1.0])
20:47:45:087041, 3, 1, 1632988065.0869186, 9, GPS(-43.520645, 172.582938, 21.280754, var=[1.0, 1.0, 1.0]), 48.72694808675684, GPS(-43.520600, 172.583000, 0.000000, var=[-1.0, -1.0, -1.0])
20:47:45:087110, 2, 1, 1632988065.0869827, 11, GPS(-43.520555, 172.583061, 21.275923, var=[1.0, 1.0, 1.0]), 48.69026305645684, GPS(-43.520600, 172.583000, 0.000000, var=[-1.0, -1.0, -1.0])
20:47:45:087169, 1, 1, 1632988065.0870357, 9, GPS(-43.520556, 172.582937, 21.274897, var=[1.0, 1.0, 1.0]), 48.715635586021385, GPS(-43.520600, 172.583000, 0.000000, var=[-1.0, -1.0, -1.0])
20:47:45:087204, 4, 1, 1632988065.087019, 9, GPS(-43.520646, 172.583062, 21.282779, var=[1.0, 1.0, 1.0]), 48.743196061452274, GPS(-43.520600, 172.583000, 0.000000, var=[-1.0, -1.0, -1.0])
20:47:45:087333, 3, 1, 1632988065.0870504, 10, GPS(-43.520645, 172.582938, 21.280754, var=[1.0, 1.0, 1.0]), 48.72694808675684, GPS(-43.520600, 172.583000, 0.000000, var=[-1.0, -1.0, -1.0])
20:47:46:087341, 1, 1, 1632988066.0871682, 10, GPS(-43.520556, 172.582937, 21.263897, var=[1.0, 1.0, 1.0]), 48.703207238664646, GPS(-43.520600, 172.583000, 0.000000, var=[-1.0, -1.0, -1.0])
20:47:46:087516, 2, 1, 1632988066.0873866, 12, GPS(-43.520555, 172.583061, 21.273923, var=[1.0, 1.0, 1.0]), 48.681045200886956, GPS(-43.520600, 172.583000, 0.000000, var=[-1.0, -1.0, -1.0])
20:47:46:087575, 3, 1, 1632988066.0873983, 11, GPS(-43.520645, 172.582937, 21.270754, var=[1.0, 1.0, 1.0]), 48.721582730674726, GPS(-43.520600, 172.583000, 0.000000, var=[-1.0, -1.0, -1.0])
20:47:46:087622, 1, 1, 1632988066.0874226, 11, GPS(-43.520556, 172.582937, 21.263897, var=[1.0, 1.0, 1.0]), 48.703207238664646, GPS(-43.520600, 172.583000, 0.000000, var=[-1.0, -1.0, -1.0])
20:47:46:087683, 4, 1, 1632988066.0874164, 10, GPS(-43.520646, 172.583062, 21.270779, var=[1.0, 1.0, 1.0]), 48.72193181102584, GPS(-43.520600, 172.583000, 0.000000, var=[-1.0, -1.0, -1.0])
20:47:47:088942, 2, 1, 1632988067.0888119, 13, GPS(-43.520555, 172.583061, 21.280923, var=[1.0, 1.0, 1.0]), 48.68842665469406, GPS(-43.520600, 172.583000, 0.000000, var=[-1.0, -1.0, -1.0])
20:47:47:088999, 4, 1, 1632988067.088805, 11, GPS(-43.520646, 172.583061, 21.284779, var=[1.0, 1.0, 1.0]), 48.734134167544475, GPS(-43.520600, 172.583000, 0.000000, var=[-1.0, -1.0, -1.0])
20:47:47:089115, 1, 1, 1632988067.0889804, 12, GPS(-43.520556, 172.582936, 21.274897, var=[1.0, 1.0, 1.0]), 48.72763081012832, GPS(-43.520600, 172.583000, 0.000000, var=[-1.0, -1.0, -1.0])
20:47:47:112788, 3, 1, 1632988067.1126442, 12, GPS(-43.520645, 172.582937, 21.282754, var=[1.0, 1.0, 1.0]), 48.734485269946404, GPS(-43.520600, 172.583000, 0.000000, var=[-1.0, -1.0, -1.0])
20:47:47:188461, 2, 1, 1632988067.1881795, 14, GPS(-43.520555, 172.583061, 21.281923, var=[1.0, 1.0, 1.0]), 48.679417776547176, GPS(-43.520600, 172.583000, 0.000000, var=[-1.0, -1.0, -1.0])
20:47:47:188601, 4, 1, 1632988067.1882138, 12, GPS(-43.520646, 172.583061, 21.280779, var=[1.0, 1.0, 1.0]), 48.7203805921565, GPS(-43.520600, 172.583000, 0.000000, var=[-1.0, -1.0, -1.0])
20:47:47:188757, 1, 1, 1632988067.188233, 13, GPS(-43.520556, 172.582936, 21.271897, var=[1.0, 1.0, 1.0]), 48.71482630906796, GPS(-43.520600, 172.583000, 0.000000, var=[-1.0, -1.0, -1.0])
20:47:47:188798, 3, 1, 1632988067.1882796, 13, GPS(-43.520645, 172.582937, 21.280754, var=[1.0, 1.0, 1.0]), 48.73258914400777, GPS(-43.520600, 172.583000, 0.000000, var=[-1.0, -1.0, -1.0])
20:47:48:188966, 2, 1, 1632988068.1887827, 15, GPS(-43.520555, 172.583061, 21.278923, var=[1.0, 1.0, 1.0]), 48.67728996129297, GPS(-43.520600, 172.583000, 0.000000, var=[-1.0, -1.0, -1.0])
20:47:48:189230, 3, 1, 1632988068.188858, 14, GPS(-43.520645, 172.582937, 21.269754, var=[1.0, 1.0, 1.0]), 48.725830018520895, GPS(-43.520600, 172.583000, 0.000000, var=[-1.0, -1.0, -1.0])
20:47:48:189343, 2, 1, 1632988068.1889708, 16, GPS(-43.520555, 172.583061, 21.278923, var=[1.0, 1.0, 1.0]), 48.67728996129297, GPS(-43.520600, 172.583000, 0.000000, var=[-1.0, -1.0, -1.0])
20:47:48:189427, 4, 1, 1632988068.1888745, 13, GPS(-43.520646, 172.583061, 21.275779, var=[1.0, 1.0, 1.0]), 48.71388667320458, GPS(-43.520600, 172.583000, 0.000000, var=[-1.0, -1.0, -1.0])
20:47:48:189641, 1, 1, 1632988068.1888845, 14, GPS(-43.520556, 172.582936, 21.269897, var=[1.0, 1.0, 1.0]), 48.71479304513667, GPS(-43.520600, 172.583000, 0.000000, var=[-1.0, -1.0, -1.0])
20:47:49:189604, 4, 1, 1632988069.1894631, 14, GPS(-43.520646, 172.583061, 21.286779, var=[1.0, 1.0, 1.0]), 48.72288008731086, GPS(-43.520600, 172.583000, 0.000000, var=[-1.0, -1.0, -1.0])
20:47:49:213893, 4, 1, 1632988069.2136605, 15, GPS(-43.520646, 172.583061, 21.285779, var=[1.0, 1.0, 1.0]), 48.72316558629302, GPS(-43.520600, 172.583000, 0.000000, var=[-1.0, -1.0, -1.0])
20:47:49:214278, 1, 1, 1632988069.2141688, 15, GPS(-43.520556, 172.582936, 21.276897, var=[1.0, 1.0, 1.0]), 48.72474364923664, GPS(-43.520600, 172.583000, 0.000000, var=[-1.0, -1.0, -1.0])
20:47:49:214363, 1, 1, 1632988069.2142875, 16, GPS(-43.520556, 172.582936, 21.276897, var=[1.0, 1.0, 1.0]), 48.72474364923664, GPS(-43.520600, 172.583000, 0.000000, var=[-1.0, -1.0, -1.0])
20:47:49:215538, 2, 1, 1632988069.2153287, 17, GPS(-43.520555, 172.583060, 21.284923, var=[1.0, 1.0, 1.0]), 48.67778987520584, GPS(-43.520600, 172.583000, 0.000000, var=[-1.0, -1.0, -1.0])
20:47:49:215744, 2, 1, 1632988069.2156508, 18, GPS(-43.520555, 172.583060, 21.284923, var=[1.0, 1.0, 1.0]), 48.67778987520584, GPS(-43.520600, 172.583000, 0.000000, var=[-1.0, -1.0, -1.0])
20:47:49:220856, 3, 1, 1632988069.220732, 15, GPS(-43.520645, 172.582937, 21.275754, var=[1.0, 1.0, 1.0]), 48.73485938693571, GPS(-43.520600, 172.583000, 0.000000, var=[-1.0, -1.0, -1.0])
20:47:49:246948, 3, 1, 1632988069.2468119, 16, GPS(-43.520645, 172.582937, 21.274754, var=[1.0, 1.0, 1.0]), 48.734911685287216, GPS(-43.520600, 172.583000, 0.000000, var=[-1.0, -1.0, -1.0])
20:47:50:214503, 4, 1, 1632988070.2143745, 16, GPS(-43.520646, 172.583061, 21.295779, var=[1.0, 1.0, 1.0]), 48.7346492573928, GPS(-43.520600, 172.583000, 0.000000, var=[-1.0, -1.0, -1.0])
20:47:50:239472, 3, 1, 1632988070.2393327, 17, GPS(-43.520645, 172.582937, 21.297754, var=[1.0, 1.0, 1.0]), 48.76565870941191, GPS(-43.520600, 172.583000, 0.000000, var=[-1.0, -1.0, -1.0])
20:47:50:240185, 4, 1, 1632988070.240097, 17, GPS(-43.520646, 172.583061, 21.296779, var=[1.0, 1.0, 1.0]), 48.74454674745155, GPS(-43.520600, 172.583000, 0.000000, var=[-1.0, -1.0, -1.0])
20:47:50:252981, 1, 1, 1632988070.252761, 17, GPS(-43.520556, 172.582936, 21.292897, var=[1.0, 1.0, 1.0]), 48.75046588588429, GPS(-43.520600, 172.583000, 0.000000, var=[-1.0, -1.0, -1.0])
20:47:50:253269, 2, 1, 1632988070.2531152, 19, GPS(-43.520555, 172.583060, 21.290923, var=[1.0, 1.0, 1.0]), 48.69344193785025, GPS(-43.520600, 172.583000, 0.000000, var=[-1.0, -1.0, -1.0])
20:47:50:253338, 1, 1, 1632988070.2531474, 18, GPS(-43.520556, 172.582936, 21.292897, var=[1.0, 1.0, 1.0]), 48.75046588588429, GPS(-43.520600, 172.583000, 0.000000, var=[-1.0, -1.0, -1.0])
20:47:50:275322, 2, 1, 1632988070.2751913, 20, GPS(-43.520555, 172.583060, 21.290923, var=[1.0, 1.0, 1.0]), 48.69245353670422, GPS(-43.520600, 172.583000, 0.000000, var=[-1.0, -1.0, -1.0])
20:47:51:240742, 4, 1, 1632988071.2405744, 18, GPS(-43.520646, 172.583061, 21.307779, var=[1.0, 1.0, 1.0]), 48.75753646397723, GPS(-43.520600, 172.583000, 0.000000, var=[-1.0, -1.0, -1.0])
20:47:51:240956, 3, 1, 1632988071.2407756, 18, GPS(-43.520645, 172.582937, 21.307754, var=[1.0, 1.0, 1.0]), 48.77165975141472, GPS(-43.520600, 172.583000, 0.000000, var=[-1.0, -1.0, -1.0])
20:47:51:278903, 2, 1, 1632988071.27875, 21, GPS(-43.520555, 172.583061, 21.318923, var=[1.0, 1.0, 1.0]), 48.73879631077461, GPS(-43.520600, 172.583000, 0.000000, var=[-1.0, -1.0, -1.0])
20:47:51:279067, 2, 1, 1632988071.278995, 22, GPS(-43.520555, 172.583061, 21.318923, var=[1.0, 1.0, 1.0]), 48.73879631077461, GPS(-43.520600, 172.583000, 0.000000, var=[-1.0, -1.0, -1.0])
20:47:51:279146, 4, 1, 1632988071.2790666, 19, GPS(-43.520646, 172.583061, 21.308779, var=[1.0, 1.0, 1.0]), 48.776455348133354, GPS(-43.520600, 172.583000, 0.000000, var=[-1.0, -1.0, -1.0])
20:47:51:285589, 1, 1, 1632988071.2854626, 19, GPS(-43.520555, 172.582937, 21.314897, var=[1.0, 1.0, 1.0]), 48.78524601579875, GPS(-43.520600, 172.583000, 0.000000, var=[-1.0, -1.0, -1.0])
20:47:51:285789, 1, 1, 1632988071.2857075, 20, GPS(-43.520555, 172.582937, 21.314897, var=[1.0, 1.0, 1.0]), 48.78524601579875, GPS(-43.520600, 172.583000, 0.000000, var=[-1.0, -1.0, -1.0])
20:47:51:285838, 3, 1, 1632988071.2857115, 19, GPS(-43.520645, 172.582937, 21.308754, var=[1.0, 1.0, 1.0]), 48.79057803850091, GPS(-43.520600, 172.583000, 0.000000, var=[-1.0, -1.0, -1.0])
20:47:52:279214, 4, 1, 1632988072.2790926, 20, GPS(-43.520646, 172.583062, 21.327779, var=[1.0, 1.0, 1.0]), 48.797502750346226, GPS(-43.520600, 172.583000, 0.000000, var=[-1.0, -1.0, -1.0])
20:47:52:279433, 2, 1, 1632988072.279341, 23, GPS(-43.520555, 172.583061, 21.325923, var=[1.0, 1.0, 1.0]), 48.752731645791044, GPS(-43.520600, 172.583000, 0.000000, var=[-1.0, -1.0, -1.0])
20:47:52:285912, 1, 1, 1632988072.2857943, 21, GPS(-43.520555, 172.582937, 21.326898, var=[1.0, 1.0, 1.0]), 48.799251503713535, GPS(-43.520600, 172.583000, 0.000000, var=[-1.0, -1.0, -1.0])
20:47:52:286148, 4, 1, 1632988072.286034, 21, GPS(-43.520646, 172.583062, 21.327779, var=[1.0, 1.0, 1.0]), 48.797502750346226, GPS(-43.520600, 172.583000, 0.000000, var=[-1.0, -1.0, -1.0])
20:47:52:286209, 2, 1, 1632988072.2860231, 24, GPS(-43.520555, 172.583061, 21.326923, var=[1.0, 1.0, 1.0]), 48.75368205013176, GPS(-43.520600, 172.583000, 0.000000, var=[-1.0, -1.0, -1.0])
20:47:52:286261, 1, 1, 1632988072.2860544, 22, GPS(-43.520555, 172.582937, 21.326898, var=[1.0, 1.0, 1.0]), 48.799251503713535, GPS(-43.520600, 172.583000, 0.000000, var=[-1.0, -1.0, -1.0])
20:47:52:286306, 3, 1, 1632988072.2861073, 20, GPS(-43.520645, 172.582937, 21.327754, var=[1.0, 1.0, 1.0]), 48.806942691885524, GPS(-43.520600, 172.583000, 0.000000, var=[-1.0, -1.0, -1.0])
20:47:53:286935, 3, 1, 1632988073.2867734, 21, GPS(-43.520645, 172.582937, 21.340754, var=[1.0, 1.0, 1.0]), 48.82249930923984, GPS(-43.520600, 172.583000, 0.000000, var=[-1.0, -1.0, -1.0])
20:47:53:287125, 4, 1, 1632988073.286782, 22, GPS(-43.520646, 172.583062, 21.359779, var=[1.0, 1.0, 1.0]), 48.84365140453265, GPS(-43.520600, 172.583000, 0.000000, var=[-1.0, -1.0, -1.0])
20:47:53:287181, 1, 1, 1632988073.2867885, 23, GPS(-43.520555, 172.582937, 21.348898, var=[1.0, 1.0, 1.0]), 48.829436290668106, GPS(-43.520600, 172.583000, 0.000000, var=[-1.0, -1.0, -1.0])
20:47:53:287231, 2, 1, 1632988073.286847, 25, GPS(-43.520555, 172.583061, 21.348924, var=[1.0, 1.0, 1.0]), 48.79178261524822, GPS(-43.520600, 172.583000, 0.000000, var=[-1.0, -1.0, -1.0])
20:47:54:287005, 4, 1, 1632988074.2868805, 23, GPS(-43.520646, 172.583062, 21.376779, var=[1.0, 1.0, 1.0]), 48.884337136655006, GPS(-43.520600, 172.583000, 0.000000, var=[-1.0, -1.0, -1.0])
20:47:54:287284, 1, 1, 1632988074.287178, 24, GPS(-43.520555, 172.582937, 21.357898, var=[1.0, 1.0, 1.0]), 48.85286973917613, GPS(-43.520600, 172.583000, 0.000000, var=[-1.0, -1.0, -1.0])
20:47:54:287492, 3, 1, 1632988074.2874055, 22, GPS(-43.520645, 172.582938, 21.367754, var=[1.0, 1.0, 1.0]), 48.863692889758056, GPS(-43.520600, 172.583000, 0.000000, var=[-1.0, -1.0, -1.0])
20:47:54:309697, 2, 1, 1632988074.3095489, 26, GPS(-43.520555, 172.583061, 21.372924, var=[1.0, 1.0, 1.0]), 48.86156538450653, GPS(-43.520600, 172.583000, 0.000000, var=[-1.0, -1.0, -1.0])
20:47:54:387492, 2, 1, 1632988074.3873057, 27, GPS(-43.520555, 172.583061, 21.372924, var=[1.0, 1.0, 1.0]), 48.86156538450653, GPS(-43.520600, 172.583000, 0.000000, var=[-1.0, -1.0, -1.0])
20:47:54:387570, 4, 1, 1632988074.387335, 24, GPS(-43.520646, 172.583062, 21.376779, var=[1.0, 1.0, 1.0]), 48.90433126868429, GPS(-43.520600, 172.583000, 0.000000, var=[-1.0, -1.0, -1.0])
20:47:54:387629, 1, 1, 1632988074.3873525, 25, GPS(-43.520555, 172.582937, 21.357898, var=[1.0, 1.0, 1.0]), 48.87286387120542, GPS(-43.520600, 172.583000, 0.000000, var=[-1.0, -1.0, -1.0])
20:47:54:387675, 3, 1, 1632988074.3873668, 23, GPS(-43.520645, 172.582938, 21.370755, var=[1.0, 1.0, 1.0]), 48.88406053210807, GPS(-43.520600, 172.583000, 0.000000, var=[-1.0, -1.0, -1.0])
20:47:55:388088, 4, 1, 1632988075.3879297, 25, GPS(-43.520646, 172.583062, 21.385779, var=[1.0, 1.0, 1.0]), 48.91414874296456, GPS(-43.520600, 172.583000, 0.000000, var=[-1.0, -1.0, -1.0])
20:47:55:388322, 2, 1, 1632988075.3881698, 28, GPS(-43.520555, 172.583061, 21.374924, var=[1.0, 1.0, 1.0]), 48.869008657472264, GPS(-43.520600, 172.583000, 0.000000, var=[-1.0, -1.0, -1.0])
20:47:55:388382, 3, 1, 1632988075.3882325, 24, GPS(-43.520645, 172.582938, 21.373755, var=[1.0, 1.0, 1.0]), 48.88711072214869, GPS(-43.520600, 172.583000, 0.000000, var=[-1.0, -1.0, -1.0])
20:47:55:423150, 1, 1, 1632988075.423009, 26, GPS(-43.520555, 172.582937, 21.392898, var=[1.0, 1.0, 1.0]), 48.912650577952704, GPS(-43.520600, 172.583000, 0.000000, var=[-1.0, -1.0, -1.0])
20:47:55:488206, 2, 1, 1632988075.4880588, 29, GPS(-43.520555, 172.583061, 21.377924, var=[1.0, 1.0, 1.0]), 48.88185756033279, GPS(-43.520600, 172.583000, 0.000000, var=[-1.0, -1.0, -1.0])
20:47:55:488287, 3, 1, 1632988075.4880688, 25, GPS(-43.520645, 172.582938, 21.374755, var=[1.0, 1.0, 1.0]), 48.898058728569715, GPS(-43.520600, 172.583000, 0.000000, var=[-1.0, -1.0, -1.0])
20:47:55:488446, 4, 1, 1632988075.4880984, 26, GPS(-43.520646, 172.583062, 21.385780, var=[1.0, 1.0, 1.0]), 48.92343630356787, GPS(-43.520600, 172.583000, 0.000000, var=[-1.0, -1.0, -1.0])
20:47:55:488496, 1, 1, 1632988075.4880989, 27, GPS(-43.520555, 172.582937, 21.393898, var=[1.0, 1.0, 1.0]), 48.91359999108761, GPS(-43.520600, 172.583000, 0.000000, var=[-1.0, -1.0, -1.0])
20:47:56:488360, 3, 1, 1632988076.488228, 26, GPS(-43.520645, 172.582938, 21.390755, var=[1.0, 1.0, 1.0]), 48.91066663398655, GPS(-43.520600, 172.583000, 0.000000, var=[-1.0, -1.0, -1.0])
20:47:56:488741, 2, 1, 1632988076.4884977, 30, GPS(-43.520555, 172.583062, 21.399924, var=[1.0, 1.0, 1.0]), 48.909092403462, GPS(-43.520600, 172.583000, 0.000000, var=[-1.0, -1.0, -1.0])
20:47:56:519575, 4, 1, 1632988076.5194483, 27, GPS(-43.520646, 172.583062, 21.397780, var=[1.0, 1.0, 1.0]), 48.94613111940309, GPS(-43.520600, 172.583000, 0.000000, var=[-1.0, -1.0, -1.0])
20:47:56:521813, 3, 1, 1632988076.5216718, 27, GPS(-43.520645, 172.582938, 21.390755, var=[1.0, 1.0, 1.0]), 48.92167652766946, GPS(-43.520600, 172.583000, 0.000000, var=[-1.0, -1.0, -1.0])
20:47:56:522443, 1, 1, 1632988076.5223396, 28, GPS(-43.520556, 172.582938, 21.412897, var=[1.0, 1.0, 1.0]), 48.9376060472581, GPS(-43.520600, 172.583000, 0.000000, var=[-1.0, -1.0, -1.0])
20:47:56:544333, 1, 1, 1632988076.5442097, 29, GPS(-43.520556, 172.582938, 21.412897, var=[1.0, 1.0, 1.0]), 48.93860604674934, GPS(-43.520600, 172.583000, 0.000000, var=[-1.0, -1.0, -1.0])
20:47:57:490561, 2, 1, 1632988077.490416, 31, GPS(-43.520555, 172.583062, 21.418924, var=[1.0, 1.0, 1.0]), 48.942715253443666, GPS(-43.520600, 172.583000, 0.000000, var=[-1.0, -1.0, -1.0])
20:47:57:519767, 4, 1, 1632988077.519621, 28, GPS(-43.520646, 172.583063, 21.414780, var=[1.0, 1.0, 1.0]), 48.969349190343436, GPS(-43.520600, 172.583000, 0.000000, var=[-1.0, -1.0, -1.0])
20:47:57:522281, 2, 1, 1632988077.52207, 32, GPS(-43.520555, 172.583062, 21.419924, var=[1.0, 1.0, 1.0]), 48.94366510281552, GPS(-43.520600, 172.583000, 0.000000, var=[-1.0, -1.0, -1.0])
20:47:57:522350, 1, 1, 1632988077.522115, 30, GPS(-43.520555, 172.582937, 21.421898, var=[1.0, 1.0, 1.0]), 48.95319866353705, GPS(-43.520600, 172.583000, 0.000000, var=[-1.0, -1.0, -1.0])
20:47:57:522399, 4, 1, 1632988077.5221045, 29, GPS(-43.520646, 172.583063, 21.414780, var=[1.0, 1.0, 1.0]), 48.969349190343436, GPS(-43.520600, 172.583000, 0.000000, var=[-1.0, -1.0, -1.0])
20:47:57:522443, 3, 1, 1632988077.5220988, 28, GPS(-43.520645, 172.582938, 21.411755, var=[1.0, 1.0, 1.0]), 48.936581244266016, GPS(-43.520600, 172.583000, 0.000000, var=[-1.0, -1.0, -1.0])
20:47:58:523594, 4, 2, 1632988078.5234609, 30, GPS(-43.520646, 172.583062, 21.432779, var=[1.0, 1.0, 1.0]), 49.00033805462205, GPS(-43.520600, 172.583000, 0.000000, var=[-1.0, -1.0, -1.0])
20:47:58:523804, 1, 1, 1632988078.5237083, 31, GPS(-43.520555, 172.582937, 21.434898, var=[1.0, 1.0, 1.0]), 48.9841618934163, GPS(-43.520600, 172.583000, 0.000000, var=[-1.0, -1.0, -1.0])
20:47:58:523994, 3, 1, 1632988078.5239177, 29, GPS(-43.520645, 172.582938, 21.439755, var=[1.0, 1.0, 1.0]), 48.97818449320057, GPS(-43.520600, 172.583000, 0.000000, var=[-1.0, -1.0, -1.0])
20:47:58:524173, 2, 1, 1632988078.524059, 33, GPS(-43.520555, 172.583062, 21.428924, var=[1.0, 1.0, 1.0]), 48.967897269100305, GPS(-43.520600, 172.583000, 0.000000, var=[-1.0, -1.0, -1.0])
20:47:58:622961, 2, 1, 1632988078.6228044, 34, GPS(-43.520555, 172.583062, 21.433924, var=[1.0, 1.0, 1.0]), 48.99063327047338, GPS(-43.520600, 172.583000, 0.000000, var=[-1.0, -1.0, -1.0])
20:47:58:623024, 3, 1, 1632988078.6228168, 30, GPS(-43.520645, 172.582938, 21.441755, var=[1.0, 1.0, 1.0]), 48.99807095666711, GPS(-43.520600, 172.583000, 0.000000, var=[-1.0, -1.0, -1.0])
20:47:58:623215, 4, 2, 1632988078.6228516, 31, GPS(-43.520646, 172.583062, 21.432779, var=[1.0, 1.0, 1.0]), 49.018324691375255, GPS(-43.520600, 172.583000, 0.000000, var=[-1.0, -1.0, -1.0])
20:47:58:623263, 1, 1, 1632988078.6228447, 32, GPS(-43.520555, 172.582937, 21.433898, var=[1.0, 1.0, 1.0]), 49.001199089974115, GPS(-43.520600, 172.583000, 0.000000, var=[-1.0, -1.0, -1.0])
20:47:59:623079, 3, 1, 1632988079.6229374, 31, GPS(-43.520645, 172.582938, 21.446755, var=[1.0, 1.0, 1.0]), 49.015421421162976, GPS(-43.520600, 172.583000, 0.000000, var=[-1.0, -1.0, -1.0])
20:47:59:653166, 1, 1, 1632988079.6530387, 33, GPS(-43.520555, 172.582937, 21.439897, var=[1.0, 1.0, 1.0]), 49.02632851744842, GPS(-43.520600, 172.583000, 0.000000, var=[-1.0, -1.0, -1.0])
20:47:59:653494, 1, 1, 1632988079.6534123, 34, GPS(-43.520555, 172.582937, 21.439897, var=[1.0, 1.0, 1.0]), 49.02632851744842, GPS(-43.520600, 172.583000, 0.000000, var=[-1.0, -1.0, -1.0])
20:47:59:654966, 2, 1, 1632988079.654859, 35, GPS(-43.520555, 172.583062, 21.435924, var=[1.0, 1.0, 1.0]), 49.00051595502431, GPS(-43.520600, 172.583000, 0.000000, var=[-1.0, -1.0, -1.0])
20:47:59:655187, 2, 1, 1632988079.6550846, 36, GPS(-43.520555, 172.583062, 21.435924, var=[1.0, 1.0, 1.0]), 49.00051595502431, GPS(-43.520600, 172.583000, 0.000000, var=[-1.0, -1.0, -1.0])
20:47:59:658467, 3, 1, 1632988079.6583495, 32, GPS(-43.520645, 172.582938, 21.446755, var=[1.0, 1.0, 1.0]), 49.02820940575624, GPS(-43.520600, 172.583000, 0.000000, var=[-1.0, -1.0, -1.0])
20:47:59:658526, 4, 2, 1632988079.6584327, 32, GPS(-43.520646, 172.583062, 21.432779, var=[1.0, 1.0, 1.0]), 49.03124478539181, GPS(-43.520600, 172.583000, 0.000000, var=[-1.0, -1.0, -1.0])
20:47:59:681410, 4, 2, 1632988079.6812778, 33, GPS(-43.520646, 172.583062, 21.432779, var=[1.0, 1.0, 1.0]), 49.03124478539181, GPS(-43.520600, 172.583000, 0.000000, var=[-1.0, -1.0, -1.0])
20:48:00:655198, 1, 1, 1632988080.6550682, 35, GPS(-43.520555, 172.582937, 21.452897, var=[1.0, 1.0, 1.0]), 49.03866895110255, GPS(-43.520600, 172.583000, 0.000000, var=[-1.0, -1.0, -1.0])
20:48:00:655465, 2, 1, 1632988080.655343, 37, GPS(-43.520555, 172.583061, 21.445924, var=[1.0, 1.0, 1.0]), 49.00470679589091, GPS(-43.520600, 172.583000, 0.000000, var=[-1.0, -1.0, -1.0])
20:48:00:658580, 3, 1, 1632988080.6584516, 33, GPS(-43.520645, 172.582938, 21.448755, var=[1.0, 1.0, 1.0]), 49.033699632944945, GPS(-43.520600, 172.583000, 0.000000, var=[-1.0, -1.0, -1.0])
20:48:00:658941, 2, 1, 1632988080.6587095, 38, GPS(-43.520555, 172.583061, 21.445924, var=[1.0, 1.0, 1.0]), 49.00470679589091, GPS(-43.520600, 172.583000, 0.000000, var=[-1.0, -1.0, -1.0])
20:48:00:658986, 3, 1, 1632988080.658727, 34, GPS(-43.520645, 172.582938, 21.448755, var=[1.0, 1.0, 1.0]), 49.033699632944945, GPS(-43.520600, 172.583000, 0.000000, var=[-1.0, -1.0, -1.0])
20:48:00:659020, 4, 2, 1632988080.6587384, 34, GPS(-43.520646, 172.583062, 21.443779, var=[1.0, 1.0, 1.0]), 49.038113812267085, GPS(-43.520600, 172.583000, 0.000000, var=[-1.0, -1.0, -1.0])
20:48:00:659123, 1, 1, 1632988080.6587665, 36, GPS(-43.520555, 172.582937, 21.452897, var=[1.0, 1.0, 1.0]), 49.03866895110255, GPS(-43.520600, 172.583000, 0.000000, var=[-1.0, -1.0, -1.0])
20:48:01:659179, 3, 2, 1632988081.6589813, 35, GPS(-43.520645, 172.582937, 21.457755, var=[1.0, 1.0, 1.0]), 49.04758995573606, GPS(-43.520600, 172.583000, 0.000000, var=[-1.0, -1.0, -1.0])
20:48:01:659372, 1, 1, 1632988081.6592112, 37, GPS(-43.520555, 172.582937, 21.456897, var=[1.0, 1.0, 1.0]), 49.048472078212185, GPS(-43.520600, 172.583000, 0.000000, var=[-1.0, -1.0, -1.0])
20:48:01:659454, 3, 2, 1632988081.6592417, 36, GPS(-43.520645, 172.582937, 21.457755, var=[1.0, 1.0, 1.0]), 49.04758995573606, GPS(-43.520600, 172.583000, 0.000000, var=[-1.0, -1.0, -1.0])
20:48:01:659518, 2, 1, 1632988081.659228, 39, GPS(-43.520555, 172.583061, 21.455924, var=[1.0, 1.0, 1.0]), 49.01493313713041, GPS(-43.520600, 172.583000, 0.000000, var=[-1.0, -1.0, -1.0])
20:48:01:659572, 4, 2, 1632988081.659277, 35, GPS(-43.520646, 172.583062, 21.450779, var=[1.0, 1.0, 1.0]), 49.04794185753006, GPS(-43.520600, 172.583000, 0.000000, var=[-1.0, -1.0, -1.0])
20:48:01:659721, 1, 1, 1632988081.65938, 38, GPS(-43.520555, 172.582937, 21.456897, var=[1.0, 1.0, 1.0]), 49.048472078212185, GPS(-43.520600, 172.583000, 0.000000, var=[-1.0, -1.0, -1.0])
20:48:02:659451, 4, 2, 1632988082.6593318, 36, GPS(-43.520646, 172.583062, 21.462779, var=[1.0, 1.0, 1.0]), 49.06859058590824, GPS(-43.520600, 172.583000, 0.000000, var=[-1.0, -1.0, -1.0])
20:48:02:659690, 2, 1, 1632988082.6595762, 40, GPS(-43.520555, 172.583061, 21.464924, var=[1.0, 1.0, 1.0]), 49.034184643103956, GPS(-43.520600, 172.583000, 0.000000, var=[-1.0, -1.0, -1.0])
20:48:02:684630, 3, 2, 1632988082.6844773, 37, GPS(-43.520645, 172.582937, 21.464755, var=[1.0, 1.0, 1.0]), 49.07123345553429, GPS(-43.520600, 172.583000, 0.000000, var=[-1.0, -1.0, -1.0])
20:48:02:684726, 3, 2, 1632988082.6846452, 38, GPS(-43.520645, 172.582937, 21.464755, var=[1.0, 1.0, 1.0]), 49.07123345553429, GPS(-43.520600, 172.583000, 0.000000, var=[-1.0, -1.0, -1.0])
20:48:02:684782, 2, 1, 1632988082.6846535, 41, GPS(-43.520555, 172.583061, 21.464924, var=[1.0, 1.0, 1.0]), 49.04118830642483, GPS(-43.520600, 172.583000, 0.000000, var=[-1.0, -1.0, -1.0])
20:48:02:687769, 1, 1, 1632988082.6876607, 39, GPS(-43.520555, 172.582937, 21.473898, var=[1.0, 1.0, 1.0]), 49.07798683189216, GPS(-43.520600, 172.583000, 0.000000, var=[-1.0, -1.0, -1.0])
20:48:02:687970, 1, 1, 1632988082.687896, 40, GPS(-43.520555, 172.582937, 21.473898, var=[1.0, 1.0, 1.0]), 49.07798683189216, GPS(-43.520600, 172.583000, 0.000000, var=[-1.0, -1.0, -1.0])
20:48:02:690292, 4, 2, 1632988082.6901126, 37, GPS(-43.520646, 172.583062, 21.462779, var=[1.0, 1.0, 1.0]), 49.07559424922911, GPS(-43.520600, 172.583000, 0.000000, var=[-1.0, -1.0, -1.0])
20:48:03:685226, 2, 2, 1632988083.6850917, 42, GPS(-43.520555, 172.583061, 21.470924, var=[1.0, 1.0, 1.0]), 49.04964702120569, GPS(-43.520600, 172.583000, 0.000000, var=[-1.0, -1.0, -1.0])
20:48:03:685647, 3, 2, 1632988083.6855483, 39, GPS(-43.520645, 172.582938, 21.472755, var=[1.0, 1.0, 1.0]), 49.08048814202219, GPS(-43.520600, 172.583000, 0.000000, var=[-1.0, -1.0, -1.0])
20:48:03:688666, 1, 1, 1632988083.688558, 41, GPS(-43.520556, 172.582937, 21.483897, var=[1.0, 1.0, 1.0]), 49.084241217661294, GPS(-43.520600, 172.583000, 0.000000, var=[-1.0, -1.0, -1.0])
20:48:03:690764, 2, 2, 1632988083.6905508, 43, GPS(-43.520555, 172.583061, 21.470924, var=[1.0, 1.0, 1.0]), 49.04964702120569, GPS(-43.520600, 172.583000, 0.000000, var=[-1.0, -1.0, -1.0])
20:48:03:690823, 3, 2, 1632988083.6905725, 40, GPS(-43.520645, 172.582938, 21.472755, var=[1.0, 1.0, 1.0]), 49.08048814202219, GPS(-43.520600, 172.583000, 0.000000, var=[-1.0, -1.0, -1.0])
20:48:03:690870, 1, 1, 1632988083.6906, 42, GPS(-43.520556, 172.582937, 21.483897, var=[1.0, 1.0, 1.0]), 49.084241217661294, GPS(-43.520600, 172.583000, 0.000000, var=[-1.0, -1.0, -1.0])
20:48:03:690907, 4, 2, 1632988083.690724, 38, GPS(-43.520646, 172.583062, 21.472779, var=[1.0, 1.0, 1.0]), 49.086085919353195, GPS(-43.520600, 172.583000, 0.000000, var=[-1.0, -1.0, -1.0])
20:48:04:691465, 2, 2, 1632988084.691274, 44, GPS(-43.520555, 172.583061, 21.471924, var=[1.0, 1.0, 1.0]), 49.056207374664865, GPS(-43.520600, 172.583000, 0.000000, var=[-1.0, -1.0, -1.0])
20:48:04:691843, 1, 1, 1632988084.6916988, 43, GPS(-43.520556, 172.582937, 21.476897, var=[1.0, 1.0, 1.0]), 49.085776595498466, GPS(-43.520600, 172.583000, 0.000000, var=[-1.0, -1.0, -1.0])
20:48:04:691908, 4, 2, 1632988084.6917112, 39, GPS(-43.520646, 172.583062, 21.477779, var=[1.0, 1.0, 1.0]), 49.10461866769267, GPS(-43.520600, 172.583000, 0.000000, var=[-1.0, -1.0, -1.0])
20:48:04:726248, 3, 2, 1632988084.7261167, 41, GPS(-43.520645, 172.582938, 21.474754, var=[1.0, 1.0, 1.0]), 49.09005416461626, GPS(-43.520600, 172.583000, 0.000000, var=[-1.0, -1.0, -1.0])
20:48:04:791649, 3, 2, 1632988084.7914438, 42, GPS(-43.520645, 172.582938, 21.474754, var=[1.0, 1.0, 1.0]), 49.09005416461626, GPS(-43.520600, 172.583000, 0.000000, var=[-1.0, -1.0, -1.0])
20:48:04:791941, 4, 2, 1632988084.7917085, 40, GPS(-43.520646, 172.583062, 21.478779, var=[1.0, 1.0, 1.0]), 49.107346209034496, GPS(-43.520600, 172.583000, 0.000000, var=[-1.0, -1.0, -1.0])
20:48:04:792267, 1, 1, 1632988084.7916596, 44, GPS(-43.520556, 172.582937, 21.473897, var=[1.0, 1.0, 1.0]), 49.08292975767108, GPS(-43.520600, 172.583000, 0.000000, var=[-1.0, -1.0, -1.0])
20:48:04:792445, 2, 2, 1632988084.7917757, 45, GPS(-43.520555, 172.583061, 21.472924, var=[1.0, 1.0, 1.0]), 49.055400016474636, GPS(-43.520600, 172.583000, 0.000000, var=[-1.0, -1.0, -1.0])
20:48:05:792925, 2, 2, 1632988085.7927008, 46, GPS(-43.520556, 172.583061, 21.471923, var=[1.0, 1.0, 1.0]), 49.049571635782115, GPS(-43.520600, 172.583000, 0.000000, var=[-1.0, -1.0, -1.0])
20:48:05:793046, 4, 2, 1632988085.7929244, 41, GPS(-43.520646, 172.583062, 21.467779, var=[1.0, 1.0, 1.0]), 49.09588069279809, GPS(-43.520600, 172.583000, 0.000000, var=[-1.0, -1.0, -1.0])
20:48:05:793276, 3, 2, 1632988085.7927396, 43, GPS(-43.520645, 172.582938, 21.474754, var=[1.0, 1.0, 1.0]), 49.093209954578015, GPS(-43.520600, 172.583000, 0.000000, var=[-1.0, -1.0, -1.0])
20:48:05:818876, 1, 2, 1632988085.8187284, 45, GPS(-43.520556, 172.582937, 21.467897, var=[1.0, 1.0, 1.0]), 49.08428861415912, GPS(-43.520600, 172.583000, 0.000000, var=[-1.0, -1.0, -1.0])
20:48:05:892791, 2, 2, 1632988085.89266, 47, GPS(-43.520556, 172.583061, 21.471923, var=[1.0, 1.0, 1.0]), 49.05359933552215, GPS(-43.520600, 172.583000, 0.000000, var=[-1.0, -1.0, -1.0])
20:48:05:892848, 1, 2, 1632988085.8926957, 46, GPS(-43.520556, 172.582937, 21.468897, var=[1.0, 1.0, 1.0]), 49.08523812803127, GPS(-43.520600, 172.583000, 0.000000, var=[-1.0, -1.0, -1.0])
20:48:05:892881, 4, 2, 1632988085.8926857, 42, GPS(-43.520646, 172.583062, 21.464779, var=[1.0, 1.0, 1.0]), 49.0970618595224, GPS(-43.520600, 172.583000, 0.000000, var=[-1.0, -1.0, -1.0])
20:48:05:892995, 3, 2, 1632988085.8926947, 44, GPS(-43.520645, 172.582938, 21.473754, var=[1.0, 1.0, 1.0]), 49.09628838519653, GPS(-43.520600, 172.583000, 0.000000, var=[-1.0, -1.0, -1.0])
20:48:06:892993, 3, 2, 1632988086.8928318, 45, GPS(-43.520646, 172.582937, 21.463754, var=[1.0, 1.0, 1.0]), 49.102455072001476, GPS(-43.520600, 172.583000, 0.000000, var=[-1.0, -1.0, -1.0])
20:48:06:894392, 2, 2, 1632988086.8930557, 48, GPS(-43.520556, 172.583061, 21.475923, var=[1.0, 1.0, 1.0]), 49.05247720588278, GPS(-43.520600, 172.583000, 0.000000, var=[-1.0, -1.0, -1.0])
20:48:06:894454, 3, 2, 1632988086.893066, 46, GPS(-43.520646, 172.582937, 21.463754, var=[1.0, 1.0, 1.0]), 49.102455072001476, GPS(-43.520600, 172.583000, 0.000000, var=[-1.0, -1.0, -1.0])
20:48:06:894492, 1, 2, 1632988086.893093, 47, GPS(-43.520556, 172.582936, 21.472897, var=[1.0, 1.0, 1.0]), 49.097357987246895, GPS(-43.520600, 172.583000, 0.000000, var=[-1.0, -1.0, -1.0])
20:48:06:894527, 4, 2, 1632988086.8930833, 43, GPS(-43.520646, 172.583061, 21.460778, var=[1.0, 1.0, 1.0]), 49.08797768470058, GPS(-43.520600, 172.583000, 0.000000, var=[-1.0, -1.0, -1.0])
20:48:07:893339, 3, 2, 1632988087.8932145, 47, GPS(-43.520646, 172.582937, 21.454754, var=[1.0, 1.0, 1.0]), 49.08088654453262, GPS(-43.520600, 172.583000, 0.000000, var=[-1.0, -1.0, -1.0])
20:48:07:893583, 4, 2, 1632988087.8934944, 44, GPS(-43.520646, 172.583061, 21.453778, var=[1.0, 1.0, 1.0]), 49.064388512284886, GPS(-43.520600, 172.583000, 0.000000, var=[-1.0, -1.0, -1.0])
20:48:07:918757, 4, 2, 1632988087.9186091, 45, GPS(-43.520646, 172.583061, 21.453778, var=[1.0, 1.0, 1.0]), 49.053853824891775, GPS(-43.520600, 172.583000, 0.000000, var=[-1.0, -1.0, -1.0])
20:48:07:927865, 2, 2, 1632988087.9276521, 49, GPS(-43.520556, 172.583061, 21.457923, var=[1.0, 1.0, 1.0]), 49.00788517521467, GPS(-43.520600, 172.583000, 0.000000, var=[-1.0, -1.0, -1.0])
20:48:07:928206, 1, 2, 1632988087.928067, 48, GPS(-43.520556, 172.582936, 21.453897, var=[1.0, 1.0, 1.0]), 49.0553578429775, GPS(-43.520600, 172.583000, 0.000000, var=[-1.0, -1.0, -1.0])
20:48:07:953891, 2, 2, 1632988087.9537644, 50, GPS(-43.520556, 172.583061, 21.456923, var=[1.0, 1.0, 1.0]), 49.00693385742611, GPS(-43.520600, 172.583000, 0.000000, var=[-1.0, -1.0, -1.0])
20:48:07:961159, 1, 2, 1632988087.9610362, 49, GPS(-43.520556, 172.582936, 21.450897, var=[1.0, 1.0, 1.0]), 49.050089322269145, GPS(-43.520600, 172.583000, 0.000000, var=[-1.0, -1.0, -1.0])
20:48:07:961786, 3, 2, 1632988087.9617004, 48, GPS(-43.520646, 172.582937, 21.452754, var=[1.0, 1.0, 1.0]), 49.070984771847506, GPS(-43.520600, 172.583000, 0.000000, var=[-1.0, -1.0, -1.0])
20:48:08:919138, 2, 2, 1632988088.9189942, 51, GPS(-43.520556, 172.583061, 21.440923, var=[1.0, 1.0, 1.0]), 48.99240243543805, GPS(-43.520600, 172.583000, 0.000000, var=[-1.0, -1.0, -1.0])
20:48:08:919230, 4, 2, 1632988088.919008, 46, GPS(-43.520646, 172.583061, 21.450779, var=[1.0, 1.0, 1.0]), 49.04771819192155, GPS(-43.520600, 172.583000, 0.000000, var=[-1.0, -1.0, -1.0])
20:48:08:919412, 3, 2, 1632988088.919016, 49, GPS(-43.520645, 172.582937, 21.439754, var=[1.0, 1.0, 1.0]), 49.05550259055936, GPS(-43.520600, 172.583000, 0.000000, var=[-1.0, -1.0, -1.0])
20:48:08:919467, 1, 2, 1632988088.9190567, 50, GPS(-43.520556, 172.582936, 21.439897, var=[1.0, 1.0, 1.0]), 49.046332086842106, GPS(-43.520600, 172.583000, 0.000000, var=[-1.0, -1.0, -1.0])
20:48:08:919520, 4, 2, 1632988088.919157, 47, GPS(-43.520646, 172.583061, 21.450779, var=[1.0, 1.0, 1.0]), 49.04771819192155, GPS(-43.520600, 172.583000, 0.000000, var=[-1.0, -1.0, -1.0])
20:48:09:919270, 1, 2, 1632988089.9191418, 51, GPS(-43.520556, 172.582936, 21.445897, var=[1.0, 1.0, 1.0]), 49.054284574740876, GPS(-43.520600, 172.583000, 0.000000, var=[-1.0, -1.0, -1.0])
20:48:09:919357, 3, 2, 1632988089.9192722, 50, GPS(-43.520645, 172.582937, 21.446754, var=[1.0, 1.0, 1.0]), 49.05700534618074, GPS(-43.520600, 172.583000, 0.000000, var=[-1.0, -1.0, -1.0])
20:48:09:919551, 3, 2, 1632988089.91946, 51, GPS(-43.520645, 172.582937, 21.446754, var=[1.0, 1.0, 1.0]), 49.05700534618074, GPS(-43.520600, 172.583000, 0.000000, var=[-1.0, -1.0, -1.0])
20:48:09:919617, 4, 2, 1632988089.9194791, 48, GPS(-43.520646, 172.583061, 21.442779, var=[1.0, 1.0, 1.0]), 49.033841808525366, GPS(-43.520600, 172.583000, 0.000000, var=[-1.0, -1.0, -1.0])
20:48:09:919742, 2, 2, 1632988089.9194577, 52, GPS(-43.520555, 172.583060, 21.448923, var=[1.0, 1.0, 1.0]), 48.99940576605441, GPS(-43.520600, 172.583000, 0.000000, var=[-1.0, -1.0, -1.0])
20:48:09:919797, 1, 2, 1632988089.919485, 52, GPS(-43.520556, 172.582936, 21.445897, var=[1.0, 1.0, 1.0]), 49.054284574740876, GPS(-43.520600, 172.583000, 0.000000, var=[-1.0, -1.0, -1.0])
20:48:10:920018, 1, 2, 1632988090.9198737, 53, GPS(-43.520555, 172.582936, 21.449897, var=[1.0, 1.0, 1.0]), 49.06269411271765, GPS(-43.520600, 172.583000, 0.000000, var=[-1.0, -1.0, -1.0])
20:48:10:920127, 4, 2, 1632988090.9200034, 49, GPS(-43.520646, 172.583061, 21.446779, var=[1.0, 1.0, 1.0]), 49.0416537326639, GPS(-43.520600, 172.583000, 0.000000, var=[-1.0, -1.0, -1.0])
20:48:10:920293, 3, 2, 1632988090.9199903, 52, GPS(-43.520645, 172.582937, 21.458754, var=[1.0, 1.0, 1.0]), 49.07175924373569, GPS(-43.520600, 172.583000, 0.000000, var=[-1.0, -1.0, -1.0])
20:48:10:947151, 2, 2, 1632988090.9462497, 53, GPS(-43.520555, 172.583060, 21.452924, var=[1.0, 1.0, 1.0]), 49.015675712673826, GPS(-43.520600, 172.583000, 0.000000, var=[-1.0, -1.0, -1.0])
20:48:11:020116, 2, 2, 1632988091.0199926, 54, GPS(-43.520555, 172.583060, 21.453924, var=[1.0, 1.0, 1.0]), 49.016626821974825, GPS(-43.520600, 172.583000, 0.000000, var=[-1.0, -1.0, -1.0])
20:48:11:020196, 3, 2, 1632988091.020011, 53, GPS(-43.520645, 172.582937, 21.459754, var=[1.0, 1.0, 1.0]), 49.076887767411264, GPS(-43.520600, 172.583000, 0.000000, var=[-1.0, -1.0, -1.0])
20:48:11:020236, 4, 2, 1632988091.0200195, 50, GPS(-43.520646, 172.583061, 21.448779, var=[1.0, 1.0, 1.0]), 49.04955051900724, GPS(-43.520600, 172.583000, 0.000000, var=[-1.0, -1.0, -1.0])
20:48:11:020377, 1, 2, 1632988091.0200286, 54, GPS(-43.520555, 172.582936, 21.450897, var=[1.0, 1.0, 1.0]), 49.06964065812556, GPS(-43.520600, 172.583000, 0.000000, var=[-1.0, -1.0, -1.0])
20:48:12:020596, 2, 2, 1632988092.020445, 55, GPS(-43.520555, 172.583060, 21.445924, var=[1.0, 1.0, 1.0]), 49.00601807730092, GPS(-43.520600, 172.583000, 0.000000, var=[-1.0, -1.0, -1.0])
20:48:12:020708, 4, 3, 1632988092.0204613, 51, GPS(-43.520646, 172.583061, 21.446779, var=[1.0, 1.0, 1.0]), 49.04389907508671, GPS(-43.520600, 172.583000, 0.000000, var=[-1.0, -1.0, -1.0])
20:48:12:020838, 3, 2, 1632988092.0204492, 54, GPS(-43.520645, 172.582937, 21.450755, var=[1.0, 1.0, 1.0]), 49.06107400219142, GPS(-43.520600, 172.583000, 0.000000, var=[-1.0, -1.0, -1.0])
20:48:12:020877, 1, 2, 1632988092.0204725, 55, GPS(-43.520555, 172.582936, 21.446898, var=[1.0, 1.0, 1.0]), 49.059796292410184, GPS(-43.520600, 172.583000, 0.000000, var=[-1.0, -1.0, -1.0])
20:48:13:021951, 1, 2, 1632988093.021816, 56, GPS(-43.520555, 172.582937, 21.439898, var=[1.0, 1.0, 1.0]), 49.0443079444249, GPS(-43.520600, 172.583000, 0.000000, var=[-1.0, -1.0, -1.0])
20:48:13:022076, 2, 2, 1632988093.0219786, 56, GPS(-43.520555, 172.583061, 21.445924, var=[1.0, 1.0, 1.0]), 49.0042339513495, GPS(-43.520600, 172.583000, 0.000000, var=[-1.0, -1.0, -1.0])
20:48:13:022289, 4, 3, 1632988093.0222006, 52, GPS(-43.520658, 172.583080, 21.521763, var=[1.0, 1.0, 1.0]), 49.842159595994886, GPS(-43.520600, 172.583000, 0.000000, var=[-1.0, -1.0, -1.0])
20:48:13:022431, 3, 2, 1632988093.0222344, 55, GPS(-43.520645, 172.582937, 21.442755, var=[1.0, 1.0, 1.0]), 49.04464743225713, GPS(-43.520600, 172.583000, 0.000000, var=[-1.0, -1.0, -1.0])
20:48:13:121811, 1, 2, 1632988093.1211324, 57, GPS(-43.520555, 172.582937, 21.440898, var=[1.0, 1.0, 1.0]), 49.041680929229756, GPS(-43.520600, 172.583000, 0.000000, var=[-1.0, -1.0, -1.0])
20:48:13:121995, 4, 3, 1632988093.1216452, 53, GPS(-43.520661, 172.583084, 21.511760, var=[1.0, 1.0, 1.0]), 49.99199583198296, GPS(-43.520600, 172.583000, 0.000000, var=[-1.0, -1.0, -1.0])
20:48:13:122188, 3, 2, 1632988093.1216347, 56, GPS(-43.520645, 172.582937, 21.441755, var=[1.0, 1.0, 1.0]), 49.03586231810915, GPS(-43.520600, 172.583000, 0.000000, var=[-1.0, -1.0, -1.0])
20:48:13:122247, 2, 2, 1632988093.1213179, 57, GPS(-43.520555, 172.583061, 21.446924, var=[1.0, 1.0, 1.0]), 48.9991601213284, GPS(-43.520600, 172.583000, 0.000000, var=[-1.0, -1.0, -1.0])
20:48:14:121691, 1, 2, 1632988094.121357, 58, GPS(-43.520555, 172.582937, 21.450898, var=[1.0, 1.0, 1.0]), 49.047899425675496, GPS(-43.520600, 172.583000, 0.000000, var=[-1.0, -1.0, -1.0])
20:48:14:122452, 1, 2, 1632988094.1223137, 59, GPS(-43.520555, 172.582937, 21.450898, var=[1.0, 1.0, 1.0]), 49.047899425675496, GPS(-43.520600, 172.583000, 0.000000, var=[-1.0, -1.0, -1.0])
20:48:14:122513, 4, 4, 1632988094.1223142, 54, GPS(-43.520683, 172.583117, 21.426731, var=[1.0, 1.0, 1.0]), 51.61097273218179, GPS(-43.520600, 172.583000, 0.000000, var=[-1.0, -1.0, -1.0])
20:48:14:122663, 3, 2, 1632988094.1223028, 57, GPS(-43.520645, 172.582937, 21.452754, var=[1.0, 1.0, 1.0]), 49.04976118031539, GPS(-43.520600, 172.583000, 0.000000, var=[-1.0, -1.0, -1.0])
20:48:14:122715, 2, 2, 1632988094.1222944, 58, GPS(-43.520555, 172.583061, 21.450924, var=[1.0, 1.0, 1.0]), 49.00746773990607, GPS(-43.520600, 172.583000, 0.000000, var=[-1.0, -1.0, -1.0])
20:48:15:122854, 2, 2, 1632988095.122712, 59, GPS(-43.520555, 172.583061, 21.456924, var=[1.0, 1.0, 1.0]), 49.01314765598622, GPS(-43.520600, 172.583000, 0.000000, var=[-1.0, -1.0, -1.0])
20:48:15:122931, 4, 4, 1632988095.1227279, 55, GPS(-43.520692, 172.583128, 21.426719, var=[1.0, 1.0, 1.0]), 52.36055461160363, GPS(-43.520600, 172.583000, 0.000000, var=[-1.0, -1.0, -1.0])
20:48:15:123057, 3, 3, 1632988095.1227424, 58, GPS(-43.520645, 172.582937, 21.464755, var=[1.0, 1.0, 1.0]), 49.05260422304302, GPS(-43.520600, 172.583000, 0.000000, var=[-1.0, -1.0, -1.0])
20:48:15:123114, 1, 2, 1632988095.1227448, 60, GPS(-43.520555, 172.582937, 21.461898, var=[1.0, 1.0, 1.0]), 49.0601356553573, GPS(-43.520600, 172.583000, 0.000000, var=[-1.0, -1.0, -1.0])
20:48:16:122881, 3, 3, 1632988096.1227462, 59, GPS(-43.520659, 172.582919, 21.515729, var=[1.0, 1.0, 1.0]), 49.87177435157861, GPS(-43.520600, 172.583000, 0.000000, var=[-1.0, -1.0, -1.0])
20:48:16:123174, 1, 3, 1632988096.1230865, 61, GPS(-43.520555, 172.582937, 21.466898, var=[1.0, 1.0, 1.0]), 49.07786599649773, GPS(-43.520600, 172.583000, 0.000000, var=[-1.0, -1.0, -1.0])
20:48:16:123824, 4, 4, 1632988096.1237152, 56, GPS(-43.520693, 172.583127, 21.433718, var=[1.0, 1.0, 1.0]), 52.3577962680514, GPS(-43.520600, 172.583000, 0.000000, var=[-1.0, -1.0, -1.0])
20:48:16:148848, 2, 3, 1632988096.1487224, 60, GPS(-43.520555, 172.583061, 21.452924, var=[1.0, 1.0, 1.0]), 49.02954202824689, GPS(-43.520600, 172.583000, 0.000000, var=[-1.0, -1.0, -1.0])
20:48:16:223485, 3, 3, 1632988096.2233207, 60, GPS(-43.520661, 172.582916, 21.508725, var=[1.0, 1.0, 1.0]), 50.00472267704705, GPS(-43.520600, 172.583000, 0.000000, var=[-1.0, -1.0, -1.0])
20:48:16:223904, 4, 4, 1632988096.223614, 57, GPS(-43.520693, 172.583127, 21.434718, var=[1.0, 1.0, 1.0]), 52.352076140321834, GPS(-43.520600, 172.583000, 0.000000, var=[-1.0, -1.0, -1.0])
20:48:16:224212, 2, 3, 1632988096.2233374, 61, GPS(-43.520555, 172.583061, 21.453924, var=[1.0, 1.0, 1.0]), 49.03049259172939, GPS(-43.520600, 172.583000, 0.000000, var=[-1.0, -1.0, -1.0])
20:48:16:224273, 1, 3, 1632988096.2237487, 62, GPS(-43.520555, 172.582937, 21.468898, var=[1.0, 1.0, 1.0]), 49.08276268185092, GPS(-43.520600, 172.583000, 0.000000, var=[-1.0, -1.0, -1.0])
20:48:17:224377, 2, 3, 1632988097.224249, 62, GPS(-43.520542, 172.583079, 21.531948, var=[1.0, 1.0, 1.0]), 49.82319380116126, GPS(-43.520600, 172.583000, 0.000000, var=[-1.0, -1.0, -1.0])
20:48:17:224467, 1, 3, 1632988097.2242904, 63, GPS(-43.520541, 172.582917, 21.517916, var=[1.0, 1.0, 1.0]), 49.93811916169519, GPS(-43.520600, 172.583000, 0.000000, var=[-1.0, -1.0, -1.0])
20:48:17:224521, 3, 4, 1632988097.2242706, 61, GPS(-43.520685, 172.582885, 21.444679, var=[1.0, 1.0, 1.0]), 51.693329501378, GPS(-43.520600, 172.583000, 0.000000, var=[-1.0, -1.0, -1.0])
20:48:17:224715, 4, 4, 1632988097.224592, 58, GPS(-43.520691, 172.583124, 21.462720, var=[1.0, 1.0, 1.0]), 52.226906502359654, GPS(-43.520600, 172.583000, 0.000000, var=[-1.0, -1.0, -1.0])
20:48:18:225017, 1, 3, 1632988098.2248948, 64, GPS(-43.520517, 172.582884, 21.460947, var=[1.0, 1.0, 1.0]), 51.623614237806095, GPS(-43.520600, 172.583000, 0.000000, var=[-1.0, -1.0, -1.0])
20:48:18:225120, 3, 4, 1632988098.2250147, 62, GPS(-43.520693, 172.582872, 21.447664, var=[1.0, 1.0, 1.0]), 52.41694290880588, GPS(-43.520600, 172.583000, 0.000000, var=[-1.0, -1.0, -1.0])
20:48:18:226231, 4, 4, 1632988098.2261126, 59, GPS(-43.520690, 172.583123, 21.468721, var=[1.0, 1.0, 1.0]), 52.16616596258409, GPS(-43.520600, 172.583000, 0.000000, var=[-1.0, -1.0, -1.0])
20:48:18:226374, 2, 3, 1632988098.226155, 63, GPS(-43.520517, 172.583112, 21.447996, var=[1.0, 1.0, 1.0]), 51.50805364919847, GPS(-43.520600, 172.583000, 0.000000, var=[-1.0, -1.0, -1.0])
20:48:18:325261, 2, 4, 1632988098.3251228, 64, GPS(-43.520515, 172.583114, 21.443999, var=[1.0, 1.0, 1.0]), 51.6644066633623, GPS(-43.520600, 172.583000, 0.000000, var=[-1.0, -1.0, -1.0])
20:48:18:325349, 4, 4, 1632988098.3251603, 60, GPS(-43.520690, 172.583123, 21.468721, var=[1.0, 1.0, 1.0]), 52.1738234988788, GPS(-43.520600, 172.583000, 0.000000, var=[-1.0, -1.0, -1.0])
20:48:18:325498, 1, 4, 1632988098.3251631, 65, GPS(-43.520516, 172.582881, 21.458949, var=[1.0, 1.0, 1.0]), 51.76893838964874, GPS(-43.520600, 172.583000, 0.000000, var=[-1.0, -1.0, -1.0])
20:48:18:325535, 3, 4, 1632988098.3252087, 63, GPS(-43.520693, 172.582872, 21.449664, var=[1.0, 1.0, 1.0]), 52.44785497349828, GPS(-43.520600, 172.583000, 0.000000, var=[-1.0, -1.0, -1.0])
20:48:19:325265, 2, 4, 1632988099.325138, 65, GPS(-43.520507, 172.583128, 21.450015, var=[1.0, 1.0, 1.0]), 52.45407078469167, GPS(-43.520600, 172.583000, 0.000000, var=[-1.0, -1.0, -1.0])
20:48:19:325644, 2, 4, 1632988099.3255372, 66, GPS(-43.520507, 172.583128, 21.450015, var=[1.0, 1.0, 1.0]), 52.45407078469167, GPS(-43.520600, 172.583000, 0.000000, var=[-1.0, -1.0, -1.0])
20:48:19:325717, 3, 4, 1632988099.3255548, 64, GPS(-43.520691, 172.582872, 21.458667, var=[1.0, 1.0, 1.0]), 52.379454361315794, GPS(-43.520600, 172.583000, 0.000000, var=[-1.0, -1.0, -1.0])
20:48:19:325815, 1, 4, 1632988099.3255668, 66, GPS(-43.520507, 172.582871, 21.470961, var=[1.0, 1.0, 1.0]), 52.462823456689904, GPS(-43.520600, 172.583000, 0.000000, var=[-1.0, -1.0, -1.0])
20:48:19:325868, 4, 4, 1632988099.3255687, 61, GPS(-43.520690, 172.583123, 21.470722, var=[1.0, 1.0, 1.0]), 52.154772123889146, GPS(-43.520600, 172.583000, 0.000000, var=[-1.0, -1.0, -1.0])
20:48:20:326056, 2, 4, 1632988100.325881, 67, GPS(-43.520508, 172.583129, 21.481013, var=[1.0, 1.0, 1.0]), 52.43972528463969, GPS(-43.520600, 172.583000, 0.000000, var=[-1.0, -1.0, -1.0])
20:48:20:326178, 3, 4, 1632988100.3260312, 65, GPS(-43.520690, 172.582874, 21.465670, var=[1.0, 1.0, 1.0]), 52.22435336112167, GPS(-43.520600, 172.583000, 0.000000, var=[-1.0, -1.0, -1.0])
20:48:20:326388, 4, 4, 1632988100.3262618, 62, GPS(-43.520690, 172.583124, 21.475722, var=[1.0, 1.0, 1.0]), 52.17078949357858, GPS(-43.520600, 172.583000, 0.000000, var=[-1.0, -1.0, -1.0])
20:48:20:369594, 1, 4, 1632988100.369462, 67, GPS(-43.520507, 172.582873, 21.478962, var=[1.0, 1.0, 1.0]), 52.405338729175824, GPS(-43.520600, 172.583000, 0.000000, var=[-1.0, -1.0, -1.0])
20:48:20:426397, 3, 4, 1632988100.4262526, 66, GPS(-43.520690, 172.582874, 21.466670, var=[1.0, 1.0, 1.0]), 52.210533294567625, GPS(-43.520600, 172.583000, 0.000000, var=[-1.0, -1.0, -1.0])
20:48:20:426464, 2, 4, 1632988100.4262443, 68, GPS(-43.520508, 172.583128, 21.481013, var=[1.0, 1.0, 1.0]), 52.42050965197506, GPS(-43.520600, 172.583000, 0.000000, var=[-1.0, -1.0, -1.0])
20:48:20:426502, 4, 4, 1632988100.426265, 63, GPS(-43.520690, 172.583124, 21.474722, var=[1.0, 1.0, 1.0]), 52.170271815834454, GPS(-43.520600, 172.583000, 0.000000, var=[-1.0, -1.0, -1.0])
20:48:20:426623, 1, 4, 1632988100.4262698, 68, GPS(-43.520507, 172.582874, 21.477961, var=[1.0, 1.0, 1.0]), 52.3937296481447, GPS(-43.520600, 172.583000, 0.000000, var=[-1.0, -1.0, -1.0])
20:48:21:427186, 4, 4, 1632988101.4270475, 64, GPS(-43.520690, 172.583124, 21.467722, var=[1.0, 1.0, 1.0]), 52.175014231530575, GPS(-43.520600, 172.583000, 0.000000, var=[-1.0, -1.0, -1.0])
20:48:21:457111, 1, 4, 1632988101.4569767, 69, GPS(-43.520509, 172.582876, 21.478959, var=[1.0, 1.0, 1.0]), 52.23582811882556, GPS(-43.520600, 172.583000, 0.000000, var=[-1.0, -1.0, -1.0])
20:48:21:461288, 3, 4, 1632988101.4611535, 67, GPS(-43.520689, 172.582876, 21.477671, var=[1.0, 1.0, 1.0]), 52.16804141215404, GPS(-43.520600, 172.583000, 0.000000, var=[-1.0, -1.0, -1.0])
20:48:21:464201, 2, 4, 1632988101.464102, 69, GPS(-43.520510, 172.583126, 21.467009, var=[1.0, 1.0, 1.0]), 52.2237901619839, GPS(-43.520600, 172.583000, 0.000000, var=[-1.0, -1.0, -1.0])
20:48:21:527056, 2, 4, 1632988101.5268502, 70, GPS(-43.520510, 172.583126, 21.467009, var=[1.0, 1.0, 1.0]), 52.216308520251786, GPS(-43.520600, 172.583000, 0.000000, var=[-1.0, -1.0, -1.0])
20:48:21:527175, 4, 4, 1632988101.5268826, 65, GPS(-43.520690, 172.583124, 21.467722, var=[1.0, 1.0, 1.0]), 52.17302494626519, GPS(-43.520600, 172.583000, 0.000000, var=[-1.0, -1.0, -1.0])
20:48:21:527427, 3, 4, 1632988101.526875, 68, GPS(-43.520689, 172.582876, 21.477671, var=[1.0, 1.0, 1.0]), 52.16804141215404, GPS(-43.520600, 172.583000, 0.000000, var=[-1.0, -1.0, -1.0])
20:48:21:527506, 1, 4, 1632988101.5268955, 70, GPS(-43.520509, 172.582876, 21.478959, var=[1.0, 1.0, 1.0]), 52.22832848710217, GPS(-43.520600, 172.583000, 0.000000, var=[-1.0, -1.0, -1.0])
20:48:22:527077, 3, 4, 1632988102.5269363, 69, GPS(-43.520690, 172.582876, 21.483670, var=[1.0, 1.0, 1.0]), 52.18185351909293, GPS(-43.520600, 172.583000, 0.000000, var=[-1.0, -1.0, -1.0])
20:48:22:527604, 3, 4, 1632988102.5274658, 70, GPS(-43.520690, 172.582876, 21.483670, var=[1.0, 1.0, 1.0]), 52.18185351909293, GPS(-43.520600, 172.583000, 0.000000, var=[-1.0, -1.0, -1.0])
20:48:22:527669, 2, 4, 1632988102.5274518, 71, GPS(-43.520511, 172.583124, 21.476008, var=[1.0, 1.0, 1.0]), 52.15823276459123, GPS(-43.520600, 172.583000, 0.000000, var=[-1.0, -1.0, -1.0])
20:48:22:527717, 4, 4, 1632988102.5274706, 66, GPS(-43.520690, 172.583124, 21.472722, var=[1.0, 1.0, 1.0]), 52.18134444657516, GPS(-43.520600, 172.583000, 0.000000, var=[-1.0, -1.0, -1.0])
20:48:22:527870, 1, 4, 1632988102.527489, 71, GPS(-43.520510, 172.582876, 21.477958, var=[1.0, 1.0, 1.0]), 52.18427247439742, GPS(-43.520600, 172.583000, 0.000000, var=[-1.0, -1.0, -1.0])
20:48:23:527761, 4, 4, 1632988103.5275195, 67, GPS(-43.520690, 172.583124, 21.480722, var=[1.0, 1.0, 1.0]), 52.19090127513923, GPS(-43.520600, 172.583000, 0.000000, var=[-1.0, -1.0, -1.0])
20:48:23:528008, 1, 4, 1632988103.5279016, 72, GPS(-43.520510, 172.582876, 21.480958, var=[1.0, 1.0, 1.0]), 52.19157382713431, GPS(-43.520600, 172.583000, 0.000000, var=[-1.0, -1.0, -1.0])
20:48:23:529359, 2, 4, 1632988103.5279162, 72, GPS(-43.520510, 172.583123, 21.487008, var=[1.0, 1.0, 1.0]), 52.16562936983635, GPS(-43.520600, 172.583000, 0.000000, var=[-1.0, -1.0, -1.0])
20:48:23:553788, 3, 4, 1632988103.5533657, 71, GPS(-43.520690, 172.582876, 21.494670, var=[1.0, 1.0, 1.0]), 52.20321674016505, GPS(-43.520600, 172.583000, 0.000000, var=[-1.0, -1.0, -1.0])
20:48:23:554930, 4, 4, 1632988103.5535104, 68, GPS(-43.520690, 172.583124, 21.481722, var=[1.0, 1.0, 1.0]), 52.19671821867827, GPS(-43.520600, 172.583000, 0.000000, var=[-1.0, -1.0, -1.0])
20:48:23:555902, 1, 4, 1632988103.554012, 73, GPS(-43.520510, 172.582876, 21.480958, var=[1.0, 1.0, 1.0]), 52.19655545942956, GPS(-43.520600, 172.583000, 0.000000, var=[-1.0, -1.0, -1.0])
20:48:24:529243, 2, 4, 1632988104.5290937, 73, GPS(-43.520510, 172.583123, 21.500009, var=[1.0, 1.0, 1.0]), 52.203112594108575, GPS(-43.520600, 172.583000, 0.000000, var=[-1.0, -1.0, -1.0])
20:48:24:554568, 1, 4, 1632988104.5544415, 74, GPS(-43.520510, 172.582876, 21.507958, var=[1.0, 1.0, 1.0]), 52.23161740921462, GPS(-43.520600, 172.583000, 0.000000, var=[-1.0, -1.0, -1.0])
20:48:24:555597, 4, 4, 1632988104.5551956, 69, GPS(-43.520690, 172.583124, 21.489722, var=[1.0, 1.0, 1.0]), 52.20221770122896, GPS(-43.520600, 172.583000, 0.000000, var=[-1.0, -1.0, -1.0])
20:48:24:556590, 3, 4, 1632988104.5550032, 72, GPS(-43.520690, 172.582876, 21.503670, var=[1.0, 1.0, 1.0]), 52.217008014345566, GPS(-43.520600, 172.583000, 0.000000, var=[-1.0, -1.0, -1.0])
20:48:24:656645, 2, 4, 1632988104.6552722, 74, GPS(-43.520510, 172.583123, 21.504009, var=[1.0, 1.0, 1.0]), 52.2114537886541, GPS(-43.520600, 172.583000, 0.000000, var=[-1.0, -1.0, -1.0])
20:48:24:657583, 4, 4, 1632988104.6553082, 70, GPS(-43.520690, 172.583124, 21.492722, var=[1.0, 1.0, 1.0]), 52.20972192192649, GPS(-43.520600, 172.583000, 0.000000, var=[-1.0, -1.0, -1.0])
20:48:24:659214, 1, 4, 1632988104.655314, 75, GPS(-43.520510, 172.582876, 21.509958, var=[1.0, 1.0, 1.0]), 52.238285659686305, GPS(-43.520600, 172.583000, 0.000000, var=[-1.0, -1.0, -1.0])
20:48:24:660222, 3, 4, 1632988104.655294, 73, GPS(-43.520690, 172.582876, 21.502670, var=[1.0, 1.0, 1.0]), 52.21803399699352, GPS(-43.520600, 172.583000, 0.000000, var=[-1.0, -1.0, -1.0])
20:48:25:656689, 1, 4, 1632988105.6565473, 76, GPS(-43.520510, 172.582876, 21.513958, var=[1.0, 1.0, 1.0]), 52.256163292377494, GPS(-43.520600, 172.583000, 0.000000, var=[-1.0, -1.0, -1.0])
20:48:25:657901, 3, 4, 1632988105.6569905, 74, GPS(-43.520690, 172.582876, 21.501670, var=[1.0, 1.0, 1.0]), 52.218022670683695, GPS(-43.520600, 172.583000, 0.000000, var=[-1.0, -1.0, -1.0])
20:48:25:659037, 4, 4, 1632988105.6567206, 71, GPS(-43.520690, 172.583124, 21.501722, var=[1.0, 1.0, 1.0]), 52.20866153720135, GPS(-43.520600, 172.583000, 0.000000, var=[-1.0, -1.0, -1.0])
20:48:25:660024, 2, 4, 1632988105.6567538, 75, GPS(-43.520510, 172.583123, 21.508009, var=[1.0, 1.0, 1.0]), 52.22736822714166, GPS(-43.520600, 172.583000, 0.000000, var=[-1.0, -1.0, -1.0])
20:48:25:685346, 4, 4, 1632988105.6852198, 72, GPS(-43.520690, 172.583124, 21.500722, var=[1.0, 1.0, 1.0]), 52.20371092989264, GPS(-43.520600, 172.583000, 0.000000, var=[-1.0, -1.0, -1.0])
20:48:25:710577, 1, 4, 1632988105.7104113, 77, GPS(-43.520510, 172.582876, 21.513958, var=[1.0, 1.0, 1.0]), 52.254179268619424, GPS(-43.520600, 172.583000, 0.000000, var=[-1.0, -1.0, -1.0])
20:48:25:711976, 3, 4, 1632988105.711484, 75, GPS(-43.520690, 172.582876, 21.502670, var=[1.0, 1.0, 1.0]), 52.21687428073253, GPS(-43.520600, 172.583000, 0.000000, var=[-1.0, -1.0, -1.0])
20:48:25:737556, 2, 4, 1632988105.7374203, 76, GPS(-43.520510, 172.583123, 21.506009, var=[1.0, 1.0, 1.0]), 52.22371308518929, GPS(-43.520600, 172.583000, 0.000000, var=[-1.0, -1.0, -1.0])
20:48:26:687118, 4, 4, 1632988106.6856015, 73, GPS(-43.520690, 172.583124, 21.513722, var=[1.0, 1.0, 1.0]), 52.201839107157305, GPS(-43.520600, 172.583000, 0.000000, var=[-1.0, -1.0, -1.0])
20:48:26:688422, 3, 4, 1632988106.685608, 76, GPS(-43.520690, 172.582876, 21.498670, var=[1.0, 1.0, 1.0]), 52.2155053293199, GPS(-43.520600, 172.583000, 0.000000, var=[-1.0, -1.0, -1.0])
20:48:26:689169, 1, 4, 1632988106.6856139, 78, GPS(-43.520510, 172.582875, 21.511957, var=[1.0, 1.0, 1.0]), 52.2587911259252, GPS(-43.520600, 172.583000, 0.000000, var=[-1.0, -1.0, -1.0])
20:48:26:691230, 2, 4, 1632988106.6856182, 77, GPS(-43.520510, 172.583124, 21.519009, var=[1.0, 1.0, 1.0]), 52.23769540723832, GPS(-43.520600, 172.583000, 0.000000, var=[-1.0, -1.0, -1.0])
20:48:27:685828, 2, 4, 1632988107.685694, 78, GPS(-43.520510, 172.583124, 21.514009, var=[1.0, 1.0, 1.0]), 52.2428973454579, GPS(-43.520600, 172.583000, 0.000000, var=[-1.0, -1.0, -1.0])
20:48:27:687120, 3, 4, 1632988107.6857262, 77, GPS(-43.520690, 172.582876, 21.505670, var=[1.0, 1.0, 1.0]), 52.2295392931033, GPS(-43.520600, 172.583000, 0.000000, var=[-1.0, -1.0, -1.0])
20:48:27:687989, 1, 4, 1632988107.687552, 79, GPS(-43.520510, 172.582875, 21.509958, var=[1.0, 1.0, 1.0]), 52.275164177376844, GPS(-43.520600, 172.583000, 0.000000, var=[-1.0, -1.0, -1.0])
20:48:27:688745, 4, 4, 1632988107.6875403, 74, GPS(-43.520689, 172.583124, 21.509722, var=[1.0, 1.0, 1.0]), 52.19610602431001, GPS(-43.520600, 172.583000, 0.000000, var=[-1.0, -1.0, -1.0])
20:48:27:788705, 3, 4, 1632988107.7874272, 78, GPS(-43.520690, 172.582876, 21.505670, var=[1.0, 1.0, 1.0]), 52.23353927983673, GPS(-43.520600, 172.583000, 0.000000, var=[-1.0, -1.0, -1.0])
20:48:27:818545, 2, 4, 1632988107.7875414, 79, GPS(-43.520510, 172.583124, 21.512009, var=[1.0, 1.0, 1.0]), 52.24522655733028, GPS(-43.520600, 172.583000, 0.000000, var=[-1.0, -1.0, -1.0])
20:48:27:881506, 4, 4, 1632988107.7874563, 75, GPS(-43.520689, 172.583124, 21.508722, var=[1.0, 1.0, 1.0]), 52.1992692638584, GPS(-43.520600, 172.583000, 0.000000, var=[-1.0, -1.0, -1.0])
20:48:28:014372, 1, 4, 1632988107.7874863, 80, GPS(-43.520509, 172.582875, 21.509958, var=[1.0, 1.0, 1.0]), 52.283505909536515, GPS(-43.520600, 172.583000, 0.000000, var=[-1.0, -1.0, -1.0])
20:48:28:882117, 4, 5, 1632988108.7875617, 76, GPS(-43.520689, 172.583124, 21.499723, var=[1.0, 1.0, 1.0]), 52.194867096543156, GPS(-43.520600, 172.583000, 0.000000, var=[-1.0, -1.0, -1.0])
20:48:28:968188, 1, 5, 1632988108.7896273, 81, GPS(-43.520510, 172.582876, 21.498958, var=[1.0, 1.0, 1.0]), 52.26057035985367, GPS(-43.520600, 172.583000, 0.000000, var=[-1.0, -1.0, -1.0])
20:48:29:064920, 2, 5, 1632988108.7895615, 80, GPS(-43.520510, 172.583124, 21.507010, var=[1.0, 1.0, 1.0]), 52.24539319553605, GPS(-43.520600, 172.583000, 0.000000, var=[-1.0, -1.0, -1.0])
20:48:29:176115, 3, 5, 1632988108.789807, 79, GPS(-43.520690, 172.582876, 21.500670, var=[1.0, 1.0, 1.0]), 52.22621786676787, GPS(-43.520600, 172.583000, 0.000000, var=[-1.0, -1.0, -1.0])
20:48:29:287950, 4, 5, 1632988108.8818467, 77, GPS(-43.520689, 172.583124, 21.500723, var=[1.0, 1.0, 1.0]), 52.19570363687564, GPS(-43.520600, 172.583000, 0.000000, var=[-1.0, -1.0, -1.0])
20:48:29:409125, 1, 5, 1632988108.8818805, 82, GPS(-43.520510, 172.582876, 21.499958, var=[1.0, 1.0, 1.0]), 52.261404737463195, GPS(-43.520600, 172.583000, 0.000000, var=[-1.0, -1.0, -1.0])
20:48:29:508375, 2, 5, 1632988108.8818698, 81, GPS(-43.520510, 172.583124, 21.505010, var=[1.0, 1.0, 1.0]), 52.243722866760386, GPS(-43.520600, 172.583000, 0.000000, var=[-1.0, -1.0, -1.0])
20:48:29:603448, 3, 5, 1632988108.881874, 80, GPS(-43.520690, 172.582876, 21.501670, var=[1.0, 1.0, 1.0]), 52.227053424772265, GPS(-43.520600, 172.583000, 0.000000, var=[-1.0, -1.0, -1.0])
20:48:29:895713, 1, 5, 1632988109.8827362, 83, GPS(-43.520510, 172.582876, 21.498958, var=[1.0, 1.0, 1.0]), 52.26707132917394, GPS(-43.520600, 172.583000, 0.000000, var=[-1.0, -1.0, -1.0])
20:48:29:963131, 3, 5, 1632988109.8827384, 81, GPS(-43.520689, 172.582876, 21.493671, var=[1.0, 1.0, 1.0]), 52.216318251459235, GPS(-43.520600, 172.583000, 0.000000, var=[-1.0, -1.0, -1.0])
20:48:30:059302, 2, 5, 1632988109.8828998, 82, GPS(-43.520510, 172.583123, 21.505010, var=[1.0, 1.0, 1.0]), 52.25458076586965, GPS(-43.520600, 172.583000, 0.000000, var=[-1.0, -1.0, -1.0])
20:48:30:166211, 4, 5, 1632988109.8830423, 78, GPS(-43.520689, 172.583124, 21.505723, var=[1.0, 1.0, 1.0]), 52.21699356416561, GPS(-43.520600, 172.583000, 0.000000, var=[-1.0, -1.0, -1.0])
20:48:30:884357, 2, 5, 1632988110.8841884, 83, GPS(-43.520510, 172.583124, 21.528010, var=[1.0, 1.0, 1.0]), 51.98933075856954, GPS(-43.520600, 172.583010, 0.000000, var=[-1.0, -1.0, -1.0])
20:48:30:980580, 4, 5, 1632988110.8845882, 79, GPS(-43.520690, 172.583124, 21.524722, var=[1.0, 1.0, 1.0]), 51.95447683990217, GPS(-43.520600, 172.583010, 0.000000, var=[-1.0, -1.0, -1.0])
20:48:31:054181, 3, 5, 1632988110.8843496, 82, GPS(-43.520689, 172.582876, 21.519671, var=[1.0, 1.0, 1.0]), 52.5741950138392, GPS(-43.520600, 172.583010, 0.000000, var=[-1.0, -1.0, -1.0])
20:48:31:150657, 1, 5, 1632988110.884656, 84, GPS(-43.520510, 172.582876, 21.516958, var=[1.0, 1.0, 1.0]), 52.6160692828454, GPS(-43.520600, 172.583010, 0.000000, var=[-1.0, -1.0, -1.0])
20:48:31:248402, 2, 5, 1632988111.0668478, 84, GPS(-43.520510, 172.583124, 21.528010, var=[1.0, 1.0, 1.0]), 52.00409339899328, GPS(-43.520600, 172.583010, 0.000000, var=[-1.0, -1.0, -1.0])
20:48:31:353702, 4, 5, 1632988111.0310435, 80, GPS(-43.520690, 172.583124, 21.524722, var=[1.0, 1.0, 1.0]), 51.96923948032591, GPS(-43.520600, 172.583010, 0.000000, var=[-1.0, -1.0, -1.0])
20:48:31:463572, 3, 5, 1632988111.0482235, 83, GPS(-43.520690, 172.582876, 21.522671, var=[1.0, 1.0, 1.0]), 52.5956796189796, GPS(-43.520600, 172.583010, 0.000000, var=[-1.0, -1.0, -1.0])
20:48:31:540020, 1, 5, 1632988111.049538, 85, GPS(-43.520510, 172.582876, 21.520958, var=[1.0, 1.0, 1.0]), 52.63413012149843, GPS(-43.520600, 172.583010, 0.000000, var=[-1.0, -1.0, -1.0])
20:48:32:031794, 4, 5, 1632988112.0316575, 81, GPS(-43.520690, 172.583124, 21.523722, var=[1.0, 1.0, 1.0]), 51.73618631672262, GPS(-43.520600, 172.583020, 0.000000, var=[-1.0, -1.0, -1.0])
20:48:32:158953, 2, 5, 1632988112.1096778, 85, GPS(-43.520510, 172.583124, 21.521009, var=[1.0, 1.0, 1.0]), 51.73595469285455, GPS(-43.520600, 172.583020, 0.000000, var=[-1.0, -1.0, -1.0])
20:48:32:240141, 1, 5, 1632988112.0787392, 86, GPS(-43.520510, 172.582876, 21.520957, var=[1.0, 1.0, 1.0]), 52.99548658552281, GPS(-43.520600, 172.583020, 0.000000, var=[-1.0, -1.0, -1.0])
20:48:32:312629, 3, 5, 1632988112.093529, 84, GPS(-43.520690, 172.582876, 21.524670, var=[1.0, 1.0, 1.0]), 52.97393400673239, GPS(-43.520600, 172.583020, 0.000000, var=[-1.0, -1.0, -1.0])
20:48:32:378808, 4, 5, 1632988112.16799, 82, GPS(-43.520690, 172.583124, 21.524722, var=[1.0, 1.0, 1.0]), 51.73296830881316, GPS(-43.520600, 172.583020, 0.000000, var=[-1.0, -1.0, -1.0])
20:48:32:505310, 2, 5, 1632988112.1674552, 86, GPS(-43.520510, 172.583124, 21.520009, var=[1.0, 1.0, 1.0]), 51.73778434791756, GPS(-43.520600, 172.583020, 0.000000, var=[-1.0, -1.0, -1.0])
20:48:32:577359, 1, 5, 1632988112.1674836, 87, GPS(-43.520510, 172.582876, 21.519957, var=[1.0, 1.0, 1.0]), 52.99112670112122, GPS(-43.520600, 172.583020, 0.000000, var=[-1.0, -1.0, -1.0])
20:48:32:633584, 3, 5, 1632988112.1734447, 85, GPS(-43.520690, 172.582876, 21.526670, var=[1.0, 1.0, 1.0]), 52.97976012122706, GPS(-43.520600, 172.583020, 0.000000, var=[-1.0, -1.0, -1.0])
20:48:33:233972, 4, 5, 1632988113.1689386, 83, GPS(-43.520691, 172.583125, 21.515721, var=[1.0, 1.0, 1.0]), 51.59852032435541, GPS(-43.520600, 172.583030, 0.000000, var=[-1.0, -1.0, -1.0])
20:48:33:356628, 2, 5, 1632988113.1688304, 87, GPS(-43.520511, 172.583125, 21.517008, var=[1.0, 1.0, 1.0]), 51.53716975383989, GPS(-43.520600, 172.583030, 0.000000, var=[-1.0, -1.0, -1.0])
20:48:33:417703, 1, 5, 1632988113.169278, 88, GPS(-43.520511, 172.582877, 21.508956, var=[1.0, 1.0, 1.0]), 53.337264090723295, GPS(-43.520600, 172.583030, 0.000000, var=[-1.0, -1.0, -1.0])
20:48:33:514297, 3, 5, 1632988113.1923287, 86, GPS(-43.520691, 172.582877, 21.520669, var=[1.0, 1.0, 1.0]), 53.400279866244944, GPS(-43.520600, 172.583030, 0.000000, var=[-1.0, -1.0, -1.0])
20:48:33:621607, 4, 5, 1632988113.3131106, 84, GPS(-43.520691, 172.583125, 21.517720, var=[1.0, 1.0, 1.0]), 51.5998232680641, GPS(-43.520600, 172.583030, 0.000000, var=[-1.0, -1.0, -1.0])
20:48:33:718971, 2, 5, 1632988113.3173537, 88, GPS(-43.520511, 172.583125, 21.514008, var=[1.0, 1.0, 1.0]), 51.5163276093829, GPS(-43.520600, 172.583030, 0.000000, var=[-1.0, -1.0, -1.0])
20:48:33:780021, 1, 5, 1632988113.3118176, 89, GPS(-43.520511, 172.582877, 21.503956, var=[1.0, 1.0, 1.0]), 53.30728951990379, GPS(-43.520600, 172.583030, 0.000000, var=[-1.0, -1.0, -1.0])
20:48:33:835306, 3, 5, 1632988113.2971344, 87, GPS(-43.520691, 172.582877, 21.520669, var=[1.0, 1.0, 1.0]), 53.390561633466994, GPS(-43.520600, 172.583030, 0.000000, var=[-1.0, -1.0, -1.0])
20:48:34:298858, 3, 5, 1632988114.2987309, 88, GPS(-43.520692, 172.582880, 21.486668, var=[1.0, 1.0, 1.0]), 53.659169512017385, GPS(-43.520602, 172.583040, 0.000000, var=[-1.0, -1.0, -1.0])
20:48:34:400765, 2, 5, 1632988114.318683, 89, GPS(-43.520512, 172.583128, 21.514007, var=[1.0, 1.0, 1.0]), 51.45483861247444, GPS(-43.520602, 172.583040, 0.000000, var=[-1.0, -1.0, -1.0])
20:48:34:482883, 1, 5, 1632988114.3120403, 90, GPS(-43.520512, 172.582880, 21.498955, var=[1.0, 1.0, 1.0]), 53.66645844028952, GPS(-43.520602, 172.583040, 0.000000, var=[-1.0, -1.0, -1.0])
20:48:34:552759, 4, 5, 1632988114.3136327, 85, GPS(-43.520692, 172.583128, 21.511720, var=[1.0, 1.0, 1.0]), 51.42578610289773, GPS(-43.520602, 172.583040, 0.000000, var=[-1.0, -1.0, -1.0])
20:48:34:684698, 3, 5, 1632988114.4178061, 89, GPS(-43.520692, 172.582880, 21.485668, var=[1.0, 1.0, 1.0]), 53.64706232686514, GPS(-43.520602, 172.583040, 0.000000, var=[-1.0, -1.0, -1.0])
20:48:34:762671, 2, 5, 1632988114.418099, 90, GPS(-43.520512, 172.583129, 21.513007, var=[1.0, 1.0, 1.0]), 51.458764848054116, GPS(-43.520602, 172.583040, 0.000000, var=[-1.0, -1.0, -1.0])
20:48:34:855351, 1, 5, 1632988114.417856, 91, GPS(-43.520512, 172.582881, 21.497955, var=[1.0, 1.0, 1.0]), 53.64616525397916, GPS(-43.520602, 172.583040, 0.000000, var=[-1.0, -1.0, -1.0])
20:48:34:945144, 4, 5, 1632988114.424357, 86, GPS(-43.520692, 172.583129, 21.511720, var=[1.0, 1.0, 1.0]), 51.44186433817245, GPS(-43.520602, 172.583040, 0.000000, var=[-1.0, -1.0, -1.0])
20:48:35:452992, 1, 5, 1632988115.4187098, 92, GPS(-43.520512, 172.582886, 21.480957, var=[1.0, 1.0, 1.0]), 54.259193561537245, GPS(-43.520600, 172.583060, 0.000000, var=[-1.0, -1.0, -1.0])
20:48:35:558229, 3, 5, 1632988115.418821, 90, GPS(-43.520692, 172.582886, 21.485669, var=[1.0, 1.0, 1.0]), 54.43719305457564, GPS(-43.520600, 172.583060, 0.000000, var=[-1.0, -1.0, -1.0])
20:48:35:647654, 2, 5, 1632988115.4189966, 91, GPS(-43.520512, 172.583134, 21.501008, var=[1.0, 1.0, 1.0]), 51.1676274545954, GPS(-43.520600, 172.583060, 0.000000, var=[-1.0, -1.0, -1.0])
20:48:35:747384, 4, 5, 1632988115.4263916, 87, GPS(-43.520692, 172.583134, 21.496721, var=[1.0, 1.0, 1.0]), 51.33146042426496, GPS(-43.520600, 172.583060, 0.000000, var=[-1.0, -1.0, -1.0])
20:48:35:834199, 1, 5, 1632988115.5303469, 93, GPS(-43.520512, 172.582887, 21.478957, var=[1.0, 1.0, 1.0]), 54.232864783456066, GPS(-43.520600, 172.583060, 0.000000, var=[-1.0, -1.0, -1.0])
20:48:35:894464, 3, 5, 1632988115.5305295, 91, GPS(-43.520692, 172.582886, 21.484669, var=[1.0, 1.0, 1.0]), 54.39953581239934, GPS(-43.520600, 172.583060, 0.000000, var=[-1.0, -1.0, -1.0])
20:48:35:989752, 2, 5, 1632988115.5249043, 92, GPS(-43.520512, 172.583135, 21.498008, var=[1.0, 1.0, 1.0]), 51.187298890384156, GPS(-43.520600, 172.583060, 0.000000, var=[-1.0, -1.0, -1.0])
20:48:36:086756, 4, 5, 1632988115.5302334, 88, GPS(-43.520692, 172.583135, 21.492721, var=[1.0, 1.0, 1.0]), 51.33714730357556, GPS(-43.520600, 172.583060, 0.000000, var=[-1.0, -1.0, -1.0])
20:48:36:609137, 2, 5, 1632988116.5264747, 93, GPS(-43.520511, 172.583142, 21.474011, var=[1.0, 1.0, 1.0]), 51.15468477547088, GPS(-43.520600, 172.583070, 0.000000, var=[-1.0, -1.0, -1.0])
20:48:36:692496, 1, 5, 1632988116.5304413, 94, GPS(-43.520511, 172.582894, 21.463960, var=[1.0, 1.0, 1.0]), 54.36550988780252, GPS(-43.520600, 172.583070, 0.000000, var=[-1.0, -1.0, -1.0])
20:48:36:779995, 4, 5, 1632988116.5304964, 89, GPS(-43.520691, 172.583142, 21.469724, var=[1.0, 1.0, 1.0]), 51.21997837831114, GPS(-43.520600, 172.583070, 0.000000, var=[-1.0, -1.0, -1.0])
20:48:36:882639, 3, 5, 1632988116.5320997, 92, GPS(-43.520691, 172.582894, 21.462673, var=[1.0, 1.0, 1.0]), 54.421030965792866, GPS(-43.520600, 172.583070, 0.000000, var=[-1.0, -1.0, -1.0])
20:48:36:980791, 2, 5, 1632988116.6309729, 94, GPS(-43.520511, 172.583143, 21.470012, var=[1.0, 1.0, 1.0]), 51.171202433975864, GPS(-43.520600, 172.583070, 0.000000, var=[-1.0, -1.0, -1.0])
20:48:37:077207, 1, 5, 1632988116.6319044, 95, GPS(-43.520511, 172.582895, 21.463960, var=[1.0, 1.0, 1.0]), 54.33642988661792, GPS(-43.520600, 172.583070, 0.000000, var=[-1.0, -1.0, -1.0])
20:48:37:170425, 4, 5, 1632988116.6311636, 90, GPS(-43.520691, 172.583143, 21.467725, var=[1.0, 1.0, 1.0]), 51.231010247766044, GPS(-43.520600, 172.583070, 0.000000, var=[-1.0, -1.0, -1.0])
20:48:37:287149, 3, 5, 1632988116.6309845, 93, GPS(-43.520691, 172.582895, 21.460673, var=[1.0, 1.0, 1.0]), 54.390625051116416, GPS(-43.520600, 172.583070, 0.000000, var=[-1.0, -1.0, -1.0])
20:48:37:631962, 2, 5, 1632988117.6317003, 95, GPS(-43.520510, 172.583151, 21.447015, var=[1.0, 1.0, 1.0]), 51.421757401464994, GPS(-43.520605, 172.583080, 0.000000, var=[-1.0, -1.0, -1.0])
20:48:37:728512, 1, 5, 1632988117.6339164, 96, GPS(-43.520510, 172.582903, 21.451963, var=[1.0, 1.0, 1.0]), 54.69103750685824, GPS(-43.520605, 172.583080, 0.000000, var=[-1.0, -1.0, -1.0])
20:48:37:827483, 4, 5, 1632988117.6322498, 91, GPS(-43.520690, 172.583151, 21.447728, var=[1.0, 1.0, 1.0]), 50.93965906721799, GPS(-43.520605, 172.583080, 0.000000, var=[-1.0, -1.0, -1.0])
20:48:37:932436, 3, 5, 1632988117.632436, 94, GPS(-43.520690, 172.582902, 21.459676, var=[1.0, 1.0, 1.0]), 54.27568057051562, GPS(-43.520605, 172.583080, 0.000000, var=[-1.0, -1.0, -1.0])
20:48:37:984183, 2, 5, 1632988117.7330189, 96, GPS(-43.520510, 172.583152, 21.447015, var=[1.0, 1.0, 1.0]), 51.4369129102521, GPS(-43.520605, 172.583080, 0.000000, var=[-1.0, -1.0, -1.0])
20:48:38:056416, 1, 5, 1632988117.7330801, 97, GPS(-43.520510, 172.582903, 21.447963, var=[1.0, 1.0, 1.0]), 54.65902754867946, GPS(-43.520605, 172.583080, 0.000000, var=[-1.0, -1.0, -1.0])
20:48:38:148087, 4, 5, 1632988117.7331967, 92, GPS(-43.520690, 172.583152, 21.447728, var=[1.0, 1.0, 1.0]), 50.955031094808355, GPS(-43.520605, 172.583080, 0.000000, var=[-1.0, -1.0, -1.0])
20:48:38:262499, 3, 5, 1632988117.7330377, 95, GPS(-43.520690, 172.582903, 21.457676, var=[1.0, 1.0, 1.0]), 54.232165850493544, GPS(-43.520605, 172.583080, 0.000000, var=[-1.0, -1.0, -1.0])
20:48:38:733640, 3, 5, 1632988118.733504, 96, GPS(-43.520690, 172.582912, 21.452678, var=[1.0, 1.0, 1.0]), 54.13599521671655, GPS(-43.520610, 172.583090, 0.000000, var=[-1.0, -1.0, -1.0])
20:48:38:829075, 2, 5, 1632988118.73462, 97, GPS(-43.520510, 172.583160, 21.448017, var=[1.0, 1.0, 1.0]), 51.69420889367087, GPS(-43.520610, 172.583090, 0.000000, var=[-1.0, -1.0, -1.0])
20:48:38:922286, 1, 5, 1632988118.734112, 98, GPS(-43.520510, 172.582912, 21.440965, var=[1.0, 1.0, 1.0]), 54.982121909026766, GPS(-43.520610, 172.583090, 0.000000, var=[-1.0, -1.0, -1.0])
20:48:38:984472, 4, 5, 1632988118.7343378, 93, GPS(-43.520690, 172.583160, 21.441730, var=[1.0, 1.0, 1.0]), 50.73569594288111, GPS(-43.520610, 172.583090, 0.000000, var=[-1.0, -1.0, -1.0])
20:48:39:061333, 3, 5, 1632988118.9285438, 97, GPS(-43.520690, 172.582914, 21.444679, var=[1.0, 1.0, 1.0]), 54.05370981017906, GPS(-43.520610, 172.583090, 0.000000, var=[-1.0, -1.0, -1.0])
20:48:39:152365, 2, 5, 1632988118.9284487, 98, GPS(-43.520510, 172.583162, 21.449017, var=[1.0, 1.0, 1.0]), 51.72480035487976, GPS(-43.520610, 172.583090, 0.000000, var=[-1.0, -1.0, -1.0])
20:48:39:249088, 1, 5, 1632988118.9285772, 99, GPS(-43.520510, 172.582913, 21.439965, var=[1.0, 1.0, 1.0]), 54.90770543621471, GPS(-43.520610, 172.583090, 0.000000, var=[-1.0, -1.0, -1.0])
20:48:39:353851, 4, 5, 1632988118.9287739, 94, GPS(-43.520690, 172.583162, 21.442730, var=[1.0, 1.0, 1.0]), 50.7710147429693, GPS(-43.520610, 172.583090, 0.000000, var=[-1.0, -1.0, -1.0])
20:48:39:929229, 2, 5, 1632988119.9291036, 99, GPS(-43.520510, 172.583172, 21.437020, var=[1.0, 1.0, 1.0]), 51.67813997079702, GPS(-43.520610, 172.583100, 0.000000, var=[-1.0, -1.0, -1.0])
20:48:40:032613, 4, 5, 1632988119.9298923, 95, GPS(-43.520690, 172.583172, 21.429732, var=[1.0, 1.0, 1.0]), 50.728400182048304, GPS(-43.520610, 172.583100, 0.000000, var=[-1.0, -1.0, -1.0])
20:48:40:149336, 1, 5, 1632988119.9292362, 100, GPS(-43.520510, 172.582924, 21.440968, var=[1.0, 1.0, 1.0]), 54.842970466125934, GPS(-43.520610, 172.583100, 0.000000, var=[-1.0, -1.0, -1.0])
20:48:40:244485, 3, 5, 1632988119.929716, 98, GPS(-43.520690, 172.582924, 21.455680, var=[1.0, 1.0, 1.0]), 54.02514685151969, GPS(-43.520610, 172.583100, 0.000000, var=[-1.0, -1.0, -1.0])
20:48:40:323655, 2, 5, 1632988120.0962672, 100, GPS(-43.520510, 172.583174, 21.435020, var=[1.0, 1.0, 1.0]), 51.545233205152805, GPS(-43.520610, 172.583110, 0.000000, var=[-1.0, -1.0, -1.0])
20:48:40:396784, 4, 5, 1632988120.0916622, 96, GPS(-43.520690, 172.583174, 21.422732, var=[1.0, 1.0, 1.0]), 50.594095092372015, GPS(-43.520610, 172.583110, 0.000000, var=[-1.0, -1.0, -1.0])
20:48:40:510965, 1, 5, 1632988120.1015408, 101, GPS(-43.520510, 172.582926, 21.440968, var=[1.0, 1.0, 1.0]), 55.18472555975485, GPS(-43.520610, 172.583110, 0.000000, var=[-1.0, -1.0, -1.0])
20:48:40:607325, 3, 5, 1632988120.1057582, 99, GPS(-43.520690, 172.582926, 21.453681, var=[1.0, 1.0, 1.0]), 54.38379165420569, GPS(-43.520610, 172.583110, 0.000000, var=[-1.0, -1.0, -1.0])
20:48:41:095997, 4, 5, 1632988121.0929294, 97, GPS(-43.520690, 172.583185, 21.428734, var=[1.0, 1.0, 1.0]), 50.740018983884035, GPS(-43.520611, 172.583110, 0.000000, var=[-1.0, -1.0, -1.0])
20:48:41:205200, 2, 5, 1632988121.1662998, 101, GPS(-43.520510, 172.583186, 21.420021, var=[1.0, 1.0, 1.0]), 51.63329430746411, GPS(-43.520611, 172.583110, 0.000000, var=[-1.0, -1.0, -1.0])
20:48:41:281454, 1, 5, 1632988121.1481886, 102, GPS(-43.520511, 172.582938, 21.432969, var=[1.0, 1.0, 1.0]), 54.590321161046255, GPS(-43.520611, 172.583110, 0.000000, var=[-1.0, -1.0, -1.0])
20:48:41:396920, 3, 5, 1632988121.161143, 100, GPS(-43.520690, 172.582937, 21.451682, var=[1.0, 1.0, 1.0]), 53.7591740305419, GPS(-43.520611, 172.583110, 0.000000, var=[-1.0, -1.0, -1.0])
20:48:41:494450, 4, 5, 1632988121.2096982, 98, GPS(-43.520691, 172.583186, 21.429734, var=[1.0, 1.0, 1.0]), 50.6912497129327, GPS(-43.520611, 172.583110, 0.000000, var=[-1.0, -1.0, -1.0])
20:48:41:609636, 2, 5, 1632988121.209662, 102, GPS(-43.520510, 172.583186, 21.420021, var=[1.0, 1.0, 1.0]), 51.64122215570081, GPS(-43.520611, 172.583110, 0.000000, var=[-1.0, -1.0, -1.0])
20:48:41:706338, 1, 5, 1632988121.209716, 103, GPS(-43.520511, 172.582938, 21.431969, var=[1.0, 1.0, 1.0]), 54.556985383965106, GPS(-43.520611, 172.583110, 0.000000, var=[-1.0, -1.0, -1.0])
20:48:41:762253, 3, 5, 1632988121.210613, 101, GPS(-43.520691, 172.582938, 21.448682, var=[1.0, 1.0, 1.0]), 53.73143504681954, GPS(-43.520611, 172.583110, 0.000000, var=[-1.0, -1.0, -1.0])
20:48:42:210139, 1, 5, 1632988122.2099736, 104, GPS(-43.520513, 172.582947, 21.408968, var=[1.0, 1.0, 1.0]), 54.50430074610178, GPS(-43.520610, 172.583120, 0.000000, var=[-1.0, -1.0, -1.0])
20:48:42:277925, 3, 5, 1632988122.212006, 102, GPS(-43.520693, 172.582948, 21.426681, var=[1.0, 1.0, 1.0]), 53.90205794768181, GPS(-43.520610, 172.583120, 0.000000, var=[-1.0, -1.0, -1.0])
20:48:42:341971, 2, 5, 1632988122.2110734, 103, GPS(-43.520513, 172.583195, 21.416020, var=[1.0, 1.0, 1.0]), 51.528936227772306, GPS(-43.520610, 172.583120, 0.000000, var=[-1.0, -1.0, -1.0])
20:48:42:399831, 4, 5, 1632988122.211145, 99, GPS(-43.520693, 172.583195, 21.428732, var=[1.0, 1.0, 1.0]), 50.867849891631764, GPS(-43.520610, 172.583120, 0.000000, var=[-1.0, -1.0, -1.0])
20:48:42:525799, 1, 5, 1632988122.311029, 105, GPS(-43.520513, 172.582948, 21.406968, var=[1.0, 1.0, 1.0]), 54.457427720200684, GPS(-43.520610, 172.583120, 0.000000, var=[-1.0, -1.0, -1.0])
20:48:42:603447, 3, 5, 1632988122.3110533, 103, GPS(-43.520693, 172.582949, 21.424680, var=[1.0, 1.0, 1.0]), 53.87472328256873, GPS(-43.520610, 172.583120, 0.000000, var=[-1.0, -1.0, -1.0])
20:48:42:691594, 2, 5, 1632988122.3110762, 104, GPS(-43.520513, 172.583196, 21.411019, var=[1.0, 1.0, 1.0]), 51.52796705452842, GPS(-43.520610, 172.583120, 0.000000, var=[-1.0, -1.0, -1.0])
20:48:42:787455, 4, 5, 1632988122.311177, 100, GPS(-43.520693, 172.583196, 21.425732, var=[1.0, 1.0, 1.0]), 50.894288606525464, GPS(-43.520610, 172.583120, 0.000000, var=[-1.0, -1.0, -1.0])
20:48:43:311211, 1, 5, 1632988123.3110666, 106, GPS(-43.520516, 172.582956, 21.411964, var=[1.0, 1.0, 1.0]), 54.38681990284898, GPS(-43.520610, 172.583130, 0.000000, var=[-1.0, -1.0, -1.0])
20:48:43:397898, 4, 5, 1632988123.3132083, 101, GPS(-43.520696, 172.583204, 21.414729, var=[1.0, 1.0, 1.0]), 50.93259814512126, GPS(-43.520610, 172.583130, 0.000000, var=[-1.0, -1.0, -1.0])
20:48:43:504860, 2, 5, 1632988123.3111494, 105, GPS(-43.520516, 172.583204, 21.414015, var=[1.0, 1.0, 1.0]), 51.28334637876736, GPS(-43.520610, 172.583130, 0.000000, var=[-1.0, -1.0, -1.0])
20:48:43:557719, 3, 5, 1632988123.3115082, 104, GPS(-43.520696, 172.582956, 21.407677, var=[1.0, 1.0, 1.0]), 54.05610158273668, GPS(-43.520610, 172.583130, 0.000000, var=[-1.0, -1.0, -1.0])
20:48:43:603463, 1, 5, 1632988123.5003955, 107, GPS(-43.520517, 172.582957, 21.413963, var=[1.0, 1.0, 1.0]), 54.2434117591213, GPS(-43.520610, 172.583130, 0.000000, var=[-1.0, -1.0, -1.0])
20:48:43:681217, 4, 5, 1632988123.5003848, 102, GPS(-43.520697, 172.583205, 21.413728, var=[1.0, 1.0, 1.0]), 50.93162561531435, GPS(-43.520610, 172.583130, 0.000000, var=[-1.0, -1.0, -1.0])
20:48:43:774613, 2, 5, 1632988123.5004017, 106, GPS(-43.520517, 172.583206, 21.413015, var=[1.0, 1.0, 1.0]), 51.22959274750171, GPS(-43.520610, 172.583130, 0.000000, var=[-1.0, -1.0, -1.0])
20:48:43:828175, 3, 5, 1632988123.5003703, 105, GPS(-43.520697, 172.582958, 21.406676, var=[1.0, 1.0, 1.0]), 53.95400989334503, GPS(-43.520610, 172.583130, 0.000000, var=[-1.0, -1.0, -1.0])
20:48:44:500989, 3, 5, 1632988124.5008435, 106, GPS(-43.520700, 172.582966, 21.408673, var=[1.0, 1.0, 1.0]), 54.23059793640607, GPS(-43.520610, 172.583140, 0.000000, var=[-1.0, -1.0, -1.0])
20:48:44:576974, 4, 5, 1632988124.5022442, 103, GPS(-43.520699, 172.583214, 21.412725, var=[1.0, 1.0, 1.0]), 51.13454544034441, GPS(-43.520610, 172.583140, 0.000000, var=[-1.0, -1.0, -1.0])
20:48:44:691031, 2, 5, 1632988124.5009003, 107, GPS(-43.520520, 172.583215, 21.408012, var=[1.0, 1.0, 1.0]), 51.16312362428441, GPS(-43.520610, 172.583140, 0.000000, var=[-1.0, -1.0, -1.0])
20:48:44:805019, 1, 5, 1632988124.5012877, 108, GPS(-43.520520, 172.582966, 21.414960, var=[1.0, 1.0, 1.0]), 54.263895805991574, GPS(-43.520610, 172.583140, 0.000000, var=[-1.0, -1.0, -1.0])
20:48:44:860853, 3, 5, 1632988124.6428576, 107, GPS(-43.520700, 172.582967, 21.406673, var=[1.0, 1.0, 1.0]), 54.105363237130746, GPS(-43.520610, 172.583140, 0.000000, var=[-1.0, -1.0, -1.0])
20:48:44:930035, 4, 5, 1632988124.6423125, 104, GPS(-43.520700, 172.583215, 21.412725, var=[1.0, 1.0, 1.0]), 51.08406651841737, GPS(-43.520610, 172.583140, 0.000000, var=[-1.0, -1.0, -1.0])
20:48:45:034409, 2, 5, 1632988124.6597083, 108, GPS(-43.520520, 172.583216, 21.412012, var=[1.0, 1.0, 1.0]), 51.08848795165086, GPS(-43.520610, 172.583140, 0.000000, var=[-1.0, -1.0, -1.0])
20:48:45:107688, 1, 5, 1632988124.6506467, 109, GPS(-43.520520, 172.582967, 21.414960, var=[1.0, 1.0, 1.0]), 54.11589737414466, GPS(-43.520610, 172.583140, 0.000000, var=[-1.0, -1.0, -1.0])
20:48:45:643515, 4, 5, 1632988125.6431515, 105, GPS(-43.520701, 172.583224, 21.417725, var=[1.0, 1.0, 1.0]), 51.00398937918897, GPS(-43.520614, 172.583150, 0.000000, var=[-1.0, -1.0, -1.0])
20:48:45:728532, 3, 5, 1632988125.64322, 108, GPS(-43.520701, 172.582975, 21.417673, var=[1.0, 1.0, 1.0]), 54.15834040187141, GPS(-43.520614, 172.583150, 0.000000, var=[-1.0, -1.0, -1.0])
20:48:45:780175, 2, 5, 1632988125.680674, 109, GPS(-43.520521, 172.583224, 21.426012, var=[1.0, 1.0, 1.0]), 51.21438241823222, GPS(-43.520614, 172.583150, 0.000000, var=[-1.0, -1.0, -1.0])
20:48:45:834646, 1, 5, 1632988125.6899397, 110, GPS(-43.520521, 172.582976, 21.424961, var=[1.0, 1.0, 1.0]), 54.34258146271273, GPS(-43.520614, 172.583150, 0.000000, var=[-1.0, -1.0, -1.0])
20:48:45:907061, 4, 5, 1632988125.7612517, 106, GPS(-43.520701, 172.583225, 21.416725, var=[1.0, 1.0, 1.0]), 50.954904490055725, GPS(-43.520614, 172.583150, 0.000000, var=[-1.0, -1.0, -1.0])
20:48:46:019096, 3, 5, 1632988125.7608058, 109, GPS(-43.520701, 172.582976, 21.417673, var=[1.0, 1.0, 1.0]), 54.0572000920184, GPS(-43.520614, 172.583150, 0.000000, var=[-1.0, -1.0, -1.0])
20:48:46:102628, 2, 5, 1632988125.7608871, 110, GPS(-43.520521, 172.583224, 21.425012, var=[1.0, 1.0, 1.0]), 51.22526477783009, GPS(-43.520614, 172.583150, 0.000000, var=[-1.0, -1.0, -1.0])
20:48:46:160520, 1, 5, 1632988125.7610855, 111, GPS(-43.520521, 172.582976, 21.424961, var=[1.0, 1.0, 1.0]), 54.32208365532891, GPS(-43.520614, 172.583150, 0.000000, var=[-1.0, -1.0, -1.0])
20:48:46:846195, 4, 5, 1632988126.7615976, 107, GPS(-43.520700, 172.583233, 21.418728, var=[1.0, 1.0, 1.0]), 51.18091581427299, GPS(-43.520610, 172.583160, 0.000000, var=[-1.0, -1.0, -1.0])
20:48:46:946919, 1, 5, 1632988126.762211, 112, GPS(-43.520520, 172.582985, 21.418963, var=[1.0, 1.0, 1.0]), 54.32544378211502, GPS(-43.520610, 172.583160, 0.000000, var=[-1.0, -1.0, -1.0])
20:48:47:044135, 3, 5, 1632988126.7623186, 110, GPS(-43.520700, 172.582985, 21.425676, var=[1.0, 1.0, 1.0]), 54.35478276671643, GPS(-43.520610, 172.583160, 0.000000, var=[-1.0, -1.0, -1.0])
20:48:47:139165, 2, 5, 1632988126.762606, 111, GPS(-43.520521, 172.583233, 21.421015, var=[1.0, 1.0, 1.0]), 51.132707596887855, GPS(-43.520610, 172.583160, 0.000000, var=[-1.0, -1.0, -1.0])
20:48:47:193926, 4, 5, 1632988126.888498, 108, GPS(-43.520700, 172.583234, 21.416728, var=[1.0, 1.0, 1.0]), 51.09834252971699, GPS(-43.520610, 172.583160, 0.000000, var=[-1.0, -1.0, -1.0])
20:48:47:325137, 1, 5, 1632988126.9218261, 113, GPS(-43.520520, 172.582986, 21.418964, var=[1.0, 1.0, 1.0]), 54.171949731204265, GPS(-43.520610, 172.583160, 0.000000, var=[-1.0, -1.0, -1.0])
20:48:47:419539, 3, 5, 1632988126.8841722, 111, GPS(-43.520700, 172.582986, 21.423676, var=[1.0, 1.0, 1.0]), 54.19995511519727, GPS(-43.520610, 172.583160, 0.000000, var=[-1.0, -1.0, -1.0])
20:48:47:505400, 2, 5, 1632988126.8949814, 112, GPS(-43.520521, 172.583234, 21.419015, var=[1.0, 1.0, 1.0]), 51.05930021033124, GPS(-43.520610, 172.583160, 0.000000, var=[-1.0, -1.0, -1.0])
20:48:47:959973, 3, 5, 1632988127.8846307, 112, GPS(-43.520699, 172.582996, 21.404680, var=[1.0, 1.0, 1.0]), 54.241231228307804, GPS(-43.520610, 172.583170, 0.000000, var=[-1.0, -1.0, -1.0])
20:48:48:061922, 4, 5, 1632988127.8917217, 109, GPS(-43.520700, 172.583243, 21.417731, var=[1.0, 1.0, 1.0]), 51.12899358565012, GPS(-43.520610, 172.583170, 0.000000, var=[-1.0, -1.0, -1.0])
20:48:48:161886, 2, 5, 1632988127.896188, 113, GPS(-43.520520, 172.583243, 21.418018, var=[1.0, 1.0, 1.0]), 51.156619779752816, GPS(-43.520610, 172.583170, 0.000000, var=[-1.0, -1.0, -1.0])
20:48:48:241068, 1, 5, 1632988127.923394, 114, GPS(-43.520520, 172.582996, 21.424967, var=[1.0, 1.0, 1.0]), 54.29743092638243, GPS(-43.520610, 172.583170, 0.000000, var=[-1.0, -1.0, -1.0])
20:48:48:294992, 3, 5, 1632988128.0232296, 113, GPS(-43.520699, 172.582997, 21.404680, var=[1.0, 1.0, 1.0]), 54.17551099961392, GPS(-43.520610, 172.583170, 0.000000, var=[-1.0, -1.0, -1.0])
20:48:48:350458, 4, 5, 1632988128.0233781, 110, GPS(-43.520699, 172.583245, 21.418732, var=[1.0, 1.0, 1.0]), 51.15101687944593, GPS(-43.520610, 172.583170, 0.000000, var=[-1.0, -1.0, -1.0])
20:48:48:450918, 2, 5, 1632988128.023109, 114, GPS(-43.520520, 172.583245, 21.417019, var=[1.0, 1.0, 1.0]), 51.18398380303829, GPS(-43.520610, 172.583170, 0.000000, var=[-1.0, -1.0, -1.0])
20:48:48:506440, 1, 5, 1632988128.023079, 115, GPS(-43.520520, 172.582997, 21.420967, var=[1.0, 1.0, 1.0]), 54.257289515582436, GPS(-43.520610, 172.583170, 0.000000, var=[-1.0, -1.0, -1.0])
20:48:49:024541, 2, 5, 1632988129.0243788, 115, GPS(-43.520519, 172.583255, 21.415022, var=[1.0, 1.0, 1.0]), 51.188292431935075, GPS(-43.520610, 172.583180, 0.000000, var=[-1.0, -1.0, -1.0])
20:48:49:125162, 4, 5, 1632988129.025075, 111, GPS(-43.520699, 172.583255, 21.406734, var=[1.0, 1.0, 1.0]), 51.11001963859653, GPS(-43.520610, 172.583180, 0.000000, var=[-1.0, -1.0, -1.0])
20:48:49:233691, 1, 5, 1632988129.02477, 116, GPS(-43.520519, 172.583007, 21.416970, var=[1.0, 1.0, 1.0]), 54.24553769012664, GPS(-43.520610, 172.583180, 0.000000, var=[-1.0, -1.0, -1.0])
20:48:49:328444, 3, 5, 1632988129.0248992, 114, GPS(-43.520699, 172.583007, 21.415683, var=[1.0, 1.0, 1.0]), 54.14720070939513, GPS(-43.520610, 172.583180, 0.000000, var=[-1.0, -1.0, -1.0])
20:48:49:412560, 2, 5, 1632988129.1922889, 116, GPS(-43.520519, 172.583257, 21.410022, var=[1.0, 1.0, 1.0]), 51.121461411784125, GPS(-43.520610, 172.583180, 0.000000, var=[-1.0, -1.0, -1.0])
20:48:49:507097, 4, 5, 1632988129.1921651, 112, GPS(-43.520699, 172.583257, 21.397735, var=[1.0, 1.0, 1.0]), 51.04187637304936, GPS(-43.520610, 172.583180, 0.000000, var=[-1.0, -1.0, -1.0])
20:48:49:618942, 1, 5, 1632988129.1929736, 117, GPS(-43.520519, 172.583009, 21.416970, var=[1.0, 1.0, 1.0]), 54.06524628612641, GPS(-43.520610, 172.583180, 0.000000, var=[-1.0, -1.0, -1.0])
20:48:49:708295, 3, 5, 1632988129.2211018, 115, GPS(-43.520699, 172.583009, 21.414684, var=[1.0, 1.0, 1.0]), 53.97418996979353, GPS(-43.520610, 172.583180, 0.000000, var=[-1.0, -1.0, -1.0])
20:48:50:194014, 2, 5, 1632988130.193879, 117, GPS(-43.520520, 172.583266, 21.389023, var=[1.0, 1.0, 1.0]), 51.24923371779231, GPS(-43.520610, 172.583180, 0.000000, var=[-1.0, -1.0, -1.0])
20:48:50:293894, 3, 5, 1632988130.222299, 116, GPS(-43.520699, 172.583019, 21.403685, var=[1.0, 1.0, 1.0]), 53.561046123379256, GPS(-43.520610, 172.583180, 0.000000, var=[-1.0, -1.0, -1.0])
20:48:50:350507, 4, 5, 1632988130.194081, 113, GPS(-43.520700, 172.583267, 21.374736, var=[1.0, 1.0, 1.0]), 51.20747288151, GPS(-43.520610, 172.583180, 0.000000, var=[-1.0, -1.0, -1.0])
STOP: 09/30/2021 20:48:51:062072
