START: 09/21/2021 11:36:16:073916
TIME,            STATES_LIST;          TARGET_FILT_CART;          TARGET_FILT_GPS;          TARGET_REAL_GPS;          TX_FILT_CART;          TX_FILT_GPS;          TX_REAL_GPS;          MULTILATERATION_ERROR;          MODE;          
11:42:32:292473; [1, 1, 1, 1]3; None; GPS(-43.522185, 172.577422, 20.000000, var=[-1.0, -1.0, -1.0]); GPS(-43.522185, 172.577422, 20.000000, var=[-1.0, -1.0, -1.0]); None; GPS(-43.522185, 172.577422, 35.000000, var=[-1.0, -1.0, -1.0]); GPS(-43.522175, 172.577445, 26.378133, var=[1.0, 1.0, 1.0]); 0.0; OFFBOARD
11:42:32:293550; [1, 2, 2, 2]3; None; GPS(-43.522185, 172.577422, 20.000000, var=[-1.0, -1.0, -1.0]); GPS(-43.522185, 172.577422, 20.000000, var=[-1.0, -1.0, -1.0]); None; GPS(-43.522185, 172.577422, 35.000000, var=[-1.0, -1.0, -1.0]); GPS(-43.522175, 172.577445, 26.378133, var=[1.0, 1.0, 1.0]); 0.0; OFFBOARD
11:42:33:769184; [1, 3, 3, 3]3; None; GPS(-43.522185, 172.577422, 20.000000, var=[-1.0, -1.0, -1.0]); GPS(-43.522185, 172.577422, 20.000000, var=[-1.0, -1.0, -1.0]); None; GPS(-43.522185, 172.577422, 35.000000, var=[-1.0, -1.0, -1.0]); GPS(-43.522176, 172.577445, 26.766133, var=[1.0, 1.0, 1.0]); 0.0; OFFBOARD
11:42:33:968932; [1, 3, 3, 3]3; None; GPS(-43.522185, 172.577422, 20.000000, var=[-1.0, -1.0, -1.0]); GPS(-43.522185, 172.577422, 20.000000, var=[-1.0, -1.0, -1.0]); None; GPS(-43.522185, 172.577422, 35.000000, var=[-1.0, -1.0, -1.0]); GPS(-43.522176, 172.577445, 27.220133, var=[1.0, 1.0, 1.0]); 0.0; OFFBOARD
11:42:34:198703; [1, 3, 3, 3]3; None; GPS(-43.522185, 172.577422, 20.000000, var=[-1.0, -1.0, -1.0]); GPS(-43.522185, 172.577422, 20.000000, var=[-1.0, -1.0, -1.0]); None; GPS(-43.522185, 172.577422, 35.000000, var=[-1.0, -1.0, -1.0]); GPS(-43.522176, 172.577443, 27.854131, var=[1.0, 1.0, 1.0]); 0.0; OFFBOARD
11:42:34:399674; [1, 3, 3, 3]3; None; GPS(-43.522185, 172.577422, 20.000000, var=[-1.0, -1.0, -1.0]); GPS(-43.522185, 172.577422, 20.000000, var=[-1.0, -1.0, -1.0]); None; GPS(-43.522185, 172.577422, 35.000000, var=[-1.0, -1.0, -1.0]); GPS(-43.522177, 172.577441, 28.431129, var=[1.0, 1.0, 1.0]); 0.0; OFFBOARD
11:42:34:570004; [1, 3, 3, 3]3; None; GPS(-43.522185, 172.577422, 20.000000, var=[-1.0, -1.0, -1.0]); GPS(-43.522185, 172.577422, 20.000000, var=[-1.0, -1.0, -1.0]); None; GPS(-43.522185, 172.577422, 35.000000, var=[-1.0, -1.0, -1.0]); GPS(-43.522178, 172.577439, 28.895127, var=[1.0, 1.0, 1.0]); 0.0; OFFBOARD
11:42:34:747992; [1, 3, 3, 3]3; None; GPS(-43.522185, 172.577422, 20.000000, var=[-1.0, -1.0, -1.0]); GPS(-43.522185, 172.577422, 20.000000, var=[-1.0, -1.0, -1.0]); None; GPS(-43.522185, 172.577422, 35.000000, var=[-1.0, -1.0, -1.0]); GPS(-43.522180, 172.577437, 29.419124, var=[1.0, 1.0, 1.0]); 0.0; OFFBOARD
11:42:34:934774; [1, 3, 3, 3]3; None; GPS(-43.522185, 172.577422, 20.000000, var=[-1.0, -1.0, -1.0]); GPS(-43.522185, 172.577422, 20.000000, var=[-1.0, -1.0, -1.0]); None; GPS(-43.522185, 172.577422, 35.000000, var=[-1.0, -1.0, -1.0]); GPS(-43.522181, 172.577434, 29.944122, var=[1.0, 1.0, 1.0]); 0.0; OFFBOARD
11:42:35:124165; [1, 3, 3, 3]3; None; GPS(-43.522185, 172.577422, 20.000000, var=[-1.0, -1.0, -1.0]); GPS(-43.522185, 172.577422, 20.000000, var=[-1.0, -1.0, -1.0]); None; GPS(-43.522185, 172.577422, 35.000000, var=[-1.0, -1.0, -1.0]); GPS(-43.522182, 172.577432, 30.459120, var=[1.0, 1.0, 1.0]); 0.0; OFFBOARD
11:42:35:327003; [1, 3, 3, 3]4; None; GPS(-43.522185, 172.577422, 20.000000, var=[-1.0, -1.0, -1.0]); GPS(-43.522185, 172.577422, 20.000000, var=[-1.0, -1.0, -1.0]); None; GPS(-43.522185, 172.577422, 35.000000, var=[-1.0, -1.0, -1.0]); GPS(-43.522183, 172.577430, 30.981118, var=[1.0, 1.0, 1.0]); 0.0; OFFBOARD
11:42:35:517594; [1, 3, 3, 3]4; None; GPS(-43.522185, 172.577422, 20.000000, var=[-1.0, -1.0, -1.0]); GPS(-43.522185, 172.577422, 20.000000, var=[-1.0, -1.0, -1.0]); None; GPS(-43.522185, 172.577422, 35.000000, var=[-1.0, -1.0, -1.0]); GPS(-43.522184, 172.577428, 31.503116, var=[1.0, 1.0, 1.0]); 0.0; OFFBOARD
11:42:35:713842; [1, 3, 3, 3]4; None; GPS(-43.522185, 172.577422, 20.000000, var=[-1.0, -1.0, -1.0]); GPS(-43.522185, 172.577422, 20.000000, var=[-1.0, -1.0, -1.0]); None; GPS(-43.522185, 172.577422, 35.000000, var=[-1.0, -1.0, -1.0]); GPS(-43.522184, 172.577426, 32.029114, var=[1.0, 1.0, 1.0]); 0.0; OFFBOARD
11:42:35:938262; [1, 3, 3, 3]4; None; GPS(-43.522185, 172.577422, 20.000000, var=[-1.0, -1.0, -1.0]); GPS(-43.522185, 172.577422, 20.000000, var=[-1.0, -1.0, -1.0]); None; GPS(-43.522185, 172.577422, 35.000000, var=[-1.0, -1.0, -1.0]); GPS(-43.522185, 172.577425, 32.676113, var=[1.0, 1.0, 1.0]); 0.0; OFFBOARD
11:42:36:148538; [1, 3, 3, 3]4; None; GPS(-43.522185, 172.577422, 20.000000, var=[-1.0, -1.0, -1.0]); GPS(-43.522185, 172.577422, 20.000000, var=[-1.0, -1.0, -1.0]); None; GPS(-43.522185, 172.577422, 35.000000, var=[-1.0, -1.0, -1.0]); GPS(-43.522186, 172.577423, 33.325112, var=[1.0, 1.0, 1.0]); 0.0; OFFBOARD
11:42:36:332319; [1, 3, 3, 3]4; None; GPS(-43.522185, 172.577422, 20.000000, var=[-1.0, -1.0, -1.0]); GPS(-43.522185, 172.577422, 20.000000, var=[-1.0, -1.0, -1.0]); None; GPS(-43.522185, 172.577422, 35.000000, var=[-1.0, -1.0, -1.0]); GPS(-43.522186, 172.577423, 33.798111, var=[1.0, 1.0, 1.0]); 0.0; OFFBOARD
11:42:36:538441; [1, 3, 3, 3]4; None; GPS(-43.522185, 172.577422, 20.000000, var=[-1.0, -1.0, -1.0]); GPS(-43.522185, 172.577422, 20.000000, var=[-1.0, -1.0, -1.0]); None; GPS(-43.522185, 172.577422, 35.000000, var=[-1.0, -1.0, -1.0]); GPS(-43.522186, 172.577422, 34.386111, var=[1.0, 1.0, 1.0]); 0.0; OFFBOARD
11:42:36:730622; [1, 3, 3, 3]4; None; GPS(-43.522185, 172.577422, 20.000000, var=[-1.0, -1.0, -1.0]); GPS(-43.522185, 172.577422, 20.000000, var=[-1.0, -1.0, -1.0]); None; GPS(-43.522185, 172.577422, 35.000000, var=[-1.0, -1.0, -1.0]); GPS(-43.522186, 172.577422, 34.974111, var=[1.0, 1.0, 1.0]); 0.0; OFFBOARD
11:42:36:946051; [1, 3, 3, 3]4; None; GPS(-43.522185, 172.577422, 20.000000, var=[-1.0, -1.0, -1.0]); GPS(-43.522185, 172.577422, 20.000000, var=[-1.0, -1.0, -1.0]); None; GPS(-43.522185, 172.577422, 35.000000, var=[-1.0, -1.0, -1.0]); GPS(-43.522186, 172.577421, 35.565111, var=[1.0, 1.0, 1.0]); 0.0; OFFBOARD
11:42:37:139204; [1, 3, 3, 3]4; None; GPS(-43.522185, 172.577422, 20.000000, var=[-1.0, -1.0, -1.0]); GPS(-43.522185, 172.577422, 20.000000, var=[-1.0, -1.0, -1.0]); None; GPS(-43.522185, 172.577422, 35.000000, var=[-1.0, -1.0, -1.0]); GPS(-43.522186, 172.577421, 36.041111, var=[1.0, 1.0, 1.0]); 0.0; OFFBOARD
11:42:37:313903; [1, 3, 3, 3]4; None; GPS(-43.522185, 172.577422, 20.000000, var=[-1.0, -1.0, -1.0]); GPS(-43.522185, 172.577422, 20.000000, var=[-1.0, -1.0, -1.0]); None; GPS(-43.522185, 172.577422, 35.000000, var=[-1.0, -1.0, -1.0]); GPS(-43.522186, 172.577421, 36.514111, var=[1.0, 1.0, 1.0]); 0.0; OFFBOARD
11:42:37:585308; [1, 3, 3, 3]4; None; GPS(-43.522185, 172.577422, 20.000000, var=[-1.0, -1.0, -1.0]); GPS(-43.522185, 172.577422, 20.000000, var=[-1.0, -1.0, -1.0]); None; GPS(-43.522185, 172.577422, 35.000000, var=[-1.0, -1.0, -1.0]); GPS(-43.522185, 172.577421, 37.280111, var=[1.0, 1.0, 1.0]); 0.0; OFFBOARD
11:42:37:776500; [1, 3, 3, 4]4; None; GPS(-43.522185, 172.577422, 20.000000, var=[-1.0, -1.0, -1.0]); GPS(-43.522185, 172.577422, 20.000000, var=[-1.0, -1.0, -1.0]); None; GPS(-43.522185, 172.577422, 35.000000, var=[-1.0, -1.0, -1.0]); GPS(-43.522185, 172.577421, 37.812112, var=[1.0, 1.0, 1.0]); 0.0; OFFBOARD
11:42:37:956367; [1, 3, 3, 4]4; None; GPS(-43.522185, 172.577422, 20.000000, var=[-1.0, -1.0, -1.0]); GPS(-43.522185, 172.577422, 20.000000, var=[-1.0, -1.0, -1.0]); None; GPS(-43.522185, 172.577422, 35.000000, var=[-1.0, -1.0, -1.0]); GPS(-43.522185, 172.577421, 38.346112, var=[1.0, 1.0, 1.0]); 0.0; OFFBOARD
11:42:38:183767; [1, 3, 3, 4]4; None; GPS(-43.522185, 172.577422, 20.000000, var=[-1.0, -1.0, -1.0]); GPS(-43.522185, 172.577422, 20.000000, var=[-1.0, -1.0, -1.0]); None; GPS(-43.522185, 172.577422, 35.000000, var=[-1.0, -1.0, -1.0]); GPS(-43.522185, 172.577421, 38.997112, var=[1.0, 1.0, 1.0]); 0.0; OFFBOARD
11:42:38:397651; [1, 3, 3, 4]4; None; GPS(-43.522185, 172.577422, 20.000000, var=[-1.0, -1.0, -1.0]); GPS(-43.522185, 172.577422, 20.000000, var=[-1.0, -1.0, -1.0]); None; GPS(-43.522185, 172.577422, 35.000000, var=[-1.0, -1.0, -1.0]); GPS(-43.522185, 172.577421, 39.591112, var=[1.0, 1.0, 1.0]); 0.0; OFFBOARD
11:42:38:592329; [1, 3, 3, 4]4; None; GPS(-43.522185, 172.577422, 20.000000, var=[-1.0, -1.0, -1.0]); GPS(-43.522185, 172.577422, 20.000000, var=[-1.0, -1.0, -1.0]); None; GPS(-43.522185, 172.577422, 35.000000, var=[-1.0, -1.0, -1.0]); GPS(-43.522185, 172.577421, 40.125112, var=[1.0, 1.0, 1.0]); 0.0; OFFBOARD
11:42:38:815541; [1, 3, 3, 4]4; None; GPS(-43.522185, 172.577422, 20.000000, var=[-1.0, -1.0, -1.0]); GPS(-43.522185, 172.577422, 20.000000, var=[-1.0, -1.0, -1.0]); None; GPS(-43.522185, 172.577422, 35.000000, var=[-1.0, -1.0, -1.0]); GPS(-43.522185, 172.577421, 40.778112, var=[1.0, 1.0, 1.0]); 0.0; OFFBOARD
11:42:39:024170; [1, 3, 3, 4]4; None; GPS(-43.522185, 172.577422, 20.000000, var=[-1.0, -1.0, -1.0]); GPS(-43.522185, 172.577422, 20.000000, var=[-1.0, -1.0, -1.0]); None; GPS(-43.522185, 172.577422, 35.000000, var=[-1.0, -1.0, -1.0]); GPS(-43.522185, 172.577421, 41.370112, var=[1.0, 1.0, 1.0]); 0.0; OFFBOARD
11:42:39:250163; [1, 3, 3, 4]4; None; GPS(-43.522185, 172.577422, 20.000000, var=[-1.0, -1.0, -1.0]); GPS(-43.522185, 172.577422, 20.000000, var=[-1.0, -1.0, -1.0]); None; GPS(-43.522185, 172.577422, 35.000000, var=[-1.0, -1.0, -1.0]); GPS(-43.522185, 172.577422, 42.021112, var=[1.0, 1.0, 1.0]); 0.0; OFFBOARD
11:42:39:426313; [1, 3, 3, 4]4; None; GPS(-43.522185, 172.577422, 20.000000, var=[-1.0, -1.0, -1.0]); GPS(-43.522185, 172.577422, 20.000000, var=[-1.0, -1.0, -1.0]); None; GPS(-43.522185, 172.577422, 35.000000, var=[-1.0, -1.0, -1.0]); GPS(-43.522185, 172.577422, 42.554113, var=[1.0, 1.0, 1.0]); 0.0; OFFBOARD
11:42:39:611700; [1, 3, 3, 4]4; None; GPS(-43.522185, 172.577422, 20.000000, var=[-1.0, -1.0, -1.0]); GPS(-43.522185, 172.577420, 20.000000, var=[-1.0, -1.0, -1.0]); None; GPS(-43.522185, 172.577422, 35.000000, var=[-1.0, -1.0, -1.0]); GPS(-43.522185, 172.577422, 43.088113, var=[1.0, 1.0, 1.0]); 0.134380512642316; OFFBOARD
11:42:39:804032; [1, 3, 3, 4]4; None; GPS(-43.522185, 172.577422, 20.000000, var=[-1.0, -1.0, -1.0]); GPS(-43.522185, 172.577420, 20.000000, var=[-1.0, -1.0, -1.0]); None; GPS(-43.522185, 172.577422, 35.000000, var=[-1.0, -1.0, -1.0]); GPS(-43.522185, 172.577422, 43.621113, var=[1.0, 1.0, 1.0]); 0.134380512642316; OFFBOARD
11:42:39:967571; [1, 3, 3, 4]4; None; GPS(-43.522185, 172.577422, 20.000000, var=[-1.0, -1.0, -1.0]); GPS(-43.522185, 172.577420, 20.000000, var=[-1.0, -1.0, -1.0]); None; GPS(-43.522185, 172.577422, 35.000000, var=[-1.0, -1.0, -1.0]); GPS(-43.522185, 172.577422, 44.076113, var=[1.0, 1.0, 1.0]); 0.134380512642316; OFFBOARD
11:42:40:143878; [1, 3, 3, 4]4; None; GPS(-43.522185, 172.577422, 20.000000, var=[-1.0, -1.0, -1.0]); GPS(-43.522185, 172.577420, 20.000000, var=[-1.0, -1.0, -1.0]); None; GPS(-43.522185, 172.577422, 35.000000, var=[-1.0, -1.0, -1.0]); GPS(-43.522185, 172.577422, 44.527113, var=[1.0, 1.0, 1.0]); 0.134380512642316; OFFBOARD
11:42:40:334537; [1, 3, 3, 4]4; None; GPS(-43.522185, 172.577422, 20.000000, var=[-1.0, -1.0, -1.0]); GPS(-43.522185, 172.577420, 20.000000, var=[-1.0, -1.0, -1.0]); None; GPS(-43.522185, 172.577422, 35.000000, var=[-1.0, -1.0, -1.0]); GPS(-43.522185, 172.577422, 44.855113, var=[1.0, 1.0, 1.0]); 0.134380512642316; OFFBOARD
11:42:40:504060; [1, 3, 3, 4]4; None; GPS(-43.522185, 172.577422, 20.000000, var=[-1.0, -1.0, -1.0]); GPS(-43.522185, 172.577420, 20.000000, var=[-1.0, -1.0, -1.0]); None; GPS(-43.522185, 172.577422, 35.000000, var=[-1.0, -1.0, -1.0]); GPS(-43.522185, 172.577422, 45.157113, var=[1.0, 1.0, 1.0]); 0.134380512642316; OFFBOARD
11:42:40:733879; [1, 3, 3, 4]4; None; GPS(-43.522185, 172.577422, 20.000000, var=[-1.0, -1.0, -1.0]); GPS(-43.522185, 172.577420, 20.000000, var=[-1.0, -1.0, -1.0]); None; GPS(-43.522185, 172.577422, 35.000000, var=[-1.0, -1.0, -1.0]); GPS(-43.522185, 172.577422, 45.444113, var=[1.0, 1.0, 1.0]); 0.134380512642316; OFFBOARD
11:42:40:829055; [1, 3, 3, 4]4; None; GPS(-43.522185, 172.577422, 20.000000, var=[-1.0, -1.0, -1.0]); GPS(-43.522185, 172.577420, 20.000000, var=[-1.0, -1.0, -1.0]); None; GPS(-43.522185, 172.577422, 35.000000, var=[-1.0, -1.0, -1.0]); GPS(-43.522185, 172.577422, 45.444113, var=[1.0, 1.0, 1.0]); 0.134380512642316; OFFBOARD
11:42:41:006418; [1, 3, 3, 4]4; None; GPS(-43.522185, 172.577422, 20.000000, var=[-1.0, -1.0, -1.0]); GPS(-43.522185, 172.577420, 20.000000, var=[-1.0, -1.0, -1.0]); None; GPS(-43.522185, 172.577422, 35.000000, var=[-1.0, -1.0, -1.0]); GPS(-43.522185, 172.577422, 45.610113, var=[1.0, 1.0, 1.0]); 0.134380512642316; OFFBOARD
11:42:41:178924; [1, 3, 3, 4]4; None; GPS(-43.522185, 172.577422, 20.000000, var=[-1.0, -1.0, -1.0]); GPS(-43.522185, 172.577420, 20.000000, var=[-1.0, -1.0, -1.0]); None; GPS(-43.522185, 172.577422, 35.000000, var=[-1.0, -1.0, -1.0]); GPS(-43.522185, 172.577422, 45.744113, var=[1.0, 1.0, 1.0]); 0.134380512642316; OFFBOARD
11:42:41:343542; [1, 3, 3, 4]4; None; GPS(-43.522185, 172.577422, 20.000000, var=[-1.0, -1.0, -1.0]); GPS(-43.522185, 172.577420, 20.000000, var=[-1.0, -1.0, -1.0]); None; GPS(-43.522185, 172.577422, 35.000000, var=[-1.0, -1.0, -1.0]); GPS(-43.522185, 172.577422, 45.853112, var=[1.0, 1.0, 1.0]); 0.134380512642316; OFFBOARD
11:42:41:519557; [1, 3, 3, 4]4; None; GPS(-43.522185, 172.577422, 20.000000, var=[-1.0, -1.0, -1.0]); GPS(-43.522185, 172.577420, 20.000000, var=[-1.0, -1.0, -1.0]); None; GPS(-43.522185, 172.577422, 35.000000, var=[-1.0, -1.0, -1.0]); GPS(-43.522185, 172.577422, 45.954112, var=[1.0, 1.0, 1.0]); 0.134380512642316; OFFBOARD
11:42:41:668693; [1, 3, 3, 4]4; None; GPS(-43.522185, 172.577422, 20.000000, var=[-1.0, -1.0, -1.0]); GPS(-43.522185, 172.577420, 20.000000, var=[-1.0, -1.0, -1.0]); None; GPS(-43.522185, 172.577422, 35.000000, var=[-1.0, -1.0, -1.0]); GPS(-43.522185, 172.577422, 46.020112, var=[1.0, 1.0, 1.0]); 0.134380512642316; OFFBOARD
11:42:41:808956; [1, 3, 3, 4]4; None; GPS(-43.522185, 172.577422, 20.000000, var=[-1.0, -1.0, -1.0]); GPS(-43.522185, 172.577420, 20.000000, var=[-1.0, -1.0, -1.0]); None; GPS(-43.522185, 172.577422, 35.000000, var=[-1.0, -1.0, -1.0]); GPS(-43.522185, 172.577422, 46.077112, var=[1.0, 1.0, 1.0]); 0.134380512642316; OFFBOARD
11:42:41:907875; [2, 3, 3, 4]4; None; GPS(-43.522185, 172.577422, 20.000000, var=[-1.0, -1.0, -1.0]); GPS(-43.522185, 172.577420, 20.000000, var=[-1.0, -1.0, -1.0]); None; GPS(-43.522185, 172.577422, 35.000000, var=[-1.0, -1.0, -1.0]); GPS(-43.522185, 172.577422, 46.099112, var=[1.0, 1.0, 1.0]); 0.134380512642316; OFFBOARD
STOP: 09/21/2021 11:48:38:286075
