START: 09/17/2021 10:03:23:151622
TIME,            STATES_LIST,          TARGET_FILT_CART,          TARGET_FILT_GPS,          TARGET_REAL_GPS,          TX_FILT_CART,          TX_FILT_GPS,          TX_REAL_GPS,          MULTILATERATION_ERROR,          MODE,          
10:03:33:847045, [1, 1, 1, 1]1, None, GPS(-43.520600, 172.583000, 0.000000, var=[-1.0, -1.0, -1.0]), GPS(-43.520600, 172.583000, 0.000000, var=[-1.0, -1.0, -1.0]), None, GPS(-43.520600, 172.583000, 15.000000, var=[-1, -1, -1]), GPS(-43.520598, 172.582999, 26.458842, var=[1.0, 1.0, 1.0]), 0.0, OFFBOARD
10:03:34:405337, [1, 1, 1, 1]1, None, GPS(-43.520600, 172.583000, 0.000000, var=[-1.0, -1.0, -1.0]), GPS(-43.520600, 172.583000, 0.000000, var=[-1.0, -1.0, -1.0]), None, GPS(-43.520600, 172.583000, 15.000000, var=[-1, -1, -1]), GPS(-43.520598, 172.582999, 26.495842, var=[1.0, 1.0, 1.0]), 0.0, OFFBOARD
10:03:35:407682, [1, 1, 1, 1]1, None, GPS(-43.520600, 172.583000, 0.000000, var=[-1.0, -1.0, -1.0]), GPS(-43.520600, 172.583000, 0.000000, var=[-1.0, -1.0, -1.0]), None, GPS(-43.520600, 172.583000, 15.000000, var=[-1, -1, -1]), GPS(-43.520598, 172.582999, 26.500842, var=[1.0, 1.0, 1.0]), 0.0, OFFBOARD
10:03:36:407435, [1, 1, 1, 1]1, None, GPS(-43.520600, 172.583000, 0.000000, var=[-1.0, -1.0, -1.0]), GPS(-43.520600, 172.583000, 0.000000, var=[-1.0, -1.0, -1.0]), None, GPS(-43.520600, 172.583000, 15.000000, var=[-1, -1, -1]), GPS(-43.520598, 172.582999, 26.510842, var=[1.0, 1.0, 1.0]), 0.0, OFFBOARD
10:03:36:438655, [1, 1, 1, 1]1, None, GPS(-43.520600, 172.583000, 0.000000, var=[-1.0, -1.0, -1.0]), GPS(-43.520600, 172.583000, 0.000000, var=[-1.0, -1.0, -1.0]), None, GPS(-43.520600, 172.583000, 15.000000, var=[-1, -1, -1]), GPS(-43.520598, 172.582999, 26.509842, var=[1.0, 1.0, 1.0]), 0.0, OFFBOARD
10:03:37:439664, [1, 1, 1, 1]1, None, GPS(-43.520600, 172.583000, 0.000000, var=[-1.0, -1.0, -1.0]), GPS(-43.520600, 172.583000, 0.000000, var=[-1.0, -1.0, -1.0]), None, GPS(-43.520600, 172.583000, 15.000000, var=[-1, -1, -1]), GPS(-43.520598, 172.582999, 26.503842, var=[1.0, 1.0, 1.0]), 0.0, OFFBOARD
10:03:37:441164, [1, 1, 1, 1]1, None, GPS(-43.520600, 172.583000, 0.000000, var=[-1.0, -1.0, -1.0]), GPS(-43.520600, 172.583000, 0.000000, var=[-1.0, -1.0, -1.0]), None, GPS(-43.520600, 172.583000, 15.000000, var=[-1, -1, -1]), GPS(-43.520598, 172.582999, 26.503842, var=[1.0, 1.0, 1.0]), 0.0, OFFBOARD
10:03:38:441901, [1, 1, 1, 1]1, None, GPS(-43.520600, 172.583000, 0.000000, var=[-1.0, -1.0, -1.0]), GPS(-43.520600, 172.583000, 0.000000, var=[-1.0, -1.0, -1.0]), None, GPS(-43.520600, 172.583000, 15.000000, var=[-1, -1, -1]), GPS(-43.520598, 172.582999, 26.489842, var=[1.0, 1.0, 1.0]), 0.0, OFFBOARD
10:03:38:443315, [1, 1, 1, 1]1, None, GPS(-43.520600, 172.583000, 0.000000, var=[-1.0, -1.0, -1.0]), GPS(-43.520600, 172.583000, 0.000000, var=[-1.0, -1.0, -1.0]), None, GPS(-43.520600, 172.583000, 15.000000, var=[-1, -1, -1]), GPS(-43.520598, 172.582999, 26.489842, var=[1.0, 1.0, 1.0]), 0.0, OFFBOARD
10:03:39:444795, [1, 1, 1, 1]2, None, GPS(-43.520600, 172.583000, 0.000000, var=[-1.0, -1.0, -1.0]), GPS(-43.520600, 172.583000, 0.000000, var=[-1.0, -1.0, -1.0]), None, GPS(-43.520600, 172.583000, 15.000000, var=[-1, -1, -1]), GPS(-43.520598, 172.582999, 26.479842, var=[1.0, 1.0, 1.0]), 0.0, OFFBOARD
10:03:40:445194, [1, 1, 1, 1]2, None, GPS(-43.520600, 172.583000, 0.000000, var=[-1.0, -1.0, -1.0]), GPS(-43.520600, 172.583000, 0.000000, var=[-1.0, -1.0, -1.0]), None, GPS(-43.520600, 172.583000, 15.000000, var=[-1, -1, -1]), GPS(-43.520598, 172.582999, 26.461842, var=[1.0, 1.0, 1.0]), 0.0, OFFBOARD
10:03:40:484749, [1, 1, 1, 1]2, None, GPS(-43.520600, 172.583000, 0.000000, var=[-1.0, -1.0, -1.0]), GPS(-43.520600, 172.583000, 0.000000, var=[-1.0, -1.0, -1.0]), None, GPS(-43.520600, 172.583000, 15.000000, var=[-1, -1, -1]), GPS(-43.520598, 172.582999, 26.461842, var=[1.0, 1.0, 1.0]), 0.0, OFFBOARD
10:03:41:484904, [1, 1, 1, 1]2, None, GPS(-43.520600, 172.583000, 0.000000, var=[-1.0, -1.0, -1.0]), GPS(-43.520600, 172.583000, 0.000000, var=[-1.0, -1.0, -1.0]), None, GPS(-43.520600, 172.583000, 15.000000, var=[-1, -1, -1]), GPS(-43.520598, 172.582999, 26.458842, var=[1.0, 1.0, 1.0]), 0.0, OFFBOARD
10:03:41:522748, [1, 1, 1, 1]2, None, GPS(-43.520600, 172.583000, 0.000000, var=[-1.0, -1.0, -1.0]), GPS(-43.520600, 172.583000, 0.000000, var=[-1.0, -1.0, -1.0]), None, GPS(-43.520600, 172.583000, 15.000000, var=[-1, -1, -1]), GPS(-43.520598, 172.582999, 26.458842, var=[1.0, 1.0, 1.0]), 0.0, OFFBOARD
10:03:42:523500, [1, 1, 1, 1]2, None, GPS(-43.520600, 172.583000, 0.000000, var=[-1.0, -1.0, -1.0]), GPS(-43.520600, 172.583000, 0.000000, var=[-1.0, -1.0, -1.0]), None, GPS(-43.520600, 172.583000, 15.000000, var=[-1, -1, -1]), GPS(-43.520598, 172.583000, 26.433842, var=[1.0, 1.0, 1.0]), 0.0, OFFBOARD
10:03:42:525053, [1, 1, 1, 1]2, None, GPS(-43.520600, 172.583000, 0.000000, var=[-1.0, -1.0, -1.0]), GPS(-43.520600, 172.583000, 0.000000, var=[-1.0, -1.0, -1.0]), None, GPS(-43.520600, 172.583000, 15.000000, var=[-1, -1, -1]), GPS(-43.520598, 172.583000, 26.433842, var=[1.0, 1.0, 1.0]), 0.0, OFFBOARD
10:03:43:525996, [1, 1, 1, 1]2, None, GPS(-43.520600, 172.583000, 0.000000, var=[-1.0, -1.0, -1.0]), GPS(-43.520600, 172.583000, 0.000000, var=[-1.0, -1.0, -1.0]), None, GPS(-43.520600, 172.583000, 15.000000, var=[-1, -1, -1]), GPS(-43.520598, 172.582999, 26.426842, var=[1.0, 1.0, 1.0]), 0.0, OFFBOARD
10:03:43:527830, [2, 1, 1, 1]2, None, GPS(-43.520600, 172.583000, 0.000000, var=[-1.0, -1.0, -1.0]), GPS(-43.520600, 172.583000, 0.000000, var=[-1.0, -1.0, -1.0]), None, GPS(-43.520600, 172.583000, 15.000000, var=[-1, -1, -1]), GPS(-43.520598, 172.582999, 26.426842, var=[1.0, 1.0, 1.0]), 0.0, OFFBOARD
10:03:44:527012, [2, 1, 1, 1]2, None, GPS(-43.520600, 172.583000, 0.000000, var=[-1.0, -1.0, -1.0]), GPS(-43.520600, 172.583000, 0.000000, var=[-1.0, -1.0, -1.0]), None, GPS(-43.520600, 172.583000, 15.000000, var=[-1, -1, -1]), GPS(-43.520598, 172.582999, 26.413842, var=[1.0, 1.0, 1.0]), 0.0, OFFBOARD
10:03:44:528373, [2, 1, 1, 1]2, None, GPS(-43.520600, 172.583000, 0.000000, var=[-1.0, -1.0, -1.0]), GPS(-43.520600, 172.583000, 0.000000, var=[-1.0, -1.0, -1.0]), None, GPS(-43.520600, 172.583000, 15.000000, var=[-1, -1, -1]), GPS(-43.520598, 172.582999, 26.413842, var=[1.0, 1.0, 1.0]), 0.0, OFFBOARD
10:03:45:529905, [2, 1, 1, 1]2, None, GPS(-43.520600, 172.583000, 0.000000, var=[-1.0, -1.0, -1.0]), GPS(-43.520600, 172.583000, 0.000000, var=[-1.0, -1.0, -1.0]), None, GPS(-43.520600, 172.583000, 15.000000, var=[-1, -1, -1]), GPS(-43.520598, 172.582999, 26.401842, var=[1.0, 1.0, 1.0]), 0.0, OFFBOARD
10:03:46:530409, [2, 1, 1, 1]2, None, GPS(-43.520600, 172.583000, 0.000000, var=[-1.0, -1.0, -1.0]), GPS(-43.520600, 172.583000, 0.000000, var=[-1.0, -1.0, -1.0]), None, GPS(-43.520600, 172.583000, 15.000000, var=[-1, -1, -1]), GPS(-43.520598, 172.582999, 26.405842, var=[1.0, 1.0, 1.0]), 0.0, OFFBOARD
10:03:46:532416, [2, 1, 1, 1]2, None, GPS(-43.520600, 172.583000, 0.000000, var=[-1.0, -1.0, -1.0]), GPS(-43.520600, 172.583000, 0.000000, var=[-1.0, -1.0, -1.0]), None, GPS(-43.520600, 172.583000, 15.000000, var=[-1, -1, -1]), GPS(-43.520598, 172.582999, 26.405842, var=[1.0, 1.0, 1.0]), 0.0, OFFBOARD
10:03:47:533454, [2, 2, 1, 1]2, None, GPS(-43.520600, 172.583000, 0.000000, var=[-1.0, -1.0, -1.0]), GPS(-43.520600, 172.583000, 0.000000, var=[-1.0, -1.0, -1.0]), None, GPS(-43.520600, 172.583000, 15.000000, var=[-1, -1, -1]), GPS(-43.520598, 172.582999, 26.404842, var=[1.0, 1.0, 1.0]), 0.0, OFFBOARD
10:03:47:535798, [2, 2, 1, 1]2, None, GPS(-43.520600, 172.583000, 0.000000, var=[-1.0, -1.0, -1.0]), GPS(-43.520600, 172.583000, 0.000000, var=[-1.0, -1.0, -1.0]), None, GPS(-43.520600, 172.583000, 15.000000, var=[-1, -1, -1]), GPS(-43.520598, 172.582999, 26.404842, var=[1.0, 1.0, 1.0]), 0.0, OFFBOARD
10:03:48:534616, [2, 2, 1, 1]2, None, GPS(-43.520600, 172.583000, 0.000000, var=[-1.0, -1.0, -1.0]), GPS(-43.520600, 172.583000, 0.000000, var=[-1.0, -1.0, -1.0]), None, GPS(-43.520600, 172.583000, 15.000000, var=[-1, -1, -1]), GPS(-43.520599, 172.582999, 26.412841, var=[1.0, 1.0, 1.0]), 0.0, OFFBOARD
10:03:48:572487, [2, 2, 1, 1]2, None, GPS(-43.520600, 172.583000, 0.000000, var=[-1.0, -1.0, -1.0]), GPS(-43.520600, 172.583000, 0.000000, var=[-1.0, -1.0, -1.0]), None, GPS(-43.520600, 172.583000, 15.000000, var=[-1, -1, -1]), GPS(-43.520599, 172.582999, 26.412841, var=[1.0, 1.0, 1.0]), 0.0, OFFBOARD
10:03:49:573224, [2, 2, 1, 1]2, None, GPS(-43.520600, 172.583000, 0.000000, var=[-1.0, -1.0, -1.0]), GPS(-43.520600, 172.583000, 0.000000, var=[-1.0, -1.0, -1.0]), None, GPS(-43.520600, 172.583000, 15.000000, var=[-1, -1, -1]), GPS(-43.520599, 172.582999, 26.406841, var=[1.0, 1.0, 1.0]), 0.0, OFFBOARD
10:03:49:574500, [2, 2, 1, 1]2, None, GPS(-43.520600, 172.583000, 0.000000, var=[-1.0, -1.0, -1.0]), GPS(-43.520600, 172.583000, 0.000000, var=[-1.0, -1.0, -1.0]), None, GPS(-43.520600, 172.583000, 15.000000, var=[-1, -1, -1]), GPS(-43.520599, 172.582999, 26.406841, var=[1.0, 1.0, 1.0]), 0.0, OFFBOARD
10:03:50:575461, [2, 2, 2, 2]2, None, GPS(-43.520600, 172.583000, 0.000000, var=[-1.0, -1.0, -1.0]), GPS(-43.520600, 172.583000, 0.000000, var=[-1.0, -1.0, -1.0]), None, GPS(-43.520600, 172.583000, 15.000000, var=[-1, -1, -1]), GPS(-43.520599, 172.582999, 26.409841, var=[1.0, 1.0, 1.0]), 0.0, OFFBOARD
10:03:50:609727, [2, 2, 2, 2]2, None, GPS(-43.520600, 172.583000, 0.000000, var=[-1.0, -1.0, -1.0]), GPS(-43.520600, 172.583000, 0.000000, var=[-1.0, -1.0, -1.0]), None, GPS(-43.520600, 172.583000, 15.000000, var=[-1, -1, -1]), GPS(-43.520599, 172.582999, 26.409841, var=[1.0, 1.0, 1.0]), 0.0, OFFBOARD
10:03:51:610357, [2, 2, 2, 2]2, None, GPS(-43.520600, 172.583000, 0.000000, var=[-1.0, -1.0, -1.0]), GPS(-43.520600, 172.583000, 0.000000, var=[-1.0, -1.0, -1.0]), None, GPS(-43.520600, 172.583000, 15.000000, var=[-1, -1, -1]), GPS(-43.520599, 172.582999, 26.415841, var=[1.0, 1.0, 1.0]), 0.0, OFFBOARD
10:03:51:612939, [2, 2, 2, 2]2, None, GPS(-43.520600, 172.583000, 0.000000, var=[-1.0, -1.0, -1.0]), GPS(-43.520600, 172.583000, 0.000000, var=[-1.0, -1.0, -1.0]), None, GPS(-43.520600, 172.583000, 15.000000, var=[-1, -1, -1]), GPS(-43.520599, 172.582999, 26.415841, var=[1.0, 1.0, 1.0]), 0.0, OFFBOARD
10:03:52:612491, [2, 2, 2, 2]2, None, GPS(-43.520600, 172.583000, 0.000000, var=[-1.0, -1.0, -1.0]), GPS(-43.520600, 172.583000, 0.000000, var=[-1.0, -1.0, -1.0]), None, GPS(-43.520600, 172.583000, 15.000000, var=[-1, -1, -1]), GPS(-43.520599, 172.583000, 26.418841, var=[1.0, 1.0, 1.0]), 0.0, OFFBOARD
10:03:53:613294, [2, 2, 2, 2]2, None, GPS(-43.520600, 172.583000, 0.000000, var=[-1.0, -1.0, -1.0]), GPS(-43.520600, 172.583000, 0.000000, var=[-1.0, -1.0, -1.0]), None, GPS(-43.520600, 172.583000, 15.000000, var=[-1, -1, -1]), GPS(-43.520599, 172.582999, 26.441841, var=[1.0, 1.0, 1.0]), 0.0, OFFBOARD
10:03:53:615111, [2, 2, 2, 2]2, None, GPS(-43.520600, 172.583000, 0.000000, var=[-1.0, -1.0, -1.0]), GPS(-43.520600, 172.583000, 0.000000, var=[-1.0, -1.0, -1.0]), None, GPS(-43.520600, 172.583000, 15.000000, var=[-1, -1, -1]), GPS(-43.520599, 172.582999, 26.441841, var=[1.0, 1.0, 1.0]), 0.0, OFFBOARD
10:03:54:614920, [2, 2, 2, 2]2, None, GPS(-43.520600, 172.583000, 0.000000, var=[-1.0, -1.0, -1.0]), GPS(-43.520600, 172.583000, 0.000000, var=[-1.0, -1.0, -1.0]), None, GPS(-43.520600, 172.583000, 15.000000, var=[-1, -1, -1]), GPS(-43.520599, 172.582999, 26.445841, var=[1.0, 1.0, 1.0]), 0.0, OFFBOARD
10:03:55:616413, [2, 2, 2, 2]2, None, GPS(-43.520600, 172.583000, 0.000000, var=[-1.0, -1.0, -1.0]), GPS(-43.520600, 172.583000, 0.000000, var=[-1.0, -1.0, -1.0]), None, GPS(-43.520600, 172.583000, 15.000000, var=[-1, -1, -1]), GPS(-43.520599, 172.583000, 26.436841, var=[1.0, 1.0, 1.0]), 0.0, OFFBOARD
10:03:55:617759, [2, 2, 2, 2]2, None, GPS(-43.520600, 172.583000, 0.000000, var=[-1.0, -1.0, -1.0]), GPS(-43.520600, 172.583000, 0.000000, var=[-1.0, -1.0, -1.0]), None, GPS(-43.520600, 172.583000, 15.000000, var=[-1, -1, -1]), GPS(-43.520599, 172.583000, 26.436841, var=[1.0, 1.0, 1.0]), 0.0, OFFBOARD
10:03:56:618647, [2, 2, 2, 2]2, None, GPS(-43.520600, 172.583000, 0.000000, var=[-1.0, -1.0, -1.0]), GPS(-43.520600, 172.583000, 0.000000, var=[-1.0, -1.0, -1.0]), None, GPS(-43.520600, 172.583000, 15.000000, var=[-1, -1, -1]), GPS(-43.520599, 172.582999, 26.429841, var=[1.0, 1.0, 1.0]), 0.0, OFFBOARD
10:03:56:621117, [2, 2, 2, 2]2, None, GPS(-43.520600, 172.583000, 0.000000, var=[-1.0, -1.0, -1.0]), GPS(-43.520600, 172.583000, 0.000000, var=[-1.0, -1.0, -1.0]), None, GPS(-43.520600, 172.583000, 15.000000, var=[-1, -1, -1]), GPS(-43.520599, 172.582999, 26.429841, var=[1.0, 1.0, 1.0]), 0.0, OFFBOARD
10:03:57:619305, [2, 2, 2, 2]2, None, GPS(-43.520600, 172.583000, 0.000000, var=[-1.0, -1.0, -1.0]), GPS(-43.520600, 172.583000, 0.000000, var=[-1.0, -1.0, -1.0]), None, GPS(-43.520600, 172.583000, 15.000000, var=[-1, -1, -1]), GPS(-43.520599, 172.582999, 26.435841, var=[1.0, 1.0, 1.0]), 0.0, OFFBOARD
10:03:57:620577, [2, 2, 2, 2]2, None, GPS(-43.520600, 172.583000, 0.000000, var=[-1.0, -1.0, -1.0]), GPS(-43.520600, 172.583000, 0.000000, var=[-1.0, -1.0, -1.0]), None, GPS(-43.520600, 172.583000, 15.000000, var=[-1, -1, -1]), GPS(-43.520599, 172.582999, 26.435841, var=[1.0, 1.0, 1.0]), 0.0, OFFBOARD
10:03:58:620766, [2, 2, 2, 2]2, None, GPS(-43.520600, 172.583000, 0.000000, var=[-1.0, -1.0, -1.0]), GPS(-43.520600, 172.583000, 0.000000, var=[-1.0, -1.0, -1.0]), None, GPS(-43.520600, 172.583000, 15.000000, var=[-1, -1, -1]), GPS(-43.520599, 172.583000, 26.445841, var=[1.0, 1.0, 1.0]), 0.0, OFFBOARD
10:03:59:622646, [2, 2, 2, 2]2, None, GPS(-43.520600, 172.583000, 0.000000, var=[-1.0, -1.0, -1.0]), GPS(-43.520600, 172.583000, 0.000000, var=[-1.0, -1.0, -1.0]), None, GPS(-43.520600, 172.583000, 15.000000, var=[-1, -1, -1]), GPS(-43.520599, 172.582999, 26.447841, var=[1.0, 1.0, 1.0]), 0.0, OFFBOARD
10:04:00:623887, [2, 2, 2, 2]2, None, GPS(-43.520600, 172.583000, 0.000000, var=[-1.0, -1.0, -1.0]), GPS(-43.520600, 172.583000, 0.000000, var=[-1.0, -1.0, -1.0]), None, GPS(-43.520600, 172.583000, 15.000000, var=[-1, -1, -1]), GPS(-43.520599, 172.582999, 26.432841, var=[1.0, 1.0, 1.0]), 0.0, OFFBOARD
10:04:00:625542, [2, 2, 2, 2]2, None, GPS(-43.520600, 172.583000, 0.000000, var=[-1.0, -1.0, -1.0]), GPS(-43.520600, 172.583000, 0.000000, var=[-1.0, -1.0, -1.0]), None, GPS(-43.520600, 172.583000, 15.000000, var=[-1, -1, -1]), GPS(-43.520599, 172.582999, 26.432841, var=[1.0, 1.0, 1.0]), 0.0, OFFBOARD
10:04:01:624774, [2, 2, 2, 2]2, None, GPS(-43.520600, 172.583000, 0.000000, var=[-1.0, -1.0, -1.0]), GPS(-43.520600, 172.583000, 0.000000, var=[-1.0, -1.0, -1.0]), None, GPS(-43.520600, 172.583000, 15.000000, var=[-1, -1, -1]), GPS(-43.520599, 172.582999, 26.430841, var=[1.0, 1.0, 1.0]), 0.0, OFFBOARD
10:04:01:626035, [2, 2, 2, 2]2, None, GPS(-43.520600, 172.583000, 0.000000, var=[-1.0, -1.0, -1.0]), GPS(-43.520600, 172.583000, 0.000000, var=[-1.0, -1.0, -1.0]), None, GPS(-43.520600, 172.583000, 15.000000, var=[-1, -1, -1]), GPS(-43.520599, 172.582999, 26.430841, var=[1.0, 1.0, 1.0]), 0.0, OFFBOARD
10:04:02:625433, [2, 2, 2, 2]2, None, GPS(-43.520600, 172.583000, 0.000000, var=[-1.0, -1.0, -1.0]), GPS(-43.520600, 172.583000, 0.000000, var=[-1.0, -1.0, -1.0]), None, GPS(-43.520600, 172.583000, 15.000000, var=[-1, -1, -1]), GPS(-43.520599, 172.582999, 26.436841, var=[1.0, 1.0, 1.0]), 0.0, OFFBOARD
10:04:02:627031, [2, 2, 2, 2]2, None, GPS(-43.520600, 172.583000, 0.000000, var=[-1.0, -1.0, -1.0]), GPS(-43.520600, 172.583000, 0.000000, var=[-1.0, -1.0, -1.0]), None, GPS(-43.520600, 172.583000, 15.000000, var=[-1, -1, -1]), GPS(-43.520599, 172.582999, 26.436841, var=[1.0, 1.0, 1.0]), 0.0, OFFBOARD
10:04:03:627245, [2, 2, 2, 2]2, None, GPS(-43.520600, 172.583000, 0.000000, var=[-1.0, -1.0, -1.0]), GPS(-43.520600, 172.583000, 0.000000, var=[-1.0, -1.0, -1.0]), None, GPS(-43.520600, 172.583000, 15.000000, var=[-1, -1, -1]), GPS(-43.520599, 172.582999, 26.442841, var=[1.0, 1.0, 1.0]), 0.0, OFFBOARD
10:04:04:628961, [2, 2, 2, 2]2, None, GPS(-43.520600, 172.583000, 0.000000, var=[-1.0, -1.0, -1.0]), GPS(-43.520600, 172.583000, 0.000000, var=[-1.0, -1.0, -1.0]), None, GPS(-43.520600, 172.583000, 15.000000, var=[-1, -1, -1]), GPS(-43.520599, 172.582999, 26.451841, var=[1.0, 1.0, 1.0]), 0.0, OFFBOARD
10:04:05:630385, [2, 2, 2, 2]2, None, GPS(-43.520600, 172.583000, 0.000000, var=[-1.0, -1.0, -1.0]), GPS(-43.520600, 172.583000, 0.000000, var=[-1.0, -1.0, -1.0]), None, GPS(-43.520600, 172.583000, 15.000000, var=[-1, -1, -1]), GPS(-43.520599, 172.582999, 26.450841, var=[1.0, 1.0, 1.0]), 0.0, OFFBOARD
10:04:05:631770, [2, 2, 2, 2]2, None, GPS(-43.520600, 172.583000, 0.000000, var=[-1.0, -1.0, -1.0]), GPS(-43.520600, 172.583000, 0.000000, var=[-1.0, -1.0, -1.0]), None, GPS(-43.520600, 172.583000, 15.000000, var=[-1, -1, -1]), GPS(-43.520599, 172.582999, 26.450841, var=[1.0, 1.0, 1.0]), 0.0, OFFBOARD
10:04:06:630853, [2, 2, 2, 2]2, None, GPS(-43.520600, 172.583000, 0.000000, var=[-1.0, -1.0, -1.0]), GPS(-43.520600, 172.583000, 0.000000, var=[-1.0, -1.0, -1.0]), None, GPS(-43.520600, 172.583000, 15.000000, var=[-1, -1, -1]), GPS(-43.520599, 172.582999, 26.456841, var=[1.0, 1.0, 1.0]), 0.0, OFFBOARD
10:04:06:632803, [2, 2, 2, 2]2, None, GPS(-43.520600, 172.583000, 0.000000, var=[-1.0, -1.0, -1.0]), GPS(-43.520600, 172.583000, 0.000000, var=[-1.0, -1.0, -1.0]), None, GPS(-43.520600, 172.583000, 15.000000, var=[-1, -1, -1]), GPS(-43.520599, 172.582999, 26.456841, var=[1.0, 1.0, 1.0]), 0.0, OFFBOARD
10:04:07:632489, [2, 2, 2, 2]2, None, GPS(-43.520600, 172.583000, 0.000000, var=[-1.0, -1.0, -1.0]), GPS(-43.520600, 172.583000, 0.000000, var=[-1.0, -1.0, -1.0]), None, GPS(-43.520600, 172.583000, 15.000000, var=[-1, -1, -1]), GPS(-43.520599, 172.582999, 26.459841, var=[1.0, 1.0, 1.0]), 0.0, OFFBOARD
10:04:08:632888, [2, 2, 2, 2]2, None, GPS(-43.520600, 172.583000, 0.000000, var=[-1.0, -1.0, -1.0]), GPS(-43.520600, 172.583000, 0.000000, var=[-1.0, -1.0, -1.0]), None, GPS(-43.520600, 172.583000, 15.000000, var=[-1, -1, -1]), GPS(-43.520599, 172.582999, 26.479841, var=[1.0, 1.0, 1.0]), 0.0, OFFBOARD
10:04:08:634348, [2, 2, 2, 2]2, None, GPS(-43.520600, 172.583000, 0.000000, var=[-1.0, -1.0, -1.0]), GPS(-43.520600, 172.583000, 0.000000, var=[-1.0, -1.0, -1.0]), None, GPS(-43.520600, 172.583000, 15.000000, var=[-1, -1, -1]), GPS(-43.520599, 172.582999, 26.479841, var=[1.0, 1.0, 1.0]), 0.0, OFFBOARD
STOP: 09/17/2021 10:10:22:740514
