START: 09/17/2021 10:03:23:124986
TIME,            RX_ID,          STATE,          TIMESTAMP,          SEQ_NO,          RX_COORDS,          RANGE_READING,          TARGET_COORDS,          
10:03:33:812629, 1, 1, 1631829813.7822526, 0, GPS(-43.520509, 172.582874, 21.482959, var=[1.0, 1.0, 1.0]), 40.832265350348045, GPS(-43.520600, 172.583000, 0.000000, var=[-1.0, -1.0, -1.0])
10:03:33:812796, 3, 1, 1631829813.7867005, 0, GPS(-43.520688, 172.582873, 21.508672, var=[1.0, 1.0, 1.0]), 40.75316324511203, GPS(-43.520600, 172.583000, 0.000000, var=[-1.0, -1.0, -1.0])
10:03:33:812968, 2, 1, 1631829813.782721, 0, GPS(-43.520508, 172.583122, 21.496012, var=[1.0, 1.0, 1.0]), 40.780906917593654, GPS(-43.520600, 172.583000, 0.000000, var=[-1.0, -1.0, -1.0])
10:03:33:845753, 4, 1, 1631829813.8455985, 0, GPS(-43.520688, 172.583123, 21.508724, var=[1.0, 1.0, 1.0]), 40.65118083201126, GPS(-43.520600, 172.583000, 0.000000, var=[-1.0, -1.0, -1.0])
10:03:34:403965, 4, 1, 1631829814.4038637, 1, GPS(-43.520689, 172.583123, 21.508724, var=[1.0, 1.0, 1.0]), 52.114894581702, GPS(-43.520600, 172.583000, 0.000000, var=[-1.0, -1.0, -1.0])
10:03:34:404024, 1, 1, 1631829814.40388, 1, GPS(-43.520509, 172.582874, 21.496959, var=[1.0, 1.0, 1.0]), 52.30019433855751, GPS(-43.520600, 172.583000, 0.000000, var=[-1.0, -1.0, -1.0])
10:03:34:404057, 2, 1, 1631829814.4038665, 1, GPS(-43.520508, 172.583122, 21.499012, var=[1.0, 1.0, 1.0]), 52.242854337042154, GPS(-43.520600, 172.583000, 0.000000, var=[-1.0, -1.0, -1.0])
10:03:34:404086, 3, 1, 1631829814.4038887, 1, GPS(-43.520688, 172.582873, 21.513672, var=[1.0, 1.0, 1.0]), 52.21254881681836, GPS(-43.520600, 172.583000, 0.000000, var=[-1.0, -1.0, -1.0])
10:03:35:404303, 3, 1, 1631829815.4040673, 2, GPS(-43.520688, 172.582874, 21.517672, var=[1.0, 1.0, 1.0]), 52.24971596438998, GPS(-43.520600, 172.583000, 0.000000, var=[-1.0, -1.0, -1.0])
10:03:35:404511, 4, 1, 1631829815.4044008, 2, GPS(-43.520689, 172.583123, 21.515724, var=[1.0, 1.0, 1.0]), 52.15466577706967, GPS(-43.520600, 172.583000, 0.000000, var=[-1.0, -1.0, -1.0])
10:03:35:405465, 1, 1, 1631829815.4053695, 2, GPS(-43.520509, 172.582875, 21.507959, var=[1.0, 1.0, 1.0]), 52.343208197285094, GPS(-43.520600, 172.583000, 0.000000, var=[-1.0, -1.0, -1.0])
10:03:35:405611, 1, 1, 1631829815.4055033, 3, GPS(-43.520509, 172.582875, 21.507959, var=[1.0, 1.0, 1.0]), 52.343208197285094, GPS(-43.520600, 172.583000, 0.000000, var=[-1.0, -1.0, -1.0])
10:03:35:405658, 2, 1, 1631829815.4055037, 2, GPS(-43.520508, 172.583122, 21.512012, var=[1.0, 1.0, 1.0]), 52.29071513300376, GPS(-43.520600, 172.583000, 0.000000, var=[-1.0, -1.0, -1.0])
10:03:35:407759, 3, 1, 1631829815.4055176, 3, GPS(-43.520688, 172.582874, 21.517672, var=[1.0, 1.0, 1.0]), 52.24971596438998, GPS(-43.520600, 172.583000, 0.000000, var=[-1.0, -1.0, -1.0])
10:03:35:407815, 4, 1, 1631829815.4055357, 3, GPS(-43.520689, 172.583123, 21.515724, var=[1.0, 1.0, 1.0]), 52.15466577706967, GPS(-43.520600, 172.583000, 0.000000, var=[-1.0, -1.0, -1.0])
10:03:36:406128, 1, 1, 1631829816.4060102, 4, GPS(-43.520509, 172.582875, 21.511959, var=[1.0, 1.0, 1.0]), 52.351536711608574, GPS(-43.520600, 172.583000, 0.000000, var=[-1.0, -1.0, -1.0])
10:03:36:406186, 2, 1, 1631829816.4061, 3, GPS(-43.520508, 172.583122, 21.513012, var=[1.0, 1.0, 1.0]), 52.29521070315138, GPS(-43.520600, 172.583000, 0.000000, var=[-1.0, -1.0, -1.0])
10:03:36:407509, 4, 1, 1631829816.4072375, 4, GPS(-43.520689, 172.583123, 21.515723, var=[1.0, 1.0, 1.0]), 52.16393708088134, GPS(-43.520600, 172.583000, 0.000000, var=[-1.0, -1.0, -1.0])
10:03:36:407554, 3, 1, 1631829816.4068537, 4, GPS(-43.520688, 172.582874, 21.522672, var=[1.0, 1.0, 1.0]), 52.258893654584945, GPS(-43.520600, 172.583000, 0.000000, var=[-1.0, -1.0, -1.0])
10:03:36:435158, 1, 1, 1631829816.4348447, 5, GPS(-43.520509, 172.582875, 21.511959, var=[1.0, 1.0, 1.0]), 52.36158810081904, GPS(-43.520600, 172.583000, 0.000000, var=[-1.0, -1.0, -1.0])
10:03:36:436992, 3, 1, 1631829816.4367554, 5, GPS(-43.520688, 172.582874, 21.522672, var=[1.0, 1.0, 1.0]), 52.26894504379541, GPS(-43.520600, 172.583000, 0.000000, var=[-1.0, -1.0, -1.0])
10:03:36:437334, 2, 1, 1631829816.4371393, 4, GPS(-43.520508, 172.583122, 21.513012, var=[1.0, 1.0, 1.0]), 52.30526209236184, GPS(-43.520600, 172.583000, 0.000000, var=[-1.0, -1.0, -1.0])
10:03:36:466414, 4, 1, 1631829816.4662836, 5, GPS(-43.520689, 172.583123, 21.513723, var=[1.0, 1.0, 1.0]), 52.17131169474955, GPS(-43.520600, 172.583000, 0.000000, var=[-1.0, -1.0, -1.0])
10:03:37:436293, 1, 1, 1631829817.4361594, 6, GPS(-43.520509, 172.582875, 21.500959, var=[1.0, 1.0, 1.0]), 52.34706822868479, GPS(-43.520600, 172.583000, 0.000000, var=[-1.0, -1.0, -1.0])
10:03:37:438104, 2, 1, 1631829817.4380043, 5, GPS(-43.520508, 172.583122, 21.511012, var=[1.0, 1.0, 1.0]), 52.30259406166301, GPS(-43.520600, 172.583000, 0.000000, var=[-1.0, -1.0, -1.0])
10:03:37:439751, 2, 1, 1631829817.4388053, 6, GPS(-43.520508, 172.583122, 21.511012, var=[1.0, 1.0, 1.0]), 52.30259406166301, GPS(-43.520600, 172.583000, 0.000000, var=[-1.0, -1.0, -1.0])
10:03:37:439813, 3, 1, 1631829817.4382012, 6, GPS(-43.520688, 172.582874, 21.515672, var=[1.0, 1.0, 1.0]), 52.258903677005506, GPS(-43.520600, 172.583000, 0.000000, var=[-1.0, -1.0, -1.0])
10:03:37:439858, 4, 1, 1631829817.4388306, 6, GPS(-43.520689, 172.583123, 21.495723, var=[1.0, 1.0, 1.0]), 52.16050089505292, GPS(-43.520600, 172.583000, 0.000000, var=[-1.0, -1.0, -1.0])
10:03:37:441249, 1, 1, 1631829817.4388664, 7, GPS(-43.520509, 172.582875, 21.500959, var=[1.0, 1.0, 1.0]), 52.34706822868479, GPS(-43.520600, 172.583000, 0.000000, var=[-1.0, -1.0, -1.0])
10:03:37:441301, 3, 1, 1631829817.4389684, 7, GPS(-43.520688, 172.582874, 21.515672, var=[1.0, 1.0, 1.0]), 52.258903677005506, GPS(-43.520600, 172.583000, 0.000000, var=[-1.0, -1.0, -1.0])
10:03:38:440188, 2, 1, 1631829818.4400558, 7, GPS(-43.520508, 172.583122, 21.502012, var=[1.0, 1.0, 1.0]), 52.2890701703232, GPS(-43.520600, 172.583000, 0.000000, var=[-1.0, -1.0, -1.0])
10:03:38:440254, 3, 1, 1631829818.4400568, 8, GPS(-43.520688, 172.582874, 21.502672, var=[1.0, 1.0, 1.0]), 52.24626252896384, GPS(-43.520600, 172.583000, 0.000000, var=[-1.0, -1.0, -1.0])
10:03:38:440353, 1, 1, 1631829818.440275, 8, GPS(-43.520509, 172.582874, 21.489959, var=[1.0, 1.0, 1.0]), 52.3338559734495, GPS(-43.520600, 172.583000, 0.000000, var=[-1.0, -1.0, -1.0])
10:03:38:440709, 4, 1, 1631829818.4406364, 7, GPS(-43.520689, 172.583123, 21.497724, var=[1.0, 1.0, 1.0]), 52.150726292686755, GPS(-43.520600, 172.583000, 0.000000, var=[-1.0, -1.0, -1.0])
10:03:38:441969, 4, 1, 1631829818.4413354, 8, GPS(-43.520689, 172.583123, 21.497724, var=[1.0, 1.0, 1.0]), 52.150726292686755, GPS(-43.520600, 172.583000, 0.000000, var=[-1.0, -1.0, -1.0])
10:03:38:442030, 2, 1, 1631829818.4413157, 8, GPS(-43.520508, 172.583122, 21.502012, var=[1.0, 1.0, 1.0]), 52.2890701703232, GPS(-43.520600, 172.583000, 0.000000, var=[-1.0, -1.0, -1.0])
10:03:38:443390, 3, 1, 1631829818.441336, 9, GPS(-43.520688, 172.582874, 21.502672, var=[1.0, 1.0, 1.0]), 52.24626252896384, GPS(-43.520600, 172.583000, 0.000000, var=[-1.0, -1.0, -1.0])
10:03:38:443943, 1, 1, 1631829818.4414654, 9, GPS(-43.520509, 172.582874, 21.489959, var=[1.0, 1.0, 1.0]), 52.3338559734495, GPS(-43.520600, 172.583000, 0.000000, var=[-1.0, -1.0, -1.0])
10:03:39:442051, 2, 1, 1631829819.4419281, 9, GPS(-43.520508, 172.583122, 21.473012, var=[1.0, 1.0, 1.0]), 52.24777081059667, GPS(-43.520600, 172.583000, 0.000000, var=[-1.0, -1.0, -1.0])
10:03:39:442138, 2, 1, 1631829819.442069, 10, GPS(-43.520508, 172.583122, 21.473012, var=[1.0, 1.0, 1.0]), 52.24777081059667, GPS(-43.520600, 172.583000, 0.000000, var=[-1.0, -1.0, -1.0])
10:03:39:443512, 3, 1, 1631829819.442122, 10, GPS(-43.520688, 172.582874, 21.482672, var=[1.0, 1.0, 1.0]), 52.2229663131324, GPS(-43.520600, 172.583000, 0.000000, var=[-1.0, -1.0, -1.0])
10:03:39:443573, 1, 1, 1631829819.442113, 10, GPS(-43.520509, 172.582874, 21.475959, var=[1.0, 1.0, 1.0]), 52.30937756758196, GPS(-43.520600, 172.583000, 0.000000, var=[-1.0, -1.0, -1.0])
10:03:39:443611, 4, 1, 1631829819.4421, 9, GPS(-43.520689, 172.583123, 21.479724, var=[1.0, 1.0, 1.0]), 52.11848556740496, GPS(-43.520600, 172.583000, 0.000000, var=[-1.0, -1.0, -1.0])
10:03:40:442595, 3, 1, 1631829820.4424307, 11, GPS(-43.520688, 172.582874, 21.457672, var=[1.0, 1.0, 1.0]), 52.19207823735242, GPS(-43.520600, 172.583000, 0.000000, var=[-1.0, -1.0, -1.0])
10:03:40:443383, 4, 1, 1631829820.443116, 10, GPS(-43.520688, 172.583123, 21.463724, var=[1.0, 1.0, 1.0]), 52.10015864417713, GPS(-43.520600, 172.583000, 0.000000, var=[-1.0, -1.0, -1.0])
10:03:40:445332, 3, 1, 1631829820.44507, 12, GPS(-43.520688, 172.582874, 21.457672, var=[1.0, 1.0, 1.0]), 52.19207823735242, GPS(-43.520600, 172.583000, 0.000000, var=[-1.0, -1.0, -1.0])
10:03:40:445444, 1, 1, 1631829820.4436364, 11, GPS(-43.520509, 172.582874, 21.466959, var=[1.0, 1.0, 1.0]), 52.300617095537575, GPS(-43.520600, 172.583000, 0.000000, var=[-1.0, -1.0, -1.0])
10:03:40:445532, 2, 1, 1631829820.443757, 11, GPS(-43.520508, 172.583123, 21.455012, var=[1.0, 1.0, 1.0]), 52.23335744507101, GPS(-43.520600, 172.583000, 0.000000, var=[-1.0, -1.0, -1.0])
10:03:40:445613, 2, 1, 1631829820.445023, 12, GPS(-43.520508, 172.583123, 21.455012, var=[1.0, 1.0, 1.0]), 52.23335744507101, GPS(-43.520600, 172.583000, 0.000000, var=[-1.0, -1.0, -1.0])
10:03:40:445692, 1, 1, 1631829820.445074, 12, GPS(-43.520509, 172.582874, 21.466959, var=[1.0, 1.0, 1.0]), 52.300617095537575, GPS(-43.520600, 172.583000, 0.000000, var=[-1.0, -1.0, -1.0])
10:03:40:482885, 4, 1, 1631829820.4827464, 11, GPS(-43.520688, 172.583123, 21.462724, var=[1.0, 1.0, 1.0]), 52.08132127916106, GPS(-43.520600, 172.583000, 0.000000, var=[-1.0, -1.0, -1.0])
10:03:41:445873, 1, 1, 1631829821.4457264, 13, GPS(-43.520509, 172.582875, 21.458959, var=[1.0, 1.0, 1.0]), 52.266486400038396, GPS(-43.520600, 172.583000, 0.000000, var=[-1.0, -1.0, -1.0])
10:03:41:446342, 3, 1, 1631829821.4462636, 13, GPS(-43.520688, 172.582874, 21.451672, var=[1.0, 1.0, 1.0]), 52.162677432245786, GPS(-43.520600, 172.583000, 0.000000, var=[-1.0, -1.0, -1.0])
10:03:41:447284, 2, 1, 1631829821.4471104, 13, GPS(-43.520508, 172.583123, 21.457012, var=[1.0, 1.0, 1.0]), 52.22011748351797, GPS(-43.520600, 172.583000, 0.000000, var=[-1.0, -1.0, -1.0])
10:03:41:483460, 4, 1, 1631829821.4832358, 12, GPS(-43.520688, 172.583124, 21.433724, var=[1.0, 1.0, 1.0]), 52.066436397856506, GPS(-43.520600, 172.583000, 0.000000, var=[-1.0, -1.0, -1.0])
10:03:41:515127, 3, 1, 1631829821.5149717, 14, GPS(-43.520688, 172.582874, 21.452672, var=[1.0, 1.0, 1.0]), 52.160536934367414, GPS(-43.520600, 172.583000, 0.000000, var=[-1.0, -1.0, -1.0])
10:03:41:518023, 1, 1, 1631829821.5178916, 14, GPS(-43.520509, 172.582875, 21.456959, var=[1.0, 1.0, 1.0]), 52.25869197951137, GPS(-43.520600, 172.583000, 0.000000, var=[-1.0, -1.0, -1.0])
10:03:41:520588, 2, 1, 1631829821.5204697, 14, GPS(-43.520508, 172.583123, 21.457012, var=[1.0, 1.0, 1.0]), 52.217142291855794, GPS(-43.520600, 172.583000, 0.000000, var=[-1.0, -1.0, -1.0])
10:03:41:521607, 4, 1, 1631829821.5215113, 13, GPS(-43.520688, 172.583124, 21.432724, var=[1.0, 1.0, 1.0]), 52.0626240876862, GPS(-43.520600, 172.583000, 0.000000, var=[-1.0, -1.0, -1.0])
10:03:42:516075, 3, 1, 1631829822.515922, 15, GPS(-43.520688, 172.582874, 21.437672, var=[1.0, 1.0, 1.0]), 52.139516591514, GPS(-43.520600, 172.583000, 0.000000, var=[-1.0, -1.0, -1.0])
10:03:42:519410, 1, 1, 1631829822.519302, 15, GPS(-43.520508, 172.582875, 21.426959, var=[1.0, 1.0, 1.0]), 52.24129195933562, GPS(-43.520600, 172.583000, 0.000000, var=[-1.0, -1.0, -1.0])
10:03:42:521880, 2, 1, 1631829822.521777, 15, GPS(-43.520508, 172.583123, 21.436012, var=[1.0, 1.0, 1.0]), 52.20718409999684, GPS(-43.520600, 172.583000, 0.000000, var=[-1.0, -1.0, -1.0])
10:03:42:522037, 4, 1, 1631829822.5219522, 14, GPS(-43.520688, 172.583123, 21.421724, var=[1.0, 1.0, 1.0]), 52.046004265023335, GPS(-43.520600, 172.583000, 0.000000, var=[-1.0, -1.0, -1.0])
10:03:42:523598, 4, 1, 1631829822.5229046, 15, GPS(-43.520688, 172.583123, 21.421724, var=[1.0, 1.0, 1.0]), 52.046004265023335, GPS(-43.520600, 172.583000, 0.000000, var=[-1.0, -1.0, -1.0])
10:03:42:525151, 2, 1, 1631829822.5228815, 16, GPS(-43.520508, 172.583123, 21.436012, var=[1.0, 1.0, 1.0]), 52.20718409999684, GPS(-43.520600, 172.583000, 0.000000, var=[-1.0, -1.0, -1.0])
10:03:42:525213, 1, 1, 1631829822.522916, 16, GPS(-43.520508, 172.582875, 21.426959, var=[1.0, 1.0, 1.0]), 52.24129195933562, GPS(-43.520600, 172.583000, 0.000000, var=[-1.0, -1.0, -1.0])
10:03:42:525265, 3, 1, 1631829822.52292, 16, GPS(-43.520688, 172.582874, 21.437672, var=[1.0, 1.0, 1.0]), 52.139516591514, GPS(-43.520600, 172.583000, 0.000000, var=[-1.0, -1.0, -1.0])
10:03:43:524287, 4, 1, 1631829823.5240822, 16, GPS(-43.520688, 172.583123, 21.419724, var=[1.0, 1.0, 1.0]), 52.005642973033815, GPS(-43.520600, 172.583000, 0.000000, var=[-1.0, -1.0, -1.0])
10:03:43:526136, 4, 1, 1631829823.5252457, 17, GPS(-43.520688, 172.583123, 21.419724, var=[1.0, 1.0, 1.0]), 52.005642973033815, GPS(-43.520600, 172.583000, 0.000000, var=[-1.0, -1.0, -1.0])
10:03:43:526239, 2, 1, 1631829823.5244882, 17, GPS(-43.520507, 172.583123, 21.428013, var=[1.0, 1.0, 1.0]), 52.18130179237464, GPS(-43.520600, 172.583000, 0.000000, var=[-1.0, -1.0, -1.0])
10:03:43:526330, 3, 1, 1631829823.5246937, 17, GPS(-43.520688, 172.582874, 21.426673, var=[1.0, 1.0, 1.0]), 52.09363773075945, GPS(-43.520600, 172.583000, 0.000000, var=[-1.0, -1.0, -1.0])
10:03:43:526382, 1, 2, 1631829823.5247886, 17, GPS(-43.520508, 172.582875, 21.431960, var=[1.0, 1.0, 1.0]), 52.23114805472841, GPS(-43.520600, 172.583000, 0.000000, var=[-1.0, -1.0, -1.0])
10:03:43:527928, 1, 2, 1631829823.525256, 18, GPS(-43.520508, 172.582875, 21.431960, var=[1.0, 1.0, 1.0]), 52.23114805472841, GPS(-43.520600, 172.583000, 0.000000, var=[-1.0, -1.0, -1.0])
10:03:43:527995, 2, 1, 1631829823.5252304, 18, GPS(-43.520507, 172.583123, 21.428013, var=[1.0, 1.0, 1.0]), 52.18130179237464, GPS(-43.520600, 172.583000, 0.000000, var=[-1.0, -1.0, -1.0])
10:03:43:528057, 3, 1, 1631829823.52528, 18, GPS(-43.520688, 172.582874, 21.426673, var=[1.0, 1.0, 1.0]), 52.09363773075945, GPS(-43.520600, 172.583000, 0.000000, var=[-1.0, -1.0, -1.0])
10:03:44:525590, 4, 1, 1631829824.525441, 18, GPS(-43.520688, 172.583123, 21.406724, var=[1.0, 1.0, 1.0]), 51.981675717031166, GPS(-43.520600, 172.583000, 0.000000, var=[-1.0, -1.0, -1.0])
10:03:44:527101, 4, 1, 1631829824.5261757, 19, GPS(-43.520688, 172.583123, 21.406724, var=[1.0, 1.0, 1.0]), 51.981675717031166, GPS(-43.520600, 172.583000, 0.000000, var=[-1.0, -1.0, -1.0])
10:03:44:527153, 2, 1, 1631829824.5256047, 19, GPS(-43.520507, 172.583122, 21.413013, var=[1.0, 1.0, 1.0]), 52.160265440058765, GPS(-43.520600, 172.583000, 0.000000, var=[-1.0, -1.0, -1.0])
10:03:44:527196, 1, 2, 1631829824.525682, 19, GPS(-43.520508, 172.582875, 21.408960, var=[1.0, 1.0, 1.0]), 52.20962266947683, GPS(-43.520600, 172.583000, 0.000000, var=[-1.0, -1.0, -1.0])
10:03:44:527246, 3, 1, 1631829824.5261276, 19, GPS(-43.520688, 172.582874, 21.417673, var=[1.0, 1.0, 1.0]), 52.074032618043105, GPS(-43.520600, 172.583000, 0.000000, var=[-1.0, -1.0, -1.0])
10:03:44:528560, 3, 1, 1631829824.5262718, 20, GPS(-43.520688, 172.582874, 21.417673, var=[1.0, 1.0, 1.0]), 52.074032618043105, GPS(-43.520600, 172.583000, 0.000000, var=[-1.0, -1.0, -1.0])
10:03:44:528624, 2, 1, 1631829824.526135, 20, GPS(-43.520507, 172.583122, 21.413013, var=[1.0, 1.0, 1.0]), 52.160265440058765, GPS(-43.520600, 172.583000, 0.000000, var=[-1.0, -1.0, -1.0])
10:03:44:528664, 1, 2, 1631829824.5261743, 20, GPS(-43.520508, 172.582875, 21.408960, var=[1.0, 1.0, 1.0]), 52.20962266947683, GPS(-43.520600, 172.583000, 0.000000, var=[-1.0, -1.0, -1.0])
10:03:45:526406, 2, 1, 1631829825.5262449, 21, GPS(-43.520508, 172.583122, 21.413013, var=[1.0, 1.0, 1.0]), 52.135375637612576, GPS(-43.520600, 172.583000, 0.000000, var=[-1.0, -1.0, -1.0])
10:03:45:526825, 3, 1, 1631829825.5267031, 21, GPS(-43.520688, 172.582874, 21.409672, var=[1.0, 1.0, 1.0]), 52.069338281164804, GPS(-43.520600, 172.583000, 0.000000, var=[-1.0, -1.0, -1.0])
10:03:45:527491, 2, 1, 1631829825.5272124, 22, GPS(-43.520508, 172.583122, 21.413013, var=[1.0, 1.0, 1.0]), 52.135375637612576, GPS(-43.520600, 172.583000, 0.000000, var=[-1.0, -1.0, -1.0])
10:03:45:527957, 4, 1, 1631829825.5272484, 20, GPS(-43.520688, 172.583123, 21.417724, var=[1.0, 1.0, 1.0]), 51.97486721998391, GPS(-43.520600, 172.583000, 0.000000, var=[-1.0, -1.0, -1.0])
10:03:45:530023, 3, 1, 1631829825.5272458, 22, GPS(-43.520688, 172.582874, 21.409672, var=[1.0, 1.0, 1.0]), 52.069338281164804, GPS(-43.520600, 172.583000, 0.000000, var=[-1.0, -1.0, -1.0])
10:03:45:530162, 1, 2, 1631829825.5272484, 21, GPS(-43.520508, 172.582874, 21.400959, var=[1.0, 1.0, 1.0]), 52.187630642590264, GPS(-43.520600, 172.583000, 0.000000, var=[-1.0, -1.0, -1.0])
10:03:46:527421, 3, 1, 1631829826.5272696, 23, GPS(-43.520688, 172.582873, 21.402672, var=[1.0, 1.0, 1.0]), 52.063326751973165, GPS(-43.520600, 172.583000, 0.000000, var=[-1.0, -1.0, -1.0])
10:03:46:528958, 4, 1, 1631829826.5288196, 21, GPS(-43.520688, 172.583123, 21.407724, var=[1.0, 1.0, 1.0]), 51.96317321957594, GPS(-43.520600, 172.583000, 0.000000, var=[-1.0, -1.0, -1.0])
10:03:46:530636, 4, 1, 1631829826.5300796, 22, GPS(-43.520688, 172.583123, 21.407724, var=[1.0, 1.0, 1.0]), 51.96317321957594, GPS(-43.520600, 172.583000, 0.000000, var=[-1.0, -1.0, -1.0])
10:03:46:530749, 2, 2, 1631829826.5288415, 23, GPS(-43.520508, 172.583122, 21.403012, var=[1.0, 1.0, 1.0]), 52.1018558456275, GPS(-43.520600, 172.583000, 0.000000, var=[-1.0, -1.0, -1.0])
10:03:46:530821, 1, 2, 1631829826.5293033, 22, GPS(-43.520509, 172.582874, 21.400959, var=[1.0, 1.0, 1.0]), 52.166990454795105, GPS(-43.520600, 172.583000, 0.000000, var=[-1.0, -1.0, -1.0])
10:03:46:532499, 3, 1, 1631829826.5300949, 24, GPS(-43.520688, 172.582873, 21.402672, var=[1.0, 1.0, 1.0]), 52.063326751973165, GPS(-43.520600, 172.583000, 0.000000, var=[-1.0, -1.0, -1.0])
10:03:46:532561, 1, 2, 1631829826.5300903, 23, GPS(-43.520509, 172.582874, 21.400959, var=[1.0, 1.0, 1.0]), 52.166990454795105, GPS(-43.520600, 172.583000, 0.000000, var=[-1.0, -1.0, -1.0])
10:03:46:532615, 2, 2, 1631829826.530059, 24, GPS(-43.520508, 172.583122, 21.403012, var=[1.0, 1.0, 1.0]), 52.1018558456275, GPS(-43.520600, 172.583000, 0.000000, var=[-1.0, -1.0, -1.0])
10:03:47:531548, 4, 1, 1631829827.5313566, 23, GPS(-43.520689, 172.583123, 21.420723, var=[1.0, 1.0, 1.0]), 51.99815660889027, GPS(-43.520600, 172.583000, 0.000000, var=[-1.0, -1.0, -1.0])
10:03:47:533584, 4, 1, 1631829827.5326405, 24, GPS(-43.520689, 172.583123, 21.420723, var=[1.0, 1.0, 1.0]), 51.99815660889027, GPS(-43.520600, 172.583000, 0.000000, var=[-1.0, -1.0, -1.0])
10:03:47:533670, 2, 2, 1631829827.531429, 25, GPS(-43.520508, 172.583122, 21.402012, var=[1.0, 1.0, 1.0]), 52.09731693047804, GPS(-43.520600, 172.583000, 0.000000, var=[-1.0, -1.0, -1.0])
10:03:47:533732, 3, 1, 1631829827.5314767, 25, GPS(-43.520688, 172.582874, 21.391672, var=[1.0, 1.0, 1.0]), 52.05902053746131, GPS(-43.520600, 172.583000, 0.000000, var=[-1.0, -1.0, -1.0])
10:03:47:533788, 1, 2, 1631829827.5317833, 24, GPS(-43.520509, 172.582874, 21.407959, var=[1.0, 1.0, 1.0]), 52.16787365718222, GPS(-43.520600, 172.583000, 0.000000, var=[-1.0, -1.0, -1.0])
10:03:47:535901, 1, 2, 1631829827.5326807, 25, GPS(-43.520509, 172.582874, 21.407959, var=[1.0, 1.0, 1.0]), 52.16787365718222, GPS(-43.520600, 172.583000, 0.000000, var=[-1.0, -1.0, -1.0])
10:03:47:535972, 2, 2, 1631829827.5326285, 26, GPS(-43.520508, 172.583122, 21.402012, var=[1.0, 1.0, 1.0]), 52.09731693047804, GPS(-43.520600, 172.583000, 0.000000, var=[-1.0, -1.0, -1.0])
10:03:47:536032, 3, 1, 1631829827.53266, 26, GPS(-43.520688, 172.582874, 21.391672, var=[1.0, 1.0, 1.0]), 52.05902053746131, GPS(-43.520600, 172.583000, 0.000000, var=[-1.0, -1.0, -1.0])
10:03:48:533412, 4, 1, 1631829828.5332925, 25, GPS(-43.520689, 172.583123, 21.417723, var=[1.0, 1.0, 1.0]), 52.00064679780653, GPS(-43.520600, 172.583000, 0.000000, var=[-1.0, -1.0, -1.0])
10:03:48:534706, 3, 1, 1631829828.5341349, 27, GPS(-43.520688, 172.582874, 21.405672, var=[1.0, 1.0, 1.0]), 52.070496373254635, GPS(-43.520600, 172.583000, 0.000000, var=[-1.0, -1.0, -1.0])
10:03:48:534768, 1, 2, 1631829828.5333827, 26, GPS(-43.520509, 172.582875, 21.407958, var=[1.0, 1.0, 1.0]), 52.15154114933741, GPS(-43.520600, 172.583000, 0.000000, var=[-1.0, -1.0, -1.0])
10:03:48:534823, 2, 2, 1631829828.5337877, 27, GPS(-43.520508, 172.583122, 21.411012, var=[1.0, 1.0, 1.0]), 52.09780082329775, GPS(-43.520600, 172.583000, 0.000000, var=[-1.0, -1.0, -1.0])
10:03:48:560427, 2, 2, 1631829828.5602565, 28, GPS(-43.520508, 172.583122, 21.411012, var=[1.0, 1.0, 1.0]), 52.105669250334664, GPS(-43.520600, 172.583000, 0.000000, var=[-1.0, -1.0, -1.0])
10:03:48:571070, 1, 2, 1631829828.570862, 27, GPS(-43.520509, 172.582875, 21.407958, var=[1.0, 1.0, 1.0]), 52.15940957637432, GPS(-43.520600, 172.583000, 0.000000, var=[-1.0, -1.0, -1.0])
10:03:48:571192, 4, 1, 1631829828.5709348, 26, GPS(-43.520689, 172.583123, 21.417723, var=[1.0, 1.0, 1.0]), 52.01164563785099, GPS(-43.520600, 172.583000, 0.000000, var=[-1.0, -1.0, -1.0])
10:03:48:572600, 3, 1, 1631829828.5713594, 28, GPS(-43.520688, 172.582874, 21.405672, var=[1.0, 1.0, 1.0]), 52.075164025505075, GPS(-43.520600, 172.583000, 0.000000, var=[-1.0, -1.0, -1.0])
10:03:49:560774, 2, 2, 1631829829.5606391, 29, GPS(-43.520508, 172.583123, 21.421011, var=[1.0, 1.0, 1.0]), 52.1157769819773, GPS(-43.520600, 172.583000, 0.000000, var=[-1.0, -1.0, -1.0])
10:03:49:571965, 4, 1, 1631829829.571794, 27, GPS(-43.520689, 172.583123, 21.421723, var=[1.0, 1.0, 1.0]), 52.02241943968524, GPS(-43.520600, 172.583000, 0.000000, var=[-1.0, -1.0, -1.0])
10:03:49:573300, 4, 1, 1631829829.5726936, 28, GPS(-43.520689, 172.583123, 21.421723, var=[1.0, 1.0, 1.0]), 52.02241943968524, GPS(-43.520600, 172.583000, 0.000000, var=[-1.0, -1.0, -1.0])
10:03:49:573367, 1, 2, 1631829829.572469, 28, GPS(-43.520509, 172.582875, 21.410958, var=[1.0, 1.0, 1.0]), 52.14684671778009, GPS(-43.520600, 172.583000, 0.000000, var=[-1.0, -1.0, -1.0])
10:03:49:574571, 2, 2, 1631829829.572664, 30, GPS(-43.520508, 172.583123, 21.421012, var=[1.0, 1.0, 1.0]), 52.11887663726036, GPS(-43.520600, 172.583000, 0.000000, var=[-1.0, -1.0, -1.0])
10:03:49:574626, 3, 2, 1631829829.5727177, 29, GPS(-43.520689, 172.582874, 21.426671, var=[1.0, 1.0, 1.0]), 52.10547079714395, GPS(-43.520600, 172.583000, 0.000000, var=[-1.0, -1.0, -1.0])
10:03:49:574679, 1, 2, 1631829829.5726936, 29, GPS(-43.520509, 172.582875, 21.410958, var=[1.0, 1.0, 1.0]), 52.14684671778009, GPS(-43.520600, 172.583000, 0.000000, var=[-1.0, -1.0, -1.0])
10:03:50:573974, 4, 2, 1631829830.5738325, 29, GPS(-43.520689, 172.583123, 21.416723, var=[1.0, 1.0, 1.0]), 52.025089741347614, GPS(-43.520600, 172.583000, 0.000000, var=[-1.0, -1.0, -1.0])
10:03:50:575571, 2, 2, 1631829830.5743058, 31, GPS(-43.520508, 172.583123, 21.423011, var=[1.0, 1.0, 1.0]), 52.111385271995005, GPS(-43.520600, 172.583000, 0.000000, var=[-1.0, -1.0, -1.0])
10:03:50:575648, 3, 2, 1631829830.5741937, 30, GPS(-43.520689, 172.582874, 21.430671, var=[1.0, 1.0, 1.0]), 52.10701825646371, GPS(-43.520600, 172.583000, 0.000000, var=[-1.0, -1.0, -1.0])
10:03:50:575714, 1, 2, 1631829830.5742044, 30, GPS(-43.520509, 172.582875, 21.419958, var=[1.0, 1.0, 1.0]), 52.14075802570508, GPS(-43.520600, 172.583000, 0.000000, var=[-1.0, -1.0, -1.0])
10:03:50:605386, 1, 2, 1631829830.6052635, 31, GPS(-43.520509, 172.582875, 21.420958, var=[1.0, 1.0, 1.0]), 52.14445262388293, GPS(-43.520600, 172.583000, 0.000000, var=[-1.0, -1.0, -1.0])
10:03:50:608594, 4, 2, 1631829830.6084769, 30, GPS(-43.520689, 172.583123, 21.416723, var=[1.0, 1.0, 1.0]), 52.027951957192215, GPS(-43.520600, 172.583000, 0.000000, var=[-1.0, -1.0, -1.0])
10:03:50:644113, 2, 2, 1631829830.6439843, 32, GPS(-43.520508, 172.583123, 21.422011, var=[1.0, 1.0, 1.0]), 52.11341404744315, GPS(-43.520600, 172.583000, 0.000000, var=[-1.0, -1.0, -1.0])
10:03:50:645547, 3, 2, 1631829830.645368, 31, GPS(-43.520689, 172.582874, 21.430671, var=[1.0, 1.0, 1.0]), 52.109880472308305, GPS(-43.520600, 172.583000, 0.000000, var=[-1.0, -1.0, -1.0])
10:03:51:606671, 1, 2, 1631829831.6065361, 32, GPS(-43.520509, 172.582875, 21.431958, var=[1.0, 1.0, 1.0]), 52.16112552861293, GPS(-43.520600, 172.583000, 0.000000, var=[-1.0, -1.0, -1.0])
10:03:51:609151, 4, 2, 1631829831.6090274, 31, GPS(-43.520689, 172.583123, 21.433723, var=[1.0, 1.0, 1.0]), 52.034731000076775, GPS(-43.520600, 172.583000, 0.000000, var=[-1.0, -1.0, -1.0])
10:03:51:610448, 4, 2, 1631829831.6098905, 32, GPS(-43.520689, 172.583123, 21.433723, var=[1.0, 1.0, 1.0]), 52.034731000076775, GPS(-43.520600, 172.583000, 0.000000, var=[-1.0, -1.0, -1.0])
10:03:51:610516, 2, 2, 1631829831.6098845, 33, GPS(-43.520508, 172.583122, 21.417011, var=[1.0, 1.0, 1.0]), 52.09863754198611, GPS(-43.520600, 172.583000, 0.000000, var=[-1.0, -1.0, -1.0])
10:03:51:610568, 1, 2, 1631829831.6099176, 33, GPS(-43.520509, 172.582875, 21.431958, var=[1.0, 1.0, 1.0]), 52.16112552861293, GPS(-43.520600, 172.583000, 0.000000, var=[-1.0, -1.0, -1.0])
10:03:51:610618, 3, 2, 1631829831.6099215, 32, GPS(-43.520689, 172.582874, 21.425671, var=[1.0, 1.0, 1.0]), 52.1046375661478, GPS(-43.520600, 172.583000, 0.000000, var=[-1.0, -1.0, -1.0])
10:03:52:610180, 1, 2, 1631829832.6099448, 34, GPS(-43.520509, 172.582875, 21.434958, var=[1.0, 1.0, 1.0]), 52.17272836140235, GPS(-43.520600, 172.583000, 0.000000, var=[-1.0, -1.0, -1.0])
10:03:52:610723, 1, 2, 1631829832.6105824, 35, GPS(-43.520509, 172.582875, 21.434958, var=[1.0, 1.0, 1.0]), 52.17272836140235, GPS(-43.520600, 172.583000, 0.000000, var=[-1.0, -1.0, -1.0])
10:03:52:610814, 3, 2, 1631829832.6105812, 33, GPS(-43.520689, 172.582874, 21.444671, var=[1.0, 1.0, 1.0]), 52.13069243605861, GPS(-43.520600, 172.583000, 0.000000, var=[-1.0, -1.0, -1.0])
10:03:52:610875, 2, 2, 1631829832.6105294, 34, GPS(-43.520508, 172.583122, 21.441011, var=[1.0, 1.0, 1.0]), 52.1232780648851, GPS(-43.520600, 172.583000, 0.000000, var=[-1.0, -1.0, -1.0])
10:03:52:610920, 4, 2, 1631829832.6106937, 33, GPS(-43.520689, 172.583123, 21.442723, var=[1.0, 1.0, 1.0]), 52.04390072671465, GPS(-43.520600, 172.583000, 0.000000, var=[-1.0, -1.0, -1.0])
10:03:53:610837, 2, 2, 1631829833.6105754, 35, GPS(-43.520508, 172.583123, 21.442011, var=[1.0, 1.0, 1.0]), 52.137702711704755, GPS(-43.520600, 172.583000, 0.000000, var=[-1.0, -1.0, -1.0])
10:03:53:611092, 1, 2, 1631829833.6109772, 36, GPS(-43.520509, 172.582875, 21.446958, var=[1.0, 1.0, 1.0]), 52.186896742557934, GPS(-43.520600, 172.583000, 0.000000, var=[-1.0, -1.0, -1.0])
10:03:53:611710, 3, 2, 1631829833.6115756, 34, GPS(-43.520689, 172.582874, 21.442671, var=[1.0, 1.0, 1.0]), 52.125625998261796, GPS(-43.520600, 172.583000, 0.000000, var=[-1.0, -1.0, -1.0])
10:03:53:611962, 4, 2, 1631829833.6118357, 34, GPS(-43.520689, 172.583123, 21.436723, var=[1.0, 1.0, 1.0]), 52.044999255933405, GPS(-43.520600, 172.583000, 0.000000, var=[-1.0, -1.0, -1.0])
10:03:53:613363, 4, 2, 1631829833.6126812, 35, GPS(-43.520689, 172.583123, 21.436723, var=[1.0, 1.0, 1.0]), 52.044999255933405, GPS(-43.520600, 172.583000, 0.000000, var=[-1.0, -1.0, -1.0])
10:03:53:613414, 2, 2, 1631829833.6126654, 36, GPS(-43.520508, 172.583123, 21.442011, var=[1.0, 1.0, 1.0]), 52.137702711704755, GPS(-43.520600, 172.583000, 0.000000, var=[-1.0, -1.0, -1.0])
10:03:53:613450, 3, 2, 1631829833.6126945, 35, GPS(-43.520689, 172.582874, 21.442671, var=[1.0, 1.0, 1.0]), 52.125625998261796, GPS(-43.520600, 172.583000, 0.000000, var=[-1.0, -1.0, -1.0])
10:03:53:615185, 1, 2, 1631829833.6126928, 37, GPS(-43.520509, 172.582875, 21.446958, var=[1.0, 1.0, 1.0]), 52.186896742557934, GPS(-43.520600, 172.583000, 0.000000, var=[-1.0, -1.0, -1.0])
10:03:54:613341, 2, 2, 1631829834.6131773, 37, GPS(-43.520508, 172.583123, 21.444011, var=[1.0, 1.0, 1.0]), 52.17168757810917, GPS(-43.520600, 172.583000, 0.000000, var=[-1.0, -1.0, -1.0])
10:03:54:613512, 3, 2, 1631829834.6133723, 36, GPS(-43.520689, 172.582874, 21.436671, var=[1.0, 1.0, 1.0]), 52.13617085093892, GPS(-43.520600, 172.583000, 0.000000, var=[-1.0, -1.0, -1.0])
10:03:54:613621, 2, 2, 1631829834.6134744, 38, GPS(-43.520508, 172.583123, 21.444011, var=[1.0, 1.0, 1.0]), 52.17168757810917, GPS(-43.520600, 172.583000, 0.000000, var=[-1.0, -1.0, -1.0])
10:03:54:613685, 3, 2, 1631829834.6135597, 37, GPS(-43.520689, 172.582874, 21.436671, var=[1.0, 1.0, 1.0]), 52.13617085093892, GPS(-43.520600, 172.583000, 0.000000, var=[-1.0, -1.0, -1.0])
10:03:54:613729, 4, 2, 1631829834.613515, 36, GPS(-43.520689, 172.583123, 21.438723, var=[1.0, 1.0, 1.0]), 52.065386655655374, GPS(-43.520600, 172.583000, 0.000000, var=[-1.0, -1.0, -1.0])
10:03:54:614993, 1, 2, 1631829834.6135356, 38, GPS(-43.520509, 172.582875, 21.441959, var=[1.0, 1.0, 1.0]), 52.20378762133916, GPS(-43.520600, 172.583000, 0.000000, var=[-1.0, -1.0, -1.0])
10:03:55:614937, 1, 2, 1631829835.6148047, 39, GPS(-43.520509, 172.582875, 21.438958, var=[1.0, 1.0, 1.0]), 52.20413293457275, GPS(-43.520600, 172.583000, 0.000000, var=[-1.0, -1.0, -1.0])
10:03:55:615100, 2, 2, 1631829835.6149824, 39, GPS(-43.520508, 172.583123, 21.435012, var=[1.0, 1.0, 1.0]), 52.17574860199667, GPS(-43.520600, 172.583000, 0.000000, var=[-1.0, -1.0, -1.0])
10:03:55:615189, 2, 2, 1631829835.6151032, 40, GPS(-43.520508, 172.583123, 21.435012, var=[1.0, 1.0, 1.0]), 52.17574860199667, GPS(-43.520600, 172.583000, 0.000000, var=[-1.0, -1.0, -1.0])
10:03:55:615246, 4, 2, 1631829835.6150568, 37, GPS(-43.520689, 172.583123, 21.435723, var=[1.0, 1.0, 1.0]), 52.06692118669403, GPS(-43.520600, 172.583000, 0.000000, var=[-1.0, -1.0, -1.0])
10:03:55:616489, 1, 2, 1631829835.6150887, 40, GPS(-43.520509, 172.582875, 21.438958, var=[1.0, 1.0, 1.0]), 52.20413293457275, GPS(-43.520600, 172.583000, 0.000000, var=[-1.0, -1.0, -1.0])
10:03:55:616632, 3, 2, 1631829835.6150951, 38, GPS(-43.520689, 172.582874, 21.438671, var=[1.0, 1.0, 1.0]), 52.1429651836644, GPS(-43.520600, 172.583000, 0.000000, var=[-1.0, -1.0, -1.0])
10:03:55:616785, 4, 2, 1631829835.6152167, 38, GPS(-43.520689, 172.583123, 21.435723, var=[1.0, 1.0, 1.0]), 52.06692118669403, GPS(-43.520600, 172.583000, 0.000000, var=[-1.0, -1.0, -1.0])
10:03:56:615902, 4, 2, 1631829836.6157455, 39, GPS(-43.520689, 172.583123, 21.432723, var=[1.0, 1.0, 1.0]), 52.05539174008888, GPS(-43.520600, 172.583000, 0.000000, var=[-1.0, -1.0, -1.0])
10:03:56:616167, 1, 2, 1631829836.6160846, 41, GPS(-43.520509, 172.582875, 21.433958, var=[1.0, 1.0, 1.0]), 52.19411352057588, GPS(-43.520600, 172.583000, 0.000000, var=[-1.0, -1.0, -1.0])
10:03:56:616898, 3, 2, 1631829836.6166403, 39, GPS(-43.520689, 172.582874, 21.427671, var=[1.0, 1.0, 1.0]), 52.129045296998385, GPS(-43.520600, 172.583000, 0.000000, var=[-1.0, -1.0, -1.0])
10:03:56:618771, 2, 2, 1631829836.616685, 41, GPS(-43.520508, 172.583123, 21.428011, var=[1.0, 1.0, 1.0]), 52.153379113511505, GPS(-43.520600, 172.583000, 0.000000, var=[-1.0, -1.0, -1.0])
10:03:56:618877, 1, 2, 1631829836.61673, 42, GPS(-43.520509, 172.582875, 21.433958, var=[1.0, 1.0, 1.0]), 52.19411352057588, GPS(-43.520600, 172.583000, 0.000000, var=[-1.0, -1.0, -1.0])
10:03:56:618971, 4, 2, 1631829836.616797, 40, GPS(-43.520689, 172.583123, 21.432723, var=[1.0, 1.0, 1.0]), 52.05539174008888, GPS(-43.520600, 172.583000, 0.000000, var=[-1.0, -1.0, -1.0])
10:03:56:619058, 3, 2, 1631829836.6168818, 40, GPS(-43.520689, 172.582874, 21.427671, var=[1.0, 1.0, 1.0]), 52.129045296998385, GPS(-43.520600, 172.583000, 0.000000, var=[-1.0, -1.0, -1.0])
10:03:57:617261, 3, 2, 1631829837.617101, 41, GPS(-43.520689, 172.582874, 21.421671, var=[1.0, 1.0, 1.0]), 52.11597468460596, GPS(-43.520600, 172.583000, 0.000000, var=[-1.0, -1.0, -1.0])
10:03:57:617358, 2, 2, 1631829837.617271, 42, GPS(-43.520508, 172.583123, 21.427012, var=[1.0, 1.0, 1.0]), 52.14818423676802, GPS(-43.520600, 172.583000, 0.000000, var=[-1.0, -1.0, -1.0])
10:03:57:617757, 1, 2, 1631829837.617655, 43, GPS(-43.520509, 172.582875, 21.438958, var=[1.0, 1.0, 1.0]), 52.19881703756053, GPS(-43.520600, 172.583000, 0.000000, var=[-1.0, -1.0, -1.0])
10:03:57:618177, 4, 2, 1631829837.618072, 41, GPS(-43.520689, 172.583123, 21.419723, var=[1.0, 1.0, 1.0]), 52.03010894835602, GPS(-43.520600, 172.583000, 0.000000, var=[-1.0, -1.0, -1.0])
10:03:57:619383, 4, 2, 1631829837.6188467, 42, GPS(-43.520689, 172.583123, 21.419723, var=[1.0, 1.0, 1.0]), 52.03010894835602, GPS(-43.520600, 172.583000, 0.000000, var=[-1.0, -1.0, -1.0])
10:03:57:619435, 2, 2, 1631829837.6188333, 43, GPS(-43.520508, 172.583123, 21.427012, var=[1.0, 1.0, 1.0]), 52.14818423676802, GPS(-43.520600, 172.583000, 0.000000, var=[-1.0, -1.0, -1.0])
10:03:57:619503, 1, 2, 1631829837.6188426, 44, GPS(-43.520509, 172.582875, 21.438958, var=[1.0, 1.0, 1.0]), 52.19881703756053, GPS(-43.520600, 172.583000, 0.000000, var=[-1.0, -1.0, -1.0])
10:03:57:619539, 3, 2, 1631829837.6188798, 42, GPS(-43.520689, 172.582874, 21.421671, var=[1.0, 1.0, 1.0]), 52.11597468460596, GPS(-43.520600, 172.583000, 0.000000, var=[-1.0, -1.0, -1.0])
10:03:58:618991, 4, 2, 1631829838.6188552, 43, GPS(-43.520689, 172.583123, 21.427723, var=[1.0, 1.0, 1.0]), 52.035431893998044, GPS(-43.520600, 172.583000, 0.000000, var=[-1.0, -1.0, -1.0])
10:03:58:619294, 2, 2, 1631829838.6191895, 44, GPS(-43.520508, 172.583123, 21.437012, var=[1.0, 1.0, 1.0]), 52.16521241594303, GPS(-43.520600, 172.583000, 0.000000, var=[-1.0, -1.0, -1.0])
10:03:58:619545, 2, 2, 1631829838.619456, 45, GPS(-43.520508, 172.583123, 21.437012, var=[1.0, 1.0, 1.0]), 52.16521241594303, GPS(-43.520600, 172.583000, 0.000000, var=[-1.0, -1.0, -1.0])
10:03:58:619616, 4, 2, 1631829838.6194906, 44, GPS(-43.520689, 172.583123, 21.427723, var=[1.0, 1.0, 1.0]), 52.035431893998044, GPS(-43.520600, 172.583000, 0.000000, var=[-1.0, -1.0, -1.0])
10:03:58:619673, 3, 2, 1631829838.6195502, 43, GPS(-43.520689, 172.582874, 21.433672, var=[1.0, 1.0, 1.0]), 52.129882538157354, GPS(-43.520600, 172.583000, 0.000000, var=[-1.0, -1.0, -1.0])
10:03:58:620838, 1, 2, 1631829838.6196554, 45, GPS(-43.520509, 172.582875, 21.444959, var=[1.0, 1.0, 1.0]), 52.21858812334899, GPS(-43.520600, 172.583000, 0.000000, var=[-1.0, -1.0, -1.0])
10:03:59:620172, 2, 2, 1631829839.6200287, 46, GPS(-43.520508, 172.583122, 21.431012, var=[1.0, 1.0, 1.0]), 52.16406865673216, GPS(-43.520600, 172.583000, 0.000000, var=[-1.0, -1.0, -1.0])
10:03:59:621005, 2, 2, 1631829839.6209104, 47, GPS(-43.520508, 172.583122, 21.431012, var=[1.0, 1.0, 1.0]), 52.16406865673216, GPS(-43.520600, 172.583000, 0.000000, var=[-1.0, -1.0, -1.0])
10:03:59:621083, 4, 2, 1631829839.6209688, 45, GPS(-43.520689, 172.583123, 21.437723, var=[1.0, 1.0, 1.0]), 52.04330793134823, GPS(-43.520600, 172.583000, 0.000000, var=[-1.0, -1.0, -1.0])
10:03:59:621148, 3, 2, 1631829839.6209645, 44, GPS(-43.520688, 172.582874, 21.433672, var=[1.0, 1.0, 1.0]), 52.13460445086899, GPS(-43.520600, 172.583000, 0.000000, var=[-1.0, -1.0, -1.0])
10:03:59:622720, 1, 2, 1631829839.6209626, 46, GPS(-43.520509, 172.582875, 21.431959, var=[1.0, 1.0, 1.0]), 52.22098338870461, GPS(-43.520600, 172.583000, 0.000000, var=[-1.0, -1.0, -1.0])
10:04:00:621310, 1, 2, 1631829840.6211445, 47, GPS(-43.520509, 172.582874, 21.433959, var=[1.0, 1.0, 1.0]), 52.223515012383984, GPS(-43.520600, 172.583000, 0.000000, var=[-1.0, -1.0, -1.0])
10:04:00:622085, 4, 2, 1631829840.6219554, 46, GPS(-43.520689, 172.583123, 21.425723, var=[1.0, 1.0, 1.0]), 52.03532831399626, GPS(-43.520600, 172.583000, 0.000000, var=[-1.0, -1.0, -1.0])
10:04:00:622320, 2, 2, 1631829840.6222234, 48, GPS(-43.520508, 172.583122, 21.428012, var=[1.0, 1.0, 1.0]), 52.15303129098934, GPS(-43.520600, 172.583000, 0.000000, var=[-1.0, -1.0, -1.0])
10:04:00:622719, 3, 2, 1631829840.6226168, 45, GPS(-43.520688, 172.582874, 21.424672, var=[1.0, 1.0, 1.0]), 52.13236612925486, GPS(-43.520600, 172.583000, 0.000000, var=[-1.0, -1.0, -1.0])
10:04:00:623984, 3, 2, 1631829840.6228614, 46, GPS(-43.520688, 172.582874, 21.424672, var=[1.0, 1.0, 1.0]), 52.13236612925486, GPS(-43.520600, 172.583000, 0.000000, var=[-1.0, -1.0, -1.0])
10:04:00:625650, 2, 2, 1631829840.6228218, 49, GPS(-43.520508, 172.583122, 21.428012, var=[1.0, 1.0, 1.0]), 52.15303129098934, GPS(-43.520600, 172.583000, 0.000000, var=[-1.0, -1.0, -1.0])
10:04:00:625739, 4, 2, 1631829840.6228426, 47, GPS(-43.520689, 172.583123, 21.425723, var=[1.0, 1.0, 1.0]), 52.03532831399626, GPS(-43.520600, 172.583000, 0.000000, var=[-1.0, -1.0, -1.0])
10:04:00:625823, 1, 2, 1631829840.622855, 48, GPS(-43.520509, 172.582874, 21.433959, var=[1.0, 1.0, 1.0]), 52.223515012383984, GPS(-43.520600, 172.583000, 0.000000, var=[-1.0, -1.0, -1.0])
10:04:01:623450, 3, 2, 1631829841.6233256, 47, GPS(-43.520688, 172.582873, 21.435672, var=[1.0, 1.0, 1.0]), 52.13731494112078, GPS(-43.520600, 172.583000, 0.000000, var=[-1.0, -1.0, -1.0])
10:04:01:624855, 3, 2, 1631829841.6241062, 48, GPS(-43.520688, 172.582873, 21.435672, var=[1.0, 1.0, 1.0]), 52.13731494112078, GPS(-43.520600, 172.583000, 0.000000, var=[-1.0, -1.0, -1.0])
10:04:01:624919, 2, 2, 1631829841.6236641, 50, GPS(-43.520508, 172.583122, 21.435012, var=[1.0, 1.0, 1.0]), 52.136469012992436, GPS(-43.520600, 172.583000, 0.000000, var=[-1.0, -1.0, -1.0])
10:04:01:624955, 4, 2, 1631829841.623661, 48, GPS(-43.520689, 172.583123, 21.435723, var=[1.0, 1.0, 1.0]), 52.03114952010617, GPS(-43.520600, 172.583000, 0.000000, var=[-1.0, -1.0, -1.0])
10:04:01:626111, 1, 2, 1631829841.624026, 49, GPS(-43.520509, 172.582874, 21.425958, var=[1.0, 1.0, 1.0]), 52.20395273686173, GPS(-43.520600, 172.583000, 0.000000, var=[-1.0, -1.0, -1.0])
10:04:01:626168, 1, 2, 1631829841.6241684, 50, GPS(-43.520509, 172.582874, 21.425958, var=[1.0, 1.0, 1.0]), 52.20395273686173, GPS(-43.520600, 172.583000, 0.000000, var=[-1.0, -1.0, -1.0])
10:04:01:626223, 2, 2, 1631829841.6240869, 51, GPS(-43.520508, 172.583122, 21.435012, var=[1.0, 1.0, 1.0]), 52.136469012992436, GPS(-43.520600, 172.583000, 0.000000, var=[-1.0, -1.0, -1.0])
10:04:01:626261, 4, 2, 1631829841.624129, 49, GPS(-43.520689, 172.583123, 21.435723, var=[1.0, 1.0, 1.0]), 52.03114952010617, GPS(-43.520600, 172.583000, 0.000000, var=[-1.0, -1.0, -1.0])
10:04:02:624245, 3, 2, 1631829842.6241145, 49, GPS(-43.520689, 172.582873, 21.435671, var=[1.0, 1.0, 1.0]), 52.14603059387477, GPS(-43.520600, 172.583000, 0.000000, var=[-1.0, -1.0, -1.0])
10:04:02:625515, 3, 2, 1631829842.6249785, 50, GPS(-43.520689, 172.582873, 21.435671, var=[1.0, 1.0, 1.0]), 52.14603059387477, GPS(-43.520600, 172.583000, 0.000000, var=[-1.0, -1.0, -1.0])
10:04:02:625568, 4, 2, 1631829842.6245914, 50, GPS(-43.520689, 172.583123, 21.438723, var=[1.0, 1.0, 1.0]), 52.04460509539657, GPS(-43.520600, 172.583000, 0.000000, var=[-1.0, -1.0, -1.0])
10:04:02:627120, 2, 2, 1631829842.6249409, 52, GPS(-43.520508, 172.583122, 21.431011, var=[1.0, 1.0, 1.0]), 52.11309046310203, GPS(-43.520600, 172.583000, 0.000000, var=[-1.0, -1.0, -1.0])
10:04:02:627162, 1, 2, 1631829842.624973, 51, GPS(-43.520509, 172.582874, 21.427958, var=[1.0, 1.0, 1.0]), 52.21001091753515, GPS(-43.520600, 172.583000, 0.000000, var=[-1.0, -1.0, -1.0])
10:04:02:627197, 4, 2, 1631829842.6249533, 51, GPS(-43.520689, 172.583123, 21.438723, var=[1.0, 1.0, 1.0]), 52.04460509539657, GPS(-43.520600, 172.583000, 0.000000, var=[-1.0, -1.0, -1.0])
10:04:03:625422, 4, 2, 1631829843.6252794, 52, GPS(-43.520689, 172.583123, 21.443723, var=[1.0, 1.0, 1.0]), 52.050391007635454, GPS(-43.520600, 172.583000, 0.000000, var=[-1.0, -1.0, -1.0])
10:04:03:625682, 4, 2, 1631829843.625573, 53, GPS(-43.520689, 172.583123, 21.443723, var=[1.0, 1.0, 1.0]), 52.050391007635454, GPS(-43.520600, 172.583000, 0.000000, var=[-1.0, -1.0, -1.0])
10:04:03:625758, 2, 2, 1631829843.6255713, 53, GPS(-43.520508, 172.583122, 21.433011, var=[1.0, 1.0, 1.0]), 52.123744926231026, GPS(-43.520600, 172.583000, 0.000000, var=[-1.0, -1.0, -1.0])
10:04:03:625811, 1, 2, 1631829843.625595, 52, GPS(-43.520509, 172.582874, 21.445958, var=[1.0, 1.0, 1.0]), 52.22217190607633, GPS(-43.520600, 172.583000, 0.000000, var=[-1.0, -1.0, -1.0])
10:04:03:625858, 3, 2, 1631829843.625607, 51, GPS(-43.520689, 172.582873, 21.434671, var=[1.0, 1.0, 1.0]), 52.162837651429506, GPS(-43.520600, 172.583000, 0.000000, var=[-1.0, -1.0, -1.0])
10:04:04:625807, 2, 2, 1631829844.6256366, 54, GPS(-43.520508, 172.583122, 21.448011, var=[1.0, 1.0, 1.0]), 52.140860276228224, GPS(-43.520600, 172.583000, 0.000000, var=[-1.0, -1.0, -1.0])
10:04:04:626197, 1, 2, 1631829844.6257915, 53, GPS(-43.520509, 172.582874, 21.450958, var=[1.0, 1.0, 1.0]), 52.229080335561335, GPS(-43.520600, 172.583000, 0.000000, var=[-1.0, -1.0, -1.0])
10:04:04:627565, 4, 2, 1631829844.6274061, 54, GPS(-43.520689, 172.583123, 21.438723, var=[1.0, 1.0, 1.0]), 52.05213001869993, GPS(-43.520600, 172.583000, 0.000000, var=[-1.0, -1.0, -1.0])
10:04:04:627694, 1, 2, 1631829844.6274633, 54, GPS(-43.520509, 172.582874, 21.450958, var=[1.0, 1.0, 1.0]), 52.229080335561335, GPS(-43.520600, 172.583000, 0.000000, var=[-1.0, -1.0, -1.0])
10:04:04:627760, 3, 2, 1631829844.6274705, 52, GPS(-43.520689, 172.582873, 21.449671, var=[1.0, 1.0, 1.0]), 52.182323505067444, GPS(-43.520600, 172.583000, 0.000000, var=[-1.0, -1.0, -1.0])
10:04:04:629034, 2, 2, 1631829844.6274853, 55, GPS(-43.520508, 172.583122, 21.448011, var=[1.0, 1.0, 1.0]), 52.140860276228224, GPS(-43.520600, 172.583000, 0.000000, var=[-1.0, -1.0, -1.0])
10:04:04:629097, 4, 2, 1631829844.6275713, 55, GPS(-43.520689, 172.583123, 21.438723, var=[1.0, 1.0, 1.0]), 52.05213001869993, GPS(-43.520600, 172.583000, 0.000000, var=[-1.0, -1.0, -1.0])
10:04:05:628005, 1, 2, 1631829845.627692, 55, GPS(-43.520509, 172.582874, 21.456958, var=[1.0, 1.0, 1.0]), 52.239920174800545, GPS(-43.520600, 172.583000, 0.000000, var=[-1.0, -1.0, -1.0])
10:04:05:628259, 4, 2, 1631829845.6281626, 56, GPS(-43.520689, 172.583123, 21.444723, var=[1.0, 1.0, 1.0]), 52.064993707184584, GPS(-43.520600, 172.583000, 0.000000, var=[-1.0, -1.0, -1.0])
10:04:05:628623, 3, 2, 1631829845.628508, 53, GPS(-43.520689, 172.582873, 21.454671, var=[1.0, 1.0, 1.0]), 52.192307581775225, GPS(-43.520600, 172.583000, 0.000000, var=[-1.0, -1.0, -1.0])
10:04:05:630590, 3, 2, 1631829845.6291435, 54, GPS(-43.520689, 172.582873, 21.454671, var=[1.0, 1.0, 1.0]), 52.192307581775225, GPS(-43.520600, 172.583000, 0.000000, var=[-1.0, -1.0, -1.0])
10:04:05:631855, 2, 2, 1631829845.6287653, 56, GPS(-43.520508, 172.583122, 21.454011, var=[1.0, 1.0, 1.0]), 52.16106021077518, GPS(-43.520600, 172.583000, 0.000000, var=[-1.0, -1.0, -1.0])
10:04:05:631919, 4, 2, 1631829845.6291318, 57, GPS(-43.520689, 172.583123, 21.444723, var=[1.0, 1.0, 1.0]), 52.064993707184584, GPS(-43.520600, 172.583000, 0.000000, var=[-1.0, -1.0, -1.0])
10:04:05:631974, 1, 2, 1631829845.6291637, 56, GPS(-43.520509, 172.582874, 21.456958, var=[1.0, 1.0, 1.0]), 52.239920174800545, GPS(-43.520600, 172.583000, 0.000000, var=[-1.0, -1.0, -1.0])
10:04:05:632025, 2, 2, 1631829845.629112, 57, GPS(-43.520508, 172.583122, 21.454011, var=[1.0, 1.0, 1.0]), 52.16106021077518, GPS(-43.520600, 172.583000, 0.000000, var=[-1.0, -1.0, -1.0])
10:04:06:629439, 4, 2, 1631829846.6292799, 58, GPS(-43.520689, 172.583123, 21.462723, var=[1.0, 1.0, 1.0]), 52.08215948076305, GPS(-43.520600, 172.583000, 0.000000, var=[-1.0, -1.0, -1.0])
10:04:06:629533, 2, 2, 1631829846.6292903, 58, GPS(-43.520508, 172.583122, 21.452011, var=[1.0, 1.0, 1.0]), 52.164545578477274, GPS(-43.520600, 172.583000, 0.000000, var=[-1.0, -1.0, -1.0])
10:04:06:629587, 3, 2, 1631829846.6293535, 55, GPS(-43.520689, 172.582874, 21.454671, var=[1.0, 1.0, 1.0]), 52.17741378762881, GPS(-43.520600, 172.583000, 0.000000, var=[-1.0, -1.0, -1.0])
10:04:06:630930, 4, 2, 1631829846.6305418, 59, GPS(-43.520689, 172.583123, 21.462723, var=[1.0, 1.0, 1.0]), 52.08215948076305, GPS(-43.520600, 172.583000, 0.000000, var=[-1.0, -1.0, -1.0])
10:04:06:631035, 2, 2, 1631829846.6305268, 59, GPS(-43.520508, 172.583122, 21.452011, var=[1.0, 1.0, 1.0]), 52.164545578477274, GPS(-43.520600, 172.583000, 0.000000, var=[-1.0, -1.0, -1.0])
10:04:06:631090, 3, 2, 1631829846.6305945, 56, GPS(-43.520689, 172.582874, 21.454671, var=[1.0, 1.0, 1.0]), 52.17741378762881, GPS(-43.520600, 172.583000, 0.000000, var=[-1.0, -1.0, -1.0])
10:04:06:632903, 1, 2, 1631829846.6305666, 57, GPS(-43.520509, 172.582875, 21.455958, var=[1.0, 1.0, 1.0]), 52.22855712483623, GPS(-43.520600, 172.583000, 0.000000, var=[-1.0, -1.0, -1.0])
10:04:06:632964, 1, 2, 1631829846.6307166, 58, GPS(-43.520509, 172.582875, 21.455958, var=[1.0, 1.0, 1.0]), 52.22855712483623, GPS(-43.520600, 172.583000, 0.000000, var=[-1.0, -1.0, -1.0])
10:04:07:631131, 2, 2, 1631829847.6310053, 60, GPS(-43.520508, 172.583123, 21.461011, var=[1.0, 1.0, 1.0]), 52.18862249729058, GPS(-43.520600, 172.583000, 0.000000, var=[-1.0, -1.0, -1.0])
10:04:07:631215, 3, 2, 1631829847.6310499, 57, GPS(-43.520689, 172.582874, 21.463671, var=[1.0, 1.0, 1.0]), 52.19089651850543, GPS(-43.520600, 172.583000, 0.000000, var=[-1.0, -1.0, -1.0])
10:04:07:632570, 4, 2, 1631829847.631032, 60, GPS(-43.520689, 172.583123, 21.473723, var=[1.0, 1.0, 1.0]), 52.10476096507752, GPS(-43.520600, 172.583000, 0.000000, var=[-1.0, -1.0, -1.0])
10:04:07:632613, 1, 2, 1631829847.631199, 59, GPS(-43.520509, 172.582875, 21.469958, var=[1.0, 1.0, 1.0]), 52.24618789298689, GPS(-43.520600, 172.583000, 0.000000, var=[-1.0, -1.0, -1.0])
10:04:08:631314, 2, 2, 1631829848.6311734, 61, GPS(-43.520508, 172.583123, 21.486011, var=[1.0, 1.0, 1.0]), 52.2124512393635, GPS(-43.520600, 172.583000, 0.000000, var=[-1.0, -1.0, -1.0])
10:04:08:631389, 3, 2, 1631829848.6311462, 58, GPS(-43.520689, 172.582874, 21.476671, var=[1.0, 1.0, 1.0]), 52.20152105476298, GPS(-43.520600, 172.583000, 0.000000, var=[-1.0, -1.0, -1.0])
10:04:08:633004, 3, 2, 1631829848.632708, 59, GPS(-43.520689, 172.582874, 21.476671, var=[1.0, 1.0, 1.0]), 52.20152105476298, GPS(-43.520600, 172.583000, 0.000000, var=[-1.0, -1.0, -1.0])
10:04:08:634430, 1, 2, 1631829848.6326728, 60, GPS(-43.520509, 172.582875, 21.481958, var=[1.0, 1.0, 1.0]), 52.25164612339121, GPS(-43.520600, 172.583000, 0.000000, var=[-1.0, -1.0, -1.0])
10:04:08:634494, 2, 2, 1631829848.6326964, 62, GPS(-43.520508, 172.583123, 21.486011, var=[1.0, 1.0, 1.0]), 52.2124512393635, GPS(-43.520600, 172.583000, 0.000000, var=[-1.0, -1.0, -1.0])
10:04:08:634551, 4, 2, 1631829848.6327775, 61, GPS(-43.520689, 172.583123, 21.485723, var=[1.0, 1.0, 1.0]), 52.128320267816456, GPS(-43.520600, 172.583000, 0.000000, var=[-1.0, -1.0, -1.0])
10:04:08:634604, 1, 2, 1631829848.6328247, 61, GPS(-43.520509, 172.582875, 21.481958, var=[1.0, 1.0, 1.0]), 52.25164612339121, GPS(-43.520600, 172.583000, 0.000000, var=[-1.0, -1.0, -1.0])
10:04:09:633031, 1, 2, 1631829849.632888, 62, GPS(-43.520510, 172.582875, 21.489958, var=[1.0, 1.0, 1.0]), 52.27078630192658, GPS(-43.520600, 172.583000, 0.000000, var=[-1.0, -1.0, -1.0])
10:04:09:633234, 2, 2, 1631829849.633124, 63, GPS(-43.520508, 172.583123, 21.496011, var=[1.0, 1.0, 1.0]), 52.240771608698935, GPS(-43.520600, 172.583000, 0.000000, var=[-1.0, -1.0, -1.0])
10:04:09:633306, 4, 2, 1631829849.6331604, 62, GPS(-43.520689, 172.583123, 21.498722, var=[1.0, 1.0, 1.0]), 52.17402274701091, GPS(-43.520600, 172.583000, 0.000000, var=[-1.0, -1.0, -1.0])
10:04:09:634607, 2, 2, 1631829849.6344998, 64, GPS(-43.520508, 172.583123, 21.496011, var=[1.0, 1.0, 1.0]), 52.240771608698935, GPS(-43.520600, 172.583000, 0.000000, var=[-1.0, -1.0, -1.0])
STOP: 09/17/2021 10:10:22:737413
