START: 09/15/2021 09:54:04:529287
TIME,            RX_ID,          STATE,          TIMESTAMP,          SEQ_NO,          RX_COORDS,          RANGE_READING,          TARGET_COORDS,          
09:54:14:146614, 1, 1, 1631656454.109449, 0, GPS(-43.520554, 172.582939, 21.293901, var=[1.0, 1.0, 1.0]), 37.45708543623842, GPS(-43.520600, 172.583000, 0.000000, var=[-1.0, -1.0, -1.0])
09:54:14:167068, 2, 1, 1631656454.162563, 0, GPS(-43.520553, 172.583063, 21.324927, var=[1.0, 1.0, 1.0]), 37.53079838323552, GPS(-43.520600, 172.583000, 0.000000, var=[-1.0, -1.0, -1.0])
09:54:14:203421, 4, 1, 1631656454.199805, 0, GPS(-43.520645, 172.583063, 21.296781, var=[1.0, 1.0, 1.0]), 37.44885284132337, GPS(-43.520600, 172.583000, 0.000000, var=[-1.0, -1.0, -1.0])
09:54:14:206953, 3, 1, 1631656454.20404, 0, GPS(-43.520644, 172.582939, 21.293756, var=[1.0, 1.0, 1.0]), 37.411565512943014, GPS(-43.520600, 172.583000, 0.000000, var=[-1.0, -1.0, -1.0])
09:54:15:116190, 1, 1, 1631656455.1111505, 1, GPS(-43.520554, 172.582939, 21.322901, var=[1.0, 1.0, 1.0]), 48.77720361921328, GPS(-43.520600, 172.583000, 0.000000, var=[-1.0, -1.0, -1.0])
09:54:15:167849, 2, 1, 1631656455.1636147, 1, GPS(-43.520553, 172.583063, 21.377927, var=[1.0, 1.0, 1.0]), 48.87000612112291, GPS(-43.520600, 172.583000, 0.000000, var=[-1.0, -1.0, -1.0])
09:54:15:205075, 4, 1, 1631656455.2009008, 1, GPS(-43.520645, 172.583063, 21.323781, var=[1.0, 1.0, 1.0]), 48.76531918131819, GPS(-43.520600, 172.583000, 0.000000, var=[-1.0, -1.0, -1.0])
09:54:15:210515, 3, 1, 1631656455.20588, 1, GPS(-43.520644, 172.582938, 21.328756, var=[1.0, 1.0, 1.0]), 48.739241073900644, GPS(-43.520600, 172.583000, 0.000000, var=[-1.0, -1.0, -1.0])
09:54:16:116765, 1, 1, 1631656456.112574, 2, GPS(-43.520554, 172.582939, 21.335901, var=[1.0, 1.0, 1.0]), 48.886760765796616, GPS(-43.520600, 172.583000, 0.000000, var=[-1.0, -1.0, -1.0])
09:54:16:167637, 2, 1, 1631656456.1638627, 2, GPS(-43.520553, 172.583063, 21.410927, var=[1.0, 1.0, 1.0]), 48.994080486022334, GPS(-43.520600, 172.583000, 0.000000, var=[-1.0, -1.0, -1.0])
09:54:16:208141, 4, 1, 1631656456.202618, 2, GPS(-43.520645, 172.583063, 21.354781, var=[1.0, 1.0, 1.0]), 48.890095933264575, GPS(-43.520600, 172.583000, 0.000000, var=[-1.0, -1.0, -1.0])
09:54:16:211202, 3, 1, 1631656456.205917, 2, GPS(-43.520644, 172.582938, 21.352756, var=[1.0, 1.0, 1.0]), 48.85860700019359, GPS(-43.520600, 172.583000, 0.000000, var=[-1.0, -1.0, -1.0])
09:54:17:118945, 1, 1, 1631656457.1133351, 3, GPS(-43.520553, 172.582939, 21.356901, var=[1.0, 1.0, 1.0]), 48.95923224769688, GPS(-43.520600, 172.583000, 0.000000, var=[-1.0, -1.0, -1.0])
09:54:17:169871, 2, 1, 1631656457.165164, 3, GPS(-43.520553, 172.583063, 21.429927, var=[1.0, 1.0, 1.0]), 49.05773115187526, GPS(-43.520600, 172.583000, 0.000000, var=[-1.0, -1.0, -1.0])
09:54:17:209629, 4, 1, 1631656457.2041605, 3, GPS(-43.520645, 172.583063, 21.363781, var=[1.0, 1.0, 1.0]), 48.952908986953545, GPS(-43.520600, 172.583000, 0.000000, var=[-1.0, -1.0, -1.0])
09:54:17:212350, 3, 1, 1631656457.2070894, 3, GPS(-43.520644, 172.582938, 21.363756, var=[1.0, 1.0, 1.0]), 48.924430145474545, GPS(-43.520600, 172.583000, 0.000000, var=[-1.0, -1.0, -1.0])
09:54:18:120190, 1, 1, 1631656458.1154122, 4, GPS(-43.520554, 172.582939, 21.365901, var=[1.0, 1.0, 1.0]), 48.998709250468764, GPS(-43.520600, 172.583000, 0.000000, var=[-1.0, -1.0, -1.0])
09:54:18:169384, 2, 1, 1631656458.1653972, 4, GPS(-43.520553, 172.583063, 21.434927, var=[1.0, 1.0, 1.0]), 49.09850416140729, GPS(-43.520600, 172.583000, 0.000000, var=[-1.0, -1.0, -1.0])
09:54:18:210123, 4, 1, 1631656458.204311, 4, GPS(-43.520645, 172.583063, 21.369781, var=[1.0, 1.0, 1.0]), 48.9977429360662, GPS(-43.520600, 172.583000, 0.000000, var=[-1.0, -1.0, -1.0])
09:54:18:212901, 3, 1, 1631656458.207502, 4, GPS(-43.520644, 172.582938, 21.366756, var=[1.0, 1.0, 1.0]), 48.96574890917242, GPS(-43.520600, 172.583000, 0.000000, var=[-1.0, -1.0, -1.0])
09:54:19:120697, 1, 1, 1631656459.1156027, 5, GPS(-43.520554, 172.582939, 21.378900, var=[1.0, 1.0, 1.0]), 49.034971243378024, GPS(-43.520600, 172.583000, 0.000000, var=[-1.0, -1.0, -1.0])
09:54:19:170588, 2, 1, 1631656459.1666281, 5, GPS(-43.520553, 172.583063, 21.446927, var=[1.0, 1.0, 1.0]), 49.13887443368975, GPS(-43.520600, 172.583000, 0.000000, var=[-1.0, -1.0, -1.0])
09:54:19:212543, 4, 1, 1631656459.2060142, 5, GPS(-43.520645, 172.583063, 21.392781, var=[1.0, 1.0, 1.0]), 49.04741627848896, GPS(-43.520600, 172.583000, 0.000000, var=[-1.0, -1.0, -1.0])
09:54:19:214709, 3, 1, 1631656459.2090712, 5, GPS(-43.520645, 172.582938, 21.375755, var=[1.0, 1.0, 1.0]), 49.009971429616066, GPS(-43.520600, 172.583000, 0.000000, var=[-1.0, -1.0, -1.0])
09:54:20:120785, 1, 1, 1631656460.115712, 6, GPS(-43.520554, 172.582939, 21.401900, var=[1.0, 1.0, 1.0]), 49.06758301691758, GPS(-43.520600, 172.583000, 0.000000, var=[-1.0, -1.0, -1.0])
09:54:20:171592, 2, 1, 1631656460.1670651, 6, GPS(-43.520553, 172.583063, 21.473927, var=[1.0, 1.0, 1.0]), 49.17602858165293, GPS(-43.520600, 172.583000, 0.000000, var=[-1.0, -1.0, -1.0])
09:54:20:210925, 4, 1, 1631656460.2062383, 6, GPS(-43.520645, 172.583063, 21.397781, var=[1.0, 1.0, 1.0]), 49.059380719011244, GPS(-43.520600, 172.583000, 0.000000, var=[-1.0, -1.0, -1.0])
09:54:20:214985, 3, 1, 1631656460.210535, 6, GPS(-43.520645, 172.582938, 21.391755, var=[1.0, 1.0, 1.0]), 49.03240080394317, GPS(-43.520600, 172.583000, 0.000000, var=[-1.0, -1.0, -1.0])
09:54:21:122614, 1, 1, 1631656461.1169727, 7, GPS(-43.520554, 172.582939, 21.417900, var=[1.0, 1.0, 1.0]), 49.10005889269384, GPS(-43.520600, 172.583000, 0.000000, var=[-1.0, -1.0, -1.0])
09:54:21:172219, 2, 1, 1631656461.169143, 7, GPS(-43.520553, 172.583063, 21.492927, var=[1.0, 1.0, 1.0]), 49.206285722051256, GPS(-43.520600, 172.583000, 0.000000, var=[-1.0, -1.0, -1.0])
09:54:21:210767, 4, 1, 1631656461.2075174, 7, GPS(-43.520645, 172.583063, 21.416781, var=[1.0, 1.0, 1.0]), 49.09336656310946, GPS(-43.520600, 172.583000, 0.000000, var=[-1.0, -1.0, -1.0])
09:54:21:215952, 3, 1, 1631656461.2120671, 7, GPS(-43.520645, 172.582938, 21.411755, var=[1.0, 1.0, 1.0]), 49.064400914740915, GPS(-43.520600, 172.583000, 0.000000, var=[-1.0, -1.0, -1.0])
STOP: 09/15/2021 09:54:22:371322
