START: 09/17/2021 09:59:57:355839
TIME,            RX_ID,          STATE,          TIMESTAMP,          SEQ_NO,          RX_COORDS,          RANGE_READING,          TARGET_COORDS,          
10:00:11:003579, 4, 1, 1631829610.982227, 0, GPS(-43.520689, 172.583122, 21.438723, var=[1.0, 1.0, 1.0]), 40.60073157843908, GPS(-43.520600, 172.583000, 0.000000, var=[-1.0, -1.0, -1.0])
10:00:11:003645, 2, 1, 1631829610.9930303, 0, GPS(-43.520509, 172.583122, 21.423010, var=[1.0, 1.0, 1.0]), 40.66841059129905, GPS(-43.520600, 172.583000, 0.000000, var=[-1.0, -1.0, -1.0])
10:00:11:085551, 1, 1, 1631829611.085412, 0, GPS(-43.520510, 172.582874, 21.441958, var=[1.0, 1.0, 1.0]), 40.75895984751094, GPS(-43.520600, 172.583000, 0.000000, var=[-1.0, -1.0, -1.0])
10:00:11:089505, 3, 1, 1631829611.0893795, 0, GPS(-43.520690, 172.582873, 21.440670, var=[1.0, 1.0, 1.0]), 40.75517308698703, GPS(-43.520600, 172.583000, 0.000000, var=[-1.0, -1.0, -1.0])
10:00:11:501083, 4, 1, 1631829611.500877, 1, GPS(-43.520689, 172.583122, 21.443723, var=[1.0, 1.0, 1.0]), 52.019204216531875, GPS(-43.520600, 172.583000, 0.000000, var=[-1.0, -1.0, -1.0])
10:00:11:501271, 3, 1, 1631829611.5008378, 1, GPS(-43.520690, 172.582873, 21.448670, var=[1.0, 1.0, 1.0]), 52.18362574361646, GPS(-43.520600, 172.583000, 0.000000, var=[-1.0, -1.0, -1.0])
10:00:11:501404, 1, 1, 1631829611.501113, 1, GPS(-43.520510, 172.582874, 21.446958, var=[1.0, 1.0, 1.0]), 52.18918670078884, GPS(-43.520600, 172.583000, 0.000000, var=[-1.0, -1.0, -1.0])
10:00:11:501447, 2, 1, 1631829611.501084, 1, GPS(-43.520509, 172.583122, 21.433011, var=[1.0, 1.0, 1.0]), 52.10095015573698, GPS(-43.520600, 172.583000, 0.000000, var=[-1.0, -1.0, -1.0])
10:00:12:501165, 4, 1, 1631829612.5009005, 2, GPS(-43.520689, 172.583122, 21.472723, var=[1.0, 1.0, 1.0]), 52.0532114179544, GPS(-43.520600, 172.583000, 0.000000, var=[-1.0, -1.0, -1.0])
10:00:12:501997, 1, 1, 1631829612.5018535, 2, GPS(-43.520509, 172.582874, 21.468958, var=[1.0, 1.0, 1.0]), 52.24086975186597, GPS(-43.520600, 172.583000, 0.000000, var=[-1.0, -1.0, -1.0])
10:00:12:502081, 3, 1, 1631829612.5019498, 2, GPS(-43.520689, 172.582873, 21.458670, var=[1.0, 1.0, 1.0]), 52.200573360042284, GPS(-43.520600, 172.583000, 0.000000, var=[-1.0, -1.0, -1.0])
10:00:12:502128, 2, 1, 1631829612.501899, 2, GPS(-43.520508, 172.583122, 21.462011, var=[1.0, 1.0, 1.0]), 52.14926992622051, GPS(-43.520600, 172.583000, 0.000000, var=[-1.0, -1.0, -1.0])
10:00:12:503481, 3, 1, 1631829612.5027986, 3, GPS(-43.520689, 172.582873, 21.458670, var=[1.0, 1.0, 1.0]), 52.200573360042284, GPS(-43.520600, 172.583000, 0.000000, var=[-1.0, -1.0, -1.0])
10:00:12:503543, 2, 1, 1631829612.5027883, 3, GPS(-43.520508, 172.583122, 21.462011, var=[1.0, 1.0, 1.0]), 52.14926992622051, GPS(-43.520600, 172.583000, 0.000000, var=[-1.0, -1.0, -1.0])
10:00:12:503588, 1, 1, 1631829612.5028164, 3, GPS(-43.520509, 172.582874, 21.468958, var=[1.0, 1.0, 1.0]), 52.24086975186597, GPS(-43.520600, 172.583000, 0.000000, var=[-1.0, -1.0, -1.0])
10:00:12:503633, 4, 1, 1631829612.502797, 3, GPS(-43.520689, 172.583122, 21.472723, var=[1.0, 1.0, 1.0]), 52.0532114179544, GPS(-43.520600, 172.583000, 0.000000, var=[-1.0, -1.0, -1.0])
10:00:13:503682, 4, 1, 1631829613.503529, 4, GPS(-43.520689, 172.583122, 21.482723, var=[1.0, 1.0, 1.0]), 52.07737417944287, GPS(-43.520600, 172.583000, 0.000000, var=[-1.0, -1.0, -1.0])
10:00:13:503739, 2, 1, 1631829613.5035534, 4, GPS(-43.520508, 172.583122, 21.478011, var=[1.0, 1.0, 1.0]), 52.184016791918026, GPS(-43.520600, 172.583000, 0.000000, var=[-1.0, -1.0, -1.0])
10:00:13:503774, 3, 1, 1631829613.5035563, 4, GPS(-43.520689, 172.582873, 21.478671, var=[1.0, 1.0, 1.0]), 52.22767396687069, GPS(-43.520600, 172.583000, 0.000000, var=[-1.0, -1.0, -1.0])
10:00:13:503807, 1, 1, 1631829613.5036397, 4, GPS(-43.520509, 172.582874, 21.478958, var=[1.0, 1.0, 1.0]), 52.26726255711693, GPS(-43.520600, 172.583000, 0.000000, var=[-1.0, -1.0, -1.0])
10:00:14:504809, 4, 1, 1631829614.5046704, 5, GPS(-43.520689, 172.583122, 21.498723, var=[1.0, 1.0, 1.0]), 52.11081741924794, GPS(-43.520600, 172.583000, 0.000000, var=[-1.0, -1.0, -1.0])
10:00:14:504993, 3, 1, 1631829614.5048935, 5, GPS(-43.520689, 172.582873, 21.489671, var=[1.0, 1.0, 1.0]), 52.248339798585164, GPS(-43.520600, 172.583000, 0.000000, var=[-1.0, -1.0, -1.0])
10:00:14:505288, 2, 1, 1631829614.5051856, 5, GPS(-43.520508, 172.583122, 21.500011, var=[1.0, 1.0, 1.0]), 52.23297775120592, GPS(-43.520600, 172.583000, 0.000000, var=[-1.0, -1.0, -1.0])
10:00:14:505425, 4, 1, 1631829614.5053267, 6, GPS(-43.520689, 172.583122, 21.498723, var=[1.0, 1.0, 1.0]), 52.11081741924794, GPS(-43.520600, 172.583000, 0.000000, var=[-1.0, -1.0, -1.0])
10:00:14:505483, 3, 1, 1631829614.5053456, 6, GPS(-43.520689, 172.582873, 21.489671, var=[1.0, 1.0, 1.0]), 52.248339798585164, GPS(-43.520600, 172.583000, 0.000000, var=[-1.0, -1.0, -1.0])
10:00:14:505518, 2, 1, 1631829614.5053368, 6, GPS(-43.520508, 172.583122, 21.500011, var=[1.0, 1.0, 1.0]), 52.23297775120592, GPS(-43.520600, 172.583000, 0.000000, var=[-1.0, -1.0, -1.0])
10:00:14:505547, 1, 1, 1631829614.5053604, 5, GPS(-43.520509, 172.582874, 21.490958, var=[1.0, 1.0, 1.0]), 52.29094466619905, GPS(-43.520600, 172.583000, 0.000000, var=[-1.0, -1.0, -1.0])
10:00:15:505656, 2, 1, 1631829615.5054898, 7, GPS(-43.520508, 172.583122, 21.525011, var=[1.0, 1.0, 1.0]), 52.26364977212849, GPS(-43.520600, 172.583000, 0.000000, var=[-1.0, -1.0, -1.0])
10:00:15:506697, 1, 1, 1631829615.5065536, 6, GPS(-43.520509, 172.582875, 21.506958, var=[1.0, 1.0, 1.0]), 52.30605712616212, GPS(-43.520600, 172.583000, 0.000000, var=[-1.0, -1.0, -1.0])
10:00:15:508082, 1, 1, 1631829615.5070546, 7, GPS(-43.520509, 172.582875, 21.506958, var=[1.0, 1.0, 1.0]), 52.30605712616212, GPS(-43.520600, 172.583000, 0.000000, var=[-1.0, -1.0, -1.0])
10:00:15:508143, 4, 1, 1631829615.5066946, 7, GPS(-43.520689, 172.583122, 21.516723, var=[1.0, 1.0, 1.0]), 52.13514919220249, GPS(-43.520600, 172.583000, 0.000000, var=[-1.0, -1.0, -1.0])
10:00:15:508190, 3, 1, 1631829615.5067613, 7, GPS(-43.520689, 172.582873, 21.504671, var=[1.0, 1.0, 1.0]), 52.2636610369075, GPS(-43.520600, 172.583000, 0.000000, var=[-1.0, -1.0, -1.0])
10:00:15:509330, 2, 1, 1631829615.507044, 8, GPS(-43.520508, 172.583122, 21.525011, var=[1.0, 1.0, 1.0]), 52.26364977212849, GPS(-43.520600, 172.583000, 0.000000, var=[-1.0, -1.0, -1.0])
10:00:15:509378, 3, 1, 1631829615.5070662, 8, GPS(-43.520689, 172.582873, 21.504671, var=[1.0, 1.0, 1.0]), 52.2636610369075, GPS(-43.520600, 172.583000, 0.000000, var=[-1.0, -1.0, -1.0])
10:00:15:509422, 4, 1, 1631829615.5070133, 8, GPS(-43.520689, 172.583122, 21.516723, var=[1.0, 1.0, 1.0]), 52.13514919220249, GPS(-43.520600, 172.583000, 0.000000, var=[-1.0, -1.0, -1.0])
10:00:16:507399, 4, 1, 1631829616.507245, 9, GPS(-43.520689, 172.583123, 21.526723, var=[1.0, 1.0, 1.0]), 52.16313365182445, GPS(-43.520600, 172.583000, 0.000000, var=[-1.0, -1.0, -1.0])
10:00:16:508245, 4, 1, 1631829616.508133, 10, GPS(-43.520689, 172.583123, 21.526723, var=[1.0, 1.0, 1.0]), 52.16313365182445, GPS(-43.520600, 172.583000, 0.000000, var=[-1.0, -1.0, -1.0])
10:00:16:508319, 3, 1, 1631829616.508182, 9, GPS(-43.520689, 172.582873, 21.509671, var=[1.0, 1.0, 1.0]), 52.280251495990896, GPS(-43.520600, 172.583000, 0.000000, var=[-1.0, -1.0, -1.0])
10:00:16:508359, 1, 1, 1631829616.508183, 8, GPS(-43.520509, 172.582875, 21.515958, var=[1.0, 1.0, 1.0]), 52.31520875141625, GPS(-43.520600, 172.583000, 0.000000, var=[-1.0, -1.0, -1.0])
10:00:16:509837, 2, 1, 1631829616.5083425, 9, GPS(-43.520508, 172.583123, 21.526011, var=[1.0, 1.0, 1.0]), 52.26917699351214, GPS(-43.520600, 172.583000, 0.000000, var=[-1.0, -1.0, -1.0])
10:00:17:508645, 1, 1, 1631829617.508437, 9, GPS(-43.520510, 172.582875, 21.513958, var=[1.0, 1.0, 1.0]), 52.31438810292393, GPS(-43.520600, 172.583000, 0.000000, var=[-1.0, -1.0, -1.0])
10:00:17:511271, 1, 1, 1631829617.510589, 10, GPS(-43.520510, 172.582875, 21.513958, var=[1.0, 1.0, 1.0]), 52.31438810292393, GPS(-43.520600, 172.583000, 0.000000, var=[-1.0, -1.0, -1.0])
10:00:17:511404, 2, 1, 1631829617.509157, 10, GPS(-43.520509, 172.583123, 21.523011, var=[1.0, 1.0, 1.0]), 52.283072211969426, GPS(-43.520600, 172.583000, 0.000000, var=[-1.0, -1.0, -1.0])
10:00:17:511560, 3, 1, 1631829617.5093753, 10, GPS(-43.520689, 172.582874, 21.526670, var=[1.0, 1.0, 1.0]), 52.308143063495365, GPS(-43.520600, 172.583000, 0.000000, var=[-1.0, -1.0, -1.0])
10:00:17:513819, 4, 1, 1631829617.509514, 11, GPS(-43.520689, 172.583123, 21.519723, var=[1.0, 1.0, 1.0]), 52.18247836166668, GPS(-43.520600, 172.583000, 0.000000, var=[-1.0, -1.0, -1.0])
10:00:17:513902, 4, 1, 1631829617.5102513, 12, GPS(-43.520689, 172.583123, 21.519723, var=[1.0, 1.0, 1.0]), 52.18247836166668, GPS(-43.520600, 172.583000, 0.000000, var=[-1.0, -1.0, -1.0])
10:00:17:513976, 2, 1, 1631829617.5105228, 11, GPS(-43.520509, 172.583123, 21.523011, var=[1.0, 1.0, 1.0]), 52.283072211969426, GPS(-43.520600, 172.583000, 0.000000, var=[-1.0, -1.0, -1.0])
10:00:17:514051, 3, 1, 1631829617.5102286, 11, GPS(-43.520689, 172.582874, 21.526670, var=[1.0, 1.0, 1.0]), 52.308143063495365, GPS(-43.520600, 172.583000, 0.000000, var=[-1.0, -1.0, -1.0])
10:00:18:512190, 2, 1, 1631829618.5110893, 12, GPS(-43.520509, 172.583123, 21.513011, var=[1.0, 1.0, 1.0]), 52.288510063493405, GPS(-43.520600, 172.583000, 0.000000, var=[-1.0, -1.0, -1.0])
STOP: 09/17/2021 10:02:48:179825
