START: 09/27/2021 14:10:04:317394
TIME,            STATES_LIST,          TARGET_FILT_CART,          TARGET_FILT_GPS,          TARGET_REAL_GPS,          TX_FILT_CART,          TX_FILT_GPS,          TX_REAL_GPS,          MULTILATERATION_ERROR,          MODE,          
14:27:28:199359, [1, 1, 1, 1]1, None, GPS(-43.520600, 172.583000, 0.000000, var=[-1.0, -1.0, -1.0]), GPS(-43.520600, 172.583000, 0.000000, var=[-1.0, -1.0, -1.0]), None, GPS(-43.520600, 172.583000, 15.000000, var=[-1, -1, -1]), GPS(-43.520600, 172.582999, 26.488839, var=[1.0, 1.0, 1.0]), 0.0, OFFBOARD
14:27:29:200031, [1, 1, 1, 1]1, None, GPS(-43.520600, 172.583000, 0.000000, var=[-1.0, -1.0, -1.0]), GPS(-43.520600, 172.583000, 0.000000, var=[-1.0, -1.0, -1.0]), None, GPS(-43.520600, 172.583000, 15.000000, var=[-1, -1, -1]), GPS(-43.520600, 172.582999, 26.474839, var=[1.0, 1.0, 1.0]), 0.0, OFFBOARD
14:27:30:200690, [1, 1, 1, 1]1, None, GPS(-43.520600, 172.583000, 0.000000, var=[-1.0, -1.0, -1.0]), GPS(-43.520600, 172.583000, 0.000000, var=[-1.0, -1.0, -1.0]), None, GPS(-43.520600, 172.583000, 15.000000, var=[-1, -1, -1]), GPS(-43.520600, 172.582999, 26.465839, var=[1.0, 1.0, 1.0]), 0.0, OFFBOARD
14:27:31:201122, [1, 1, 1, 1]1, None, GPS(-43.520600, 172.583000, 0.000000, var=[-1.0, -1.0, -1.0]), GPS(-43.520600, 172.583000, 0.000000, var=[-1.0, -1.0, -1.0]), None, GPS(-43.520600, 172.583000, 15.000000, var=[-1, -1, -1]), GPS(-43.520600, 172.582999, 26.450839, var=[1.0, 1.0, 1.0]), 0.0, OFFBOARD
14:27:32:203471, [1, 1, 1, 1]1, None, GPS(-43.520600, 172.583000, 0.000000, var=[-1.0, -1.0, -1.0]), GPS(-43.520600, 172.583000, 0.000000, var=[-1.0, -1.0, -1.0]), None, GPS(-43.520600, 172.583000, 15.000000, var=[-1, -1, -1]), GPS(-43.520600, 172.582999, 26.422839, var=[1.0, 1.0, 1.0]), 0.0, OFFBOARD
14:27:33:203682, [1, 1, 1, 1]1, None, GPS(-43.520600, 172.583000, 0.000000, var=[-1.0, -1.0, -1.0]), GPS(-43.520600, 172.583000, 0.000000, var=[-1.0, -1.0, -1.0]), None, GPS(-43.520600, 172.583000, 15.000000, var=[-1, -1, -1]), GPS(-43.520600, 172.582999, 26.416839, var=[1.0, 1.0, 1.0]), 0.0, OFFBOARD
14:27:34:204306, [1, 1, 1, 1]1, None, GPS(-43.520600, 172.583000, 0.000000, var=[-1.0, -1.0, -1.0]), GPS(-43.520600, 172.583000, 0.000000, var=[-1.0, -1.0, -1.0]), None, GPS(-43.520600, 172.583000, 15.000000, var=[-1, -1, -1]), GPS(-43.520600, 172.582999, 26.410839, var=[1.0, 1.0, 1.0]), 0.0, OFFBOARD
14:27:35:204480, [1, 1, 1, 1]1, None, GPS(-43.520600, 172.583000, 0.000000, var=[-1.0, -1.0, -1.0]), GPS(-43.520600, 172.583000, 0.000000, var=[-1.0, -1.0, -1.0]), None, GPS(-43.520600, 172.583000, 15.000000, var=[-1, -1, -1]), GPS(-43.520600, 172.582999, 26.399839, var=[1.0, 1.0, 1.0]), 0.0, OFFBOARD
14:27:36:204952, [1, 1, 1, 1]1, None, GPS(-43.520600, 172.583000, 0.000000, var=[-1.0, -1.0, -1.0]), GPS(-43.520600, 172.583000, 0.000000, var=[-1.0, -1.0, -1.0]), None, GPS(-43.520600, 172.583000, 15.000000, var=[-1, -1, -1]), GPS(-43.520600, 172.582999, 26.384840, var=[1.0, 1.0, 1.0]), 0.0, OFFBOARD
14:27:37:205014, [1, 1, 1, 1]1, None, GPS(-43.520600, 172.583000, 0.000000, var=[-1.0, -1.0, -1.0]), GPS(-43.520600, 172.583000, 0.000000, var=[-1.0, -1.0, -1.0]), None, GPS(-43.520600, 172.583000, 15.000000, var=[-1, -1, -1]), GPS(-43.520600, 172.582999, 26.373840, var=[1.0, 1.0, 1.0]), 0.0, OFFBOARD
14:27:38:206594, [1, 1, 1, 1]1, None, GPS(-43.520600, 172.583000, 0.000000, var=[-1.0, -1.0, -1.0]), GPS(-43.520600, 172.583000, 0.000000, var=[-1.0, -1.0, -1.0]), None, GPS(-43.520600, 172.583000, 15.000000, var=[-1, -1, -1]), GPS(-43.520600, 172.582998, 26.379840, var=[1.0, 1.0, 1.0]), 0.0, OFFBOARD
14:27:39:207282, [1, 1, 1, 1]1, None, GPS(-43.520600, 172.583000, 0.000000, var=[-1.0, -1.0, -1.0]), GPS(-43.520600, 172.583000, 0.000000, var=[-1.0, -1.0, -1.0]), None, GPS(-43.520600, 172.583000, 15.000000, var=[-1, -1, -1]), GPS(-43.520600, 172.582998, 26.376840, var=[1.0, 1.0, 1.0]), 0.0, OFFBOARD
14:27:40:207732, [1, 1, 1, 1]1, None, GPS(-43.520600, 172.583000, 0.000000, var=[-1.0, -1.0, -1.0]), GPS(-43.520600, 172.583000, 0.000000, var=[-1.0, -1.0, -1.0]), None, GPS(-43.520600, 172.583000, 15.000000, var=[-1, -1, -1]), GPS(-43.520600, 172.582998, 26.370839, var=[1.0, 1.0, 1.0]), 0.0, OFFBOARD
14:27:41:208076, [1, 1, 1, 1]1, None, GPS(-43.520600, 172.583000, 0.000000, var=[-1.0, -1.0, -1.0]), GPS(-43.520600, 172.583000, 0.000000, var=[-1.0, -1.0, -1.0]), None, GPS(-43.520600, 172.583000, 15.000000, var=[-1, -1, -1]), GPS(-43.520600, 172.582998, 26.378839, var=[1.0, 1.0, 1.0]), 0.0, OFFBOARD
14:27:42:210344, [1, 1, 1, 1]1, None, GPS(-43.520600, 172.583000, 0.000000, var=[-1.0, -1.0, -1.0]), GPS(-43.520600, 172.583000, 0.000000, var=[-1.0, -1.0, -1.0]), None, GPS(-43.520600, 172.583000, 15.000000, var=[-1, -1, -1]), GPS(-43.520600, 172.582998, 26.396839, var=[1.0, 1.0, 1.0]), 0.0, OFFBOARD
14:27:43:211953, [1, 1, 1, 1]1, None, GPS(-43.520600, 172.583000, 0.000000, var=[-1.0, -1.0, -1.0]), GPS(-43.520600, 172.583000, 0.000000, var=[-1.0, -1.0, -1.0]), None, GPS(-43.520600, 172.583000, 15.000000, var=[-1, -1, -1]), GPS(-43.520600, 172.582998, 26.399839, var=[1.0, 1.0, 1.0]), 0.0, OFFBOARD
14:27:44:212291, [1, 1, 1, 1]1, None, GPS(-43.520600, 172.583000, 0.000000, var=[-1.0, -1.0, -1.0]), GPS(-43.520600, 172.583000, 0.000000, var=[-1.0, -1.0, -1.0]), None, GPS(-43.520600, 172.583000, 15.000000, var=[-1, -1, -1]), GPS(-43.520600, 172.582998, 26.396839, var=[1.0, 1.0, 1.0]), 0.0, OFFBOARD
14:27:45:212266, [1, 1, 1, 1]1, None, GPS(-43.520600, 172.583000, 0.000000, var=[-1.0, -1.0, -1.0]), GPS(-43.520600, 172.583000, 0.000000, var=[-1.0, -1.0, -1.0]), None, GPS(-43.520600, 172.583000, 15.000000, var=[-1, -1, -1]), GPS(-43.520600, 172.582999, 26.383839, var=[1.0, 1.0, 1.0]), 0.0, OFFBOARD
14:27:46:214153, [1, 1, 1, 1]1, None, GPS(-43.520600, 172.583000, 0.000000, var=[-1.0, -1.0, -1.0]), GPS(-43.520600, 172.583000, 0.000000, var=[-1.0, -1.0, -1.0]), None, GPS(-43.520600, 172.583000, 15.000000, var=[-1, -1, -1]), GPS(-43.520600, 172.582999, 26.385839, var=[1.0, 1.0, 1.0]), 0.0, OFFBOARD
14:27:47:214328, [1, 1, 1, 1]1, None, GPS(-43.520600, 172.583000, 0.000000, var=[-1.0, -1.0, -1.0]), GPS(-43.520600, 172.583000, 0.000000, var=[-1.0, -1.0, -1.0]), None, GPS(-43.520600, 172.583000, 15.000000, var=[-1, -1, -1]), GPS(-43.520600, 172.582999, 26.390839, var=[1.0, 1.0, 1.0]), 0.0, OFFBOARD
14:27:48:214511, [1, 1, 1, 1]1, None, GPS(-43.520600, 172.583000, 0.000000, var=[-1.0, -1.0, -1.0]), GPS(-43.520600, 172.583000, 0.000000, var=[-1.0, -1.0, -1.0]), None, GPS(-43.520600, 172.583000, 15.000000, var=[-1, -1, -1]), GPS(-43.520600, 172.582999, 26.398839, var=[1.0, 1.0, 1.0]), 0.0, OFFBOARD
14:27:49:215876, [1, 1, 1, 1]1, None, GPS(-43.520600, 172.583000, 0.000000, var=[-1.0, -1.0, -1.0]), GPS(-43.520600, 172.583000, 0.000000, var=[-1.0, -1.0, -1.0]), None, GPS(-43.520600, 172.583000, 15.000000, var=[-1, -1, -1]), GPS(-43.520600, 172.582999, 26.404839, var=[1.0, 1.0, 1.0]), 0.0, OFFBOARD
14:27:50:216210, [1, 1, 1, 1]1, None, GPS(-43.520600, 172.583000, 0.000000, var=[-1.0, -1.0, -1.0]), GPS(-43.520600, 172.583000, 0.000000, var=[-1.0, -1.0, -1.0]), None, GPS(-43.520600, 172.583000, 15.000000, var=[-1, -1, -1]), GPS(-43.520600, 172.582999, 26.420839, var=[1.0, 1.0, 1.0]), 0.0, OFFBOARD
14:27:51:218437, [1, 1, 1, 1]1, None, GPS(-43.520600, 172.583000, 0.000000, var=[-1.0, -1.0, -1.0]), GPS(-43.520600, 172.583000, 0.000000, var=[-1.0, -1.0, -1.0]), None, GPS(-43.520600, 172.583000, 15.000000, var=[-1, -1, -1]), GPS(-43.520600, 172.582998, 26.431839, var=[1.0, 1.0, 1.0]), 0.0, OFFBOARD
14:27:52:219046, [1, 1, 1, 1]1, None, GPS(-43.520600, 172.583000, 0.000000, var=[-1.0, -1.0, -1.0]), GPS(-43.520600, 172.583000, 0.000000, var=[-1.0, -1.0, -1.0]), None, GPS(-43.520600, 172.583000, 15.000000, var=[-1, -1, -1]), GPS(-43.520600, 172.582998, 26.430839, var=[1.0, 1.0, 1.0]), 0.0, OFFBOARD
14:27:53:221112, [1, 1, 1, 1]1, None, GPS(-43.520600, 172.583000, 0.000000, var=[-1.0, -1.0, -1.0]), GPS(-43.520600, 172.583000, 0.000000, var=[-1.0, -1.0, -1.0]), None, GPS(-43.520600, 172.583000, 15.000000, var=[-1, -1, -1]), GPS(-43.520600, 172.582998, 26.424839, var=[1.0, 1.0, 1.0]), 0.0, OFFBOARD
14:27:54:221368, [1, 1, 1, 1]1, None, GPS(-43.520600, 172.583000, 0.000000, var=[-1.0, -1.0, -1.0]), GPS(-43.520600, 172.583000, 0.000000, var=[-1.0, -1.0, -1.0]), None, GPS(-43.520600, 172.583000, 15.000000, var=[-1, -1, -1]), GPS(-43.520600, 172.582998, 26.424839, var=[1.0, 1.0, 1.0]), 0.0, OFFBOARD
14:27:55:223739, [1, 1, 1, 1]1, None, GPS(-43.520600, 172.583000, 0.000000, var=[-1.0, -1.0, -1.0]), GPS(-43.520600, 172.583000, 0.000000, var=[-1.0, -1.0, -1.0]), None, GPS(-43.520600, 172.583000, 15.000000, var=[-1, -1, -1]), GPS(-43.520600, 172.582998, 26.428839, var=[1.0, 1.0, 1.0]), 0.0, OFFBOARD
14:27:56:224092, [1, 1, 1, 1]1, None, GPS(-43.520600, 172.583000, 0.000000, var=[-1.0, -1.0, -1.0]), GPS(-43.520600, 172.583000, 0.000000, var=[-1.0, -1.0, -1.0]), None, GPS(-43.520600, 172.583000, 15.000000, var=[-1, -1, -1]), GPS(-43.520600, 172.582999, 26.422839, var=[1.0, 1.0, 1.0]), 0.0, OFFBOARD
14:27:57:225495, [1, 1, 1, 1]1, None, GPS(-43.520600, 172.583000, 0.000000, var=[-1.0, -1.0, -1.0]), GPS(-43.520600, 172.583000, 0.000000, var=[-1.0, -1.0, -1.0]), None, GPS(-43.520600, 172.583000, 15.000000, var=[-1, -1, -1]), GPS(-43.520600, 172.582998, 26.423839, var=[1.0, 1.0, 1.0]), 0.0, OFFBOARD
14:27:58:226895, [1, 1, 1, 1]1, None, GPS(-43.520600, 172.583000, 0.000000, var=[-1.0, -1.0, -1.0]), GPS(-43.520600, 172.583000, 0.000000, var=[-1.0, -1.0, -1.0]), None, GPS(-43.520600, 172.583000, 15.000000, var=[-1, -1, -1]), GPS(-43.520600, 172.582999, 26.430840, var=[1.0, 1.0, 1.0]), 0.0, OFFBOARD
14:27:59:227150, [1, 1, 1, 1]1, None, GPS(-43.520600, 172.583000, 0.000000, var=[-1.0, -1.0, -1.0]), GPS(-43.520600, 172.583000, 0.000000, var=[-1.0, -1.0, -1.0]), None, GPS(-43.520600, 172.583000, 15.000000, var=[-1, -1, -1]), GPS(-43.520600, 172.582999, 26.439840, var=[1.0, 1.0, 1.0]), 0.0, OFFBOARD
14:28:00:228479, [1, 1, 1, 1]1, None, GPS(-43.520600, 172.583000, 0.000000, var=[-1.0, -1.0, -1.0]), GPS(-43.520600, 172.583000, 0.000000, var=[-1.0, -1.0, -1.0]), None, GPS(-43.520600, 172.583000, 15.000000, var=[-1, -1, -1]), GPS(-43.520599, 172.582998, 26.445840, var=[1.0, 1.0, 1.0]), 0.0, OFFBOARD
14:28:01:230861, [1, 1, 1, 1]1, None, GPS(-43.520600, 172.583000, 0.000000, var=[-1.0, -1.0, -1.0]), GPS(-43.520600, 172.583000, 0.000000, var=[-1.0, -1.0, -1.0]), None, GPS(-43.520600, 172.583000, 15.000000, var=[-1, -1, -1]), GPS(-43.520599, 172.582998, 26.458840, var=[1.0, 1.0, 1.0]), 0.0, OFFBOARD
14:28:02:231141, [1, 1, 1, 1]1, None, GPS(-43.520600, 172.583000, 0.000000, var=[-1.0, -1.0, -1.0]), GPS(-43.520600, 172.583000, 0.000000, var=[-1.0, -1.0, -1.0]), None, GPS(-43.520600, 172.583000, 15.000000, var=[-1, -1, -1]), GPS(-43.520599, 172.582998, 26.461840, var=[1.0, 1.0, 1.0]), 0.0, OFFBOARD
14:28:03:233906, [1, 1, 1, 1]1, None, GPS(-43.520600, 172.583000, 0.000000, var=[-1.0, -1.0, -1.0]), GPS(-43.520600, 172.583010, 0.000000, var=[-1.0, -1.0, -1.0]), None, GPS(-43.520600, 172.583000, 15.000000, var=[-1, -1, -1]), GPS(-43.520599, 172.582999, 26.459840, var=[1.0, 1.0, 1.0]), 0.8063042509277437, OFFBOARD
14:28:04:234810, [1, 1, 1, 2]1, None, GPS(-43.520600, 172.583000, 0.000000, var=[-1.0, -1.0, -1.0]), GPS(-43.520600, 172.583010, 0.000000, var=[-1.0, -1.0, -1.0]), None, GPS(-43.520600, 172.583000, 15.000000, var=[-1, -1, -1]), GPS(-43.520599, 172.582999, 26.471840, var=[1.0, 1.0, 1.0]), 0.8063042509277437, OFFBOARD
14:28:04:236418, [2, 2, 2, 2]1, None, GPS(-43.520600, 172.583000, 0.000000, var=[-1.0, -1.0, -1.0]), GPS(-43.520600, 172.583010, 0.000000, var=[-1.0, -1.0, -1.0]), None, GPS(-43.520600, 172.583000, 15.000000, var=[-1, -1, -1]), GPS(-43.520599, 172.582999, 26.471840, var=[1.0, 1.0, 1.0]), 0.8063042509277437, OFFBOARD
14:28:05:236430, [2, 2, 2, 2]1, None, GPS(-43.520600, 172.583000, 0.000000, var=[-1.0, -1.0, -1.0]), GPS(-43.520600, 172.583020, 0.000000, var=[-1.0, -1.0, -1.0]), None, GPS(-43.520600, 172.583000, 15.000000, var=[-1, -1, -1]), GPS(-43.520599, 172.582999, 26.467840, var=[1.0, 1.0, 1.0]), 1.6126085039070832, OFFBOARD
14:28:06:237910, [2, 2, 2, 2]1, None, GPS(-43.520600, 172.583000, 0.000000, var=[-1.0, -1.0, -1.0]), GPS(-43.520600, 172.583030, 0.000000, var=[-1.0, -1.0, -1.0]), None, GPS(-43.520600, 172.583000, 15.000000, var=[-1, -1, -1]), GPS(-43.520600, 172.582999, 26.473840, var=[1.0, 1.0, 1.0]), 2.4189127548348273, OFFBOARD
14:28:06:239206, [2, 2, 2, 2]1, None, GPS(-43.520600, 172.583000, 0.000000, var=[-1.0, -1.0, -1.0]), GPS(-43.520600, 172.583030, 0.000000, var=[-1.0, -1.0, -1.0]), None, GPS(-43.520600, 172.583000, 15.000000, var=[-1, -1, -1]), GPS(-43.520600, 172.582999, 26.473840, var=[1.0, 1.0, 1.0]), 2.4189127548348273, OFFBOARD
14:28:07:239386, [2, 2, 2, 2]1, None, GPS(-43.520600, 172.583000, 0.000000, var=[-1.0, -1.0, -1.0]), GPS(-43.520602, 172.583040, 0.000000, var=[-1.0, -1.0, -1.0]), None, GPS(-43.520600, 172.583000, 15.000000, var=[-1, -1, -1]), GPS(-43.520600, 172.582999, 26.478840, var=[1.0, 1.0, 1.0]), 3.232875136667853, OFFBOARD
14:28:08:239645, [2, 2, 2, 2]1, None, GPS(-43.520600, 172.583000, 0.000000, var=[-1.0, -1.0, -1.0]), GPS(-43.520600, 172.583060, 0.000000, var=[-1.0, -1.0, -1.0]), None, GPS(-43.520600, 172.583000, 15.000000, var=[-1, -1, -1]), GPS(-43.520600, 172.582999, 26.468840, var=[1.0, 1.0, 1.0]), 4.8378255096696545, OFFBOARD
14:28:08:240846, [2, 2, 2, 2]1, None, GPS(-43.520600, 172.583000, 0.000000, var=[-1.0, -1.0, -1.0]), GPS(-43.520600, 172.583060, 0.000000, var=[-1.0, -1.0, -1.0]), None, GPS(-43.520600, 172.583000, 15.000000, var=[-1, -1, -1]), GPS(-43.520600, 172.582999, 26.468840, var=[1.0, 1.0, 1.0]), 4.8378255096696545, OFFBOARD
14:28:09:241157, [2, 2, 2, 2]1, None, GPS(-43.520600, 172.583000, 0.000000, var=[-1.0, -1.0, -1.0]), GPS(-43.520600, 172.583070, 0.000000, var=[-1.0, -1.0, -1.0]), None, GPS(-43.520600, 172.583000, 15.000000, var=[-1, -1, -1]), GPS(-43.520600, 172.582999, 26.470839, var=[1.0, 1.0, 1.0]), 5.644129762648994, OFFBOARD
14:28:10:241177, [3, 2, 2, 2]1, None, GPS(-43.520600, 172.583000, 0.000000, var=[-1.0, -1.0, -1.0]), GPS(-43.520605, 172.583080, 0.000000, var=[-1.0, -1.0, -1.0]), None, GPS(-43.520600, 172.583000, 15.000000, var=[-1, -1, -1]), GPS(-43.520600, 172.582999, 26.464839, var=[1.0, 1.0, 1.0]), 6.47434964364881, OFFBOARD
14:28:10:272184, [3, 2, 2, 2]1, None, GPS(-43.520600, 172.583000, 0.000000, var=[-1.0, -1.0, -1.0]), GPS(-43.520605, 172.583080, 0.000000, var=[-1.0, -1.0, -1.0]), None, GPS(-43.520600, 172.583000, 15.000000, var=[-1, -1, -1]), GPS(-43.520600, 172.582999, 26.463839, var=[1.0, 1.0, 1.0]), 6.47434964364881, OFFBOARD
14:28:11:273775, [3, 2, 2, 2]1, None, GPS(-43.520600, 172.583000, 0.000000, var=[-1.0, -1.0, -1.0]), GPS(-43.520610, 172.583090, 0.000000, var=[-1.0, -1.0, -1.0]), None, GPS(-43.520600, 172.583000, 15.000000, var=[-1, -1, -1]), GPS(-43.520600, 172.582999, 26.445839, var=[1.0, 1.0, 1.0]), 7.341435330441096, OFFBOARD
14:28:12:273600, [3, 2, 2, 2]1, None, GPS(-43.520600, 172.583000, 0.000000, var=[-1.0, -1.0, -1.0]), GPS(-43.520610, 172.583100, 0.000000, var=[-1.0, -1.0, -1.0]), None, GPS(-43.520600, 172.583000, 15.000000, var=[-1, -1, -1]), GPS(-43.520600, 172.582999, 26.433839, var=[1.0, 1.0, 1.0]), 8.139353477589832, OFFBOARD
14:28:12:310582, [4, 2, 2, 2]1, None, GPS(-43.520600, 172.583000, 0.000000, var=[-1.0, -1.0, -1.0]), GPS(-43.520610, 172.583100, 0.000000, var=[-1.0, -1.0, -1.0]), None, GPS(-43.520600, 172.583000, 15.000000, var=[-1, -1, -1]), GPS(-43.520600, 172.582999, 26.432839, var=[1.0, 1.0, 1.0]), 8.139353477589832, OFFBOARD
14:28:13:310304, [4, 2, 2, 2]1, None, GPS(-43.520600, 172.583000, 0.000000, var=[-1.0, -1.0, -1.0]), GPS(-43.520610, 172.583110, 0.000000, var=[-1.0, -1.0, -1.0]), None, GPS(-43.520600, 172.583000, 15.000000, var=[-1, -1, -1]), GPS(-43.520600, 172.582998, 26.409839, var=[1.0, 1.0, 1.0]), 8.938776776845327, OFFBOARD
14:28:13:340133, [4, 2, 2, 2]1, None, GPS(-43.520600, 172.583000, 0.000000, var=[-1.0, -1.0, -1.0]), GPS(-43.520610, 172.583110, 0.000000, var=[-1.0, -1.0, -1.0]), None, GPS(-43.520600, 172.583000, 15.000000, var=[-1, -1, -1]), GPS(-43.520600, 172.582998, 26.409839, var=[1.0, 1.0, 1.0]), 8.938776776845327, OFFBOARD
14:28:14:341350, [4, 2, 2, 2]1, None, GPS(-43.520600, 172.583000, 0.000000, var=[-1.0, -1.0, -1.0]), GPS(-43.520611, 172.583110, 0.000000, var=[-1.0, -1.0, -1.0]), None, GPS(-43.520600, 172.583000, 15.000000, var=[-1, -1, -1]), GPS(-43.520600, 172.582998, 26.392839, var=[1.0, 1.0, 1.0]), 8.953288753822566, OFFBOARD
14:28:14:343046, [4, 2, 2, 2]1, None, GPS(-43.520600, 172.583000, 0.000000, var=[-1.0, -1.0, -1.0]), GPS(-43.520611, 172.583110, 0.000000, var=[-1.0, -1.0, -1.0]), None, GPS(-43.520600, 172.583000, 15.000000, var=[-1, -1, -1]), GPS(-43.520600, 172.582998, 26.392839, var=[1.0, 1.0, 1.0]), 8.953288753822566, OFFBOARD
14:28:15:343699, [4, 3, 2, 2]1, None, GPS(-43.520600, 172.583000, 0.000000, var=[-1.0, -1.0, -1.0]), GPS(-43.520610, 172.583120, 0.000000, var=[-1.0, -1.0, -1.0]), None, GPS(-43.520600, 172.583000, 15.000000, var=[-1, -1, -1]), GPS(-43.520600, 172.582998, 26.378839, var=[1.0, 1.0, 1.0]), 9.739334594361093, OFFBOARD
14:28:16:344382, [4, 3, 2, 2]1, None, GPS(-43.520600, 172.583000, 0.000000, var=[-1.0, -1.0, -1.0]), GPS(-43.520610, 172.583130, 0.000000, var=[-1.0, -1.0, -1.0]), None, GPS(-43.520600, 172.583000, 15.000000, var=[-1, -1, -1]), GPS(-43.520600, 172.582998, 26.373839, var=[1.0, 1.0, 1.0]), 10.540768441304252, OFFBOARD
14:28:17:345414, [4, 3, 2, 2]1, None, GPS(-43.520600, 172.583000, 0.000000, var=[-1.0, -1.0, -1.0]), GPS(-43.520610, 172.583140, 0.000000, var=[-1.0, -1.0, -1.0]), None, GPS(-43.520600, 172.583000, 15.000000, var=[-1, -1, -1]), GPS(-43.520600, 172.582998, 26.371839, var=[1.0, 1.0, 1.0]), 11.342892627561524, OFFBOARD
STOP: 09/27/2021 14:28:18:366953
