START: 09/27/2021 14:10:04:282461
TIME,            RX_ID,          STATE,          TIMESTAMP,          SEQ_NO,          RX_COORDS,          RANGE_READING,          TARGET_COORDS,          
14:27:28:197206, 2, 1, 1632706048.1568446, 0, GPS(-43.520555, 172.583062, 21.636924, var=[1.0, 1.0, 1.0]), 37.77145026309465, GPS(-43.520600, 172.583000, 0.000000, var=[-1.0, -1.0, -1.0])
14:27:28:197342, 3, 1, 1632706048.1901586, 0, GPS(-43.520645, 172.582938, 21.490755, var=[1.0, 1.0, 1.0]), 37.62703163460694, GPS(-43.520600, 172.583000, 0.000000, var=[-1.0, -1.0, -1.0])
14:27:28:197390, 1, 1, 1632706048.1609712, 0, GPS(-43.520555, 172.582936, 21.596898, var=[1.0, 1.0, 1.0]), 37.76593121816443, GPS(-43.520600, 172.583000, 0.000000, var=[-1.0, -1.0, -1.0])
14:27:28:198132, 4, 1, 1632706048.1980255, 0, GPS(-43.520645, 172.583062, 21.499781, var=[1.0, 1.0, 1.0]), 37.62649564452049, GPS(-43.520600, 172.583000, 0.000000, var=[-1.0, -1.0, -1.0])
14:27:29:157437, 2, 1, 1632706049.1571486, 1, GPS(-43.520555, 172.583062, 21.603925, var=[1.0, 1.0, 1.0]), 49.23234974207746, GPS(-43.520600, 172.583000, 0.000000, var=[-1.0, -1.0, -1.0])
14:27:29:162083, 1, 1, 1632706049.1619167, 1, GPS(-43.520555, 172.582936, 21.572899, var=[1.0, 1.0, 1.0]), 49.24149465460593, GPS(-43.520600, 172.583000, 0.000000, var=[-1.0, -1.0, -1.0])
14:27:29:192246, 3, 1, 1632706049.1921053, 1, GPS(-43.520645, 172.582938, 21.471755, var=[1.0, 1.0, 1.0]), 49.08898428590668, GPS(-43.520600, 172.583000, 0.000000, var=[-1.0, -1.0, -1.0])
14:27:29:198975, 4, 1, 1632706049.198848, 1, GPS(-43.520644, 172.583062, 21.483782, var=[1.0, 1.0, 1.0]), 49.09134366855844, GPS(-43.520600, 172.583000, 0.000000, var=[-1.0, -1.0, -1.0])
14:27:30:157583, 2, 1, 1632706050.1572108, 2, GPS(-43.520555, 172.583062, 21.589925, var=[1.0, 1.0, 1.0]), 49.209990611305486, GPS(-43.520600, 172.583000, 0.000000, var=[-1.0, -1.0, -1.0])
14:27:30:163773, 1, 1, 1632706050.1636052, 2, GPS(-43.520555, 172.582936, 21.551899, var=[1.0, 1.0, 1.0]), 49.21005648529906, GPS(-43.520600, 172.583000, 0.000000, var=[-1.0, -1.0, -1.0])
14:27:30:193531, 3, 1, 1632706050.1931517, 2, GPS(-43.520645, 172.582938, 21.460755, var=[1.0, 1.0, 1.0]), 49.064533777932766, GPS(-43.520600, 172.583000, 0.000000, var=[-1.0, -1.0, -1.0])
14:27:30:199685, 4, 1, 1632706050.199575, 2, GPS(-43.520644, 172.583062, 21.466782, var=[1.0, 1.0, 1.0]), 49.063607757529, GPS(-43.520600, 172.583000, 0.000000, var=[-1.0, -1.0, -1.0])
14:27:31:158232, 2, 1, 1632706051.1581042, 3, GPS(-43.520554, 172.583062, 21.580925, var=[1.0, 1.0, 1.0]), 49.19670065648444, GPS(-43.520600, 172.583000, 0.000000, var=[-1.0, -1.0, -1.0])
14:27:31:164319, 1, 1, 1632706051.1642082, 3, GPS(-43.520555, 172.582936, 21.536899, var=[1.0, 1.0, 1.0]), 49.18683544902475, GPS(-43.520600, 172.583000, 0.000000, var=[-1.0, -1.0, -1.0])
14:27:31:195063, 3, 1, 1632706051.1949298, 3, GPS(-43.520645, 172.582938, 21.456755, var=[1.0, 1.0, 1.0]), 49.05596461391034, GPS(-43.520600, 172.583000, 0.000000, var=[-1.0, -1.0, -1.0])
14:27:31:200039, 4, 1, 1632706051.1999116, 3, GPS(-43.520644, 172.583062, 21.450782, var=[1.0, 1.0, 1.0]), 49.04056573374769, GPS(-43.520600, 172.583000, 0.000000, var=[-1.0, -1.0, -1.0])
14:27:32:159682, 2, 1, 1632706052.1595376, 4, GPS(-43.520554, 172.583062, 21.557925, var=[1.0, 1.0, 1.0]), 49.1598652479782, GPS(-43.520600, 172.583000, 0.000000, var=[-1.0, -1.0, -1.0])
14:27:32:165303, 1, 1, 1632706052.1651857, 4, GPS(-43.520555, 172.582936, 21.526899, var=[1.0, 1.0, 1.0]), 49.16052046289019, GPS(-43.520600, 172.583000, 0.000000, var=[-1.0, -1.0, -1.0])
14:27:32:196696, 3, 1, 1632706052.1965642, 4, GPS(-43.520645, 172.582938, 21.443755, var=[1.0, 1.0, 1.0]), 49.025029068777584, GPS(-43.520600, 172.583000, 0.000000, var=[-1.0, -1.0, -1.0])
14:27:32:201377, 4, 1, 1632706052.201195, 4, GPS(-43.520644, 172.583063, 21.437782, var=[1.0, 1.0, 1.0]), 49.01259352719071, GPS(-43.520600, 172.583000, 0.000000, var=[-1.0, -1.0, -1.0])
14:27:33:160641, 2, 1, 1632706053.1605146, 5, GPS(-43.520554, 172.583063, 21.551925, var=[1.0, 1.0, 1.0]), 49.13219584335104, GPS(-43.520600, 172.583000, 0.000000, var=[-1.0, -1.0, -1.0])
14:27:33:167041, 1, 1, 1632706053.166906, 5, GPS(-43.520555, 172.582936, 21.502899, var=[1.0, 1.0, 1.0]), 49.1060702679681, GPS(-43.520600, 172.583000, 0.000000, var=[-1.0, -1.0, -1.0])
14:27:33:198018, 3, 1, 1632706053.1978593, 5, GPS(-43.520645, 172.582938, 21.421755, var=[1.0, 1.0, 1.0]), 48.97251817366164, GPS(-43.520600, 172.583000, 0.000000, var=[-1.0, -1.0, -1.0])
14:27:33:202621, 4, 1, 1632706053.2024713, 5, GPS(-43.520644, 172.583063, 21.407782, var=[1.0, 1.0, 1.0]), 48.957861435458256, GPS(-43.520600, 172.583000, 0.000000, var=[-1.0, -1.0, -1.0])
14:27:34:161750, 2, 1, 1632706054.1616218, 6, GPS(-43.520554, 172.583063, 21.530925, var=[1.0, 1.0, 1.0]), 49.105538232698905, GPS(-43.520600, 172.583000, 0.000000, var=[-1.0, -1.0, -1.0])
14:27:34:167778, 1, 1, 1632706054.1676695, 6, GPS(-43.520555, 172.582936, 21.490899, var=[1.0, 1.0, 1.0]), 49.08618277236516, GPS(-43.520600, 172.583000, 0.000000, var=[-1.0, -1.0, -1.0])
14:27:34:199345, 3, 1, 1632706054.1992183, 6, GPS(-43.520645, 172.582938, 21.403755, var=[1.0, 1.0, 1.0]), 48.94938589367342, GPS(-43.520600, 172.583000, 0.000000, var=[-1.0, -1.0, -1.0])
14:27:34:203190, 4, 1, 1632706054.2030716, 6, GPS(-43.520644, 172.583063, 21.406782, var=[1.0, 1.0, 1.0]), 48.95087830158825, GPS(-43.520600, 172.583000, 0.000000, var=[-1.0, -1.0, -1.0])
14:27:35:163477, 2, 1, 1632706055.163352, 7, GPS(-43.520555, 172.583063, 21.517925, var=[1.0, 1.0, 1.0]), 49.086455268568585, GPS(-43.520600, 172.583000, 0.000000, var=[-1.0, -1.0, -1.0])
14:27:35:167859, 1, 1, 1632706055.1677544, 7, GPS(-43.520555, 172.582936, 21.477899, var=[1.0, 1.0, 1.0]), 49.06844816090846, GPS(-43.520600, 172.583000, 0.000000, var=[-1.0, -1.0, -1.0])
14:27:35:200557, 3, 1, 1632706055.2003453, 7, GPS(-43.520645, 172.582938, 21.393755, var=[1.0, 1.0, 1.0]), 48.93317355176881, GPS(-43.520600, 172.583000, 0.000000, var=[-1.0, -1.0, -1.0])
14:27:35:203294, 4, 1, 1632706055.2031584, 7, GPS(-43.520644, 172.583063, 21.395782, var=[1.0, 1.0, 1.0]), 48.93617805682278, GPS(-43.520600, 172.583000, 0.000000, var=[-1.0, -1.0, -1.0])
14:27:36:164411, 2, 1, 1632706056.1641681, 8, GPS(-43.520555, 172.583063, 21.495925, var=[1.0, 1.0, 1.0]), 49.05463851335022, GPS(-43.520600, 172.583000, 0.000000, var=[-1.0, -1.0, -1.0])
14:27:36:169787, 1, 1, 1632706056.169652, 8, GPS(-43.520555, 172.582936, 21.471899, var=[1.0, 1.0, 1.0]), 49.05181972822551, GPS(-43.520600, 172.583000, 0.000000, var=[-1.0, -1.0, -1.0])
14:27:36:202009, 3, 1, 1632706056.2018569, 8, GPS(-43.520644, 172.582938, 21.380756, var=[1.0, 1.0, 1.0]), 48.90923794057687, GPS(-43.520600, 172.583000, 0.000000, var=[-1.0, -1.0, -1.0])
14:27:36:203866, 4, 1, 1632706056.2037432, 8, GPS(-43.520644, 172.583063, 21.386782, var=[1.0, 1.0, 1.0]), 48.914879618626784, GPS(-43.520600, 172.583000, 0.000000, var=[-1.0, -1.0, -1.0])
14:27:37:164883, 2, 1, 1632706057.164756, 9, GPS(-43.520554, 172.583063, 21.488925, var=[1.0, 1.0, 1.0]), 49.03445081013987, GPS(-43.520600, 172.583000, 0.000000, var=[-1.0, -1.0, -1.0])
14:27:37:170182, 1, 1, 1632706057.170065, 9, GPS(-43.520555, 172.582936, 21.456899, var=[1.0, 1.0, 1.0]), 49.024504142310484, GPS(-43.520600, 172.583000, 0.000000, var=[-1.0, -1.0, -1.0])
14:27:37:202693, 3, 1, 1632706057.202489, 9, GPS(-43.520644, 172.582938, 21.381755, var=[1.0, 1.0, 1.0]), 48.90065837047847, GPS(-43.520600, 172.583000, 0.000000, var=[-1.0, -1.0, -1.0])
14:27:37:203879, 4, 1, 1632706057.2037678, 9, GPS(-43.520644, 172.583063, 21.370782, var=[1.0, 1.0, 1.0]), 48.88052245924676, GPS(-43.520600, 172.583000, 0.000000, var=[-1.0, -1.0, -1.0])
14:27:38:165608, 2, 1, 1632706058.1653671, 10, GPS(-43.520554, 172.583062, 21.487925, var=[1.0, 1.0, 1.0]), 49.01888616945398, GPS(-43.520600, 172.583000, 0.000000, var=[-1.0, -1.0, -1.0])
14:27:38:171629, 1, 1, 1632706058.1713674, 10, GPS(-43.520554, 172.582936, 21.455899, var=[1.0, 1.0, 1.0]), 49.02237219981052, GPS(-43.520600, 172.583000, 0.000000, var=[-1.0, -1.0, -1.0])
14:27:38:202920, 3, 1, 1632706058.2027423, 10, GPS(-43.520644, 172.582937, 21.383756, var=[1.0, 1.0, 1.0]), 48.892704142848004, GPS(-43.520600, 172.583000, 0.000000, var=[-1.0, -1.0, -1.0])
14:27:38:205015, 4, 1, 1632706058.2048416, 10, GPS(-43.520644, 172.583062, 21.376782, var=[1.0, 1.0, 1.0]), 48.87400389538047, GPS(-43.520600, 172.583000, 0.000000, var=[-1.0, -1.0, -1.0])
14:27:39:167147, 2, 1, 1632706059.1669834, 11, GPS(-43.520554, 172.583062, 21.486925, var=[1.0, 1.0, 1.0]), 49.01691133639419, GPS(-43.520600, 172.583000, 0.000000, var=[-1.0, -1.0, -1.0])
14:27:39:171880, 1, 1, 1632706059.1716251, 11, GPS(-43.520554, 172.582935, 21.451899, var=[1.0, 1.0, 1.0]), 49.02838744050715, GPS(-43.520600, 172.583000, 0.000000, var=[-1.0, -1.0, -1.0])
14:27:39:203187, 3, 1, 1632706059.203018, 11, GPS(-43.520644, 172.582937, 21.373756, var=[1.0, 1.0, 1.0]), 48.891127714589125, GPS(-43.520600, 172.583000, 0.000000, var=[-1.0, -1.0, -1.0])
14:27:39:205852, 4, 1, 1632706059.2056985, 11, GPS(-43.520644, 172.583062, 21.366782, var=[1.0, 1.0, 1.0]), 48.865219992229264, GPS(-43.520600, 172.583000, 0.000000, var=[-1.0, -1.0, -1.0])
14:27:40:167640, 2, 1, 1632706060.1674197, 12, GPS(-43.520554, 172.583062, 21.481925, var=[1.0, 1.0, 1.0]), 49.00574387600978, GPS(-43.520600, 172.583000, 0.000000, var=[-1.0, -1.0, -1.0])
14:27:40:173547, 1, 1, 1632706060.1732953, 12, GPS(-43.520554, 172.582935, 21.449899, var=[1.0, 1.0, 1.0]), 49.025475464164856, GPS(-43.520600, 172.583000, 0.000000, var=[-1.0, -1.0, -1.0])
14:27:40:203543, 3, 1, 1632706060.2033556, 12, GPS(-43.520645, 172.582937, 21.369755, var=[1.0, 1.0, 1.0]), 48.891151549454655, GPS(-43.520600, 172.583000, 0.000000, var=[-1.0, -1.0, -1.0])
14:27:40:206161, 4, 1, 1632706060.2059793, 12, GPS(-43.520644, 172.583062, 21.368782, var=[1.0, 1.0, 1.0]), 48.85824794001818, GPS(-43.520600, 172.583000, 0.000000, var=[-1.0, -1.0, -1.0])
14:27:41:169306, 2, 1, 1632706061.169183, 13, GPS(-43.520554, 172.583062, 21.483925, var=[1.0, 1.0, 1.0]), 48.997458862130145, GPS(-43.520600, 172.583000, 0.000000, var=[-1.0, -1.0, -1.0])
14:27:41:174967, 1, 1, 1632706061.174853, 13, GPS(-43.520555, 172.582935, 21.451899, var=[1.0, 1.0, 1.0]), 49.02267922243194, GPS(-43.520600, 172.583000, 0.000000, var=[-1.0, -1.0, -1.0])
14:27:41:204492, 3, 1, 1632706061.2041044, 13, GPS(-43.520645, 172.582937, 21.385755, var=[1.0, 1.0, 1.0]), 48.90105231648815, GPS(-43.520600, 172.583000, 0.000000, var=[-1.0, -1.0, -1.0])
14:27:41:207001, 4, 1, 1632706061.2068958, 13, GPS(-43.520644, 172.583062, 21.375782, var=[1.0, 1.0, 1.0]), 48.85541598839812, GPS(-43.520600, 172.583000, 0.000000, var=[-1.0, -1.0, -1.0])
14:27:42:171105, 2, 1, 1632706062.170957, 14, GPS(-43.520555, 172.583062, 21.493925, var=[1.0, 1.0, 1.0]), 49.0177864145072, GPS(-43.520600, 172.583000, 0.000000, var=[-1.0, -1.0, -1.0])
14:27:42:176202, 1, 1, 1632706062.1760852, 14, GPS(-43.520555, 172.582935, 21.468899, var=[1.0, 1.0, 1.0]), 49.04677956477189, GPS(-43.520600, 172.583000, 0.000000, var=[-1.0, -1.0, -1.0])
14:27:42:206175, 3, 1, 1632706062.2059865, 14, GPS(-43.520645, 172.582937, 21.391755, var=[1.0, 1.0, 1.0]), 48.91719708259957, GPS(-43.520600, 172.583000, 0.000000, var=[-1.0, -1.0, -1.0])
14:27:42:208648, 4, 1, 1632706062.2084138, 14, GPS(-43.520644, 172.583062, 21.382782, var=[1.0, 1.0, 1.0]), 48.87249227298739, GPS(-43.520600, 172.583000, 0.000000, var=[-1.0, -1.0, -1.0])
14:27:43:172544, 2, 1, 1632706063.1723576, 15, GPS(-43.520555, 172.583062, 21.510925, var=[1.0, 1.0, 1.0]), 49.04507780071609, GPS(-43.520600, 172.583000, 0.000000, var=[-1.0, -1.0, -1.0])
14:27:43:178058, 1, 1, 1632706063.177897, 15, GPS(-43.520555, 172.582935, 21.474898, var=[1.0, 1.0, 1.0]), 49.06168056440586, GPS(-43.520600, 172.583000, 0.000000, var=[-1.0, -1.0, -1.0])
14:27:43:206581, 3, 1, 1632706063.206398, 15, GPS(-43.520645, 172.582937, 21.394755, var=[1.0, 1.0, 1.0]), 48.938571329689, GPS(-43.520600, 172.583000, 0.000000, var=[-1.0, -1.0, -1.0])
14:27:43:210112, 4, 1, 1632706063.2099118, 15, GPS(-43.520644, 172.583062, 21.395782, var=[1.0, 1.0, 1.0]), 48.91293848928052, GPS(-43.520600, 172.583000, 0.000000, var=[-1.0, -1.0, -1.0])
14:27:44:174490, 2, 1, 1632706064.1743665, 16, GPS(-43.520555, 172.583062, 21.511925, var=[1.0, 1.0, 1.0]), 49.05253292862087, GPS(-43.520600, 172.583000, 0.000000, var=[-1.0, -1.0, -1.0])
14:27:44:178497, 1, 1, 1632706064.1783786, 16, GPS(-43.520555, 172.582936, 21.474898, var=[1.0, 1.0, 1.0]), 49.06093185381521, GPS(-43.520600, 172.583000, 0.000000, var=[-1.0, -1.0, -1.0])
14:27:44:207735, 3, 1, 1632706064.2075315, 16, GPS(-43.520645, 172.582938, 21.389755, var=[1.0, 1.0, 1.0]), 48.93562636952997, GPS(-43.520600, 172.583000, 0.000000, var=[-1.0, -1.0, -1.0])
14:27:44:210750, 4, 1, 1632706064.2105877, 16, GPS(-43.520644, 172.583062, 21.389781, var=[1.0, 1.0, 1.0]), 48.91620538480378, GPS(-43.520600, 172.583000, 0.000000, var=[-1.0, -1.0, -1.0])
14:27:45:175771, 2, 1, 1632706065.1755888, 17, GPS(-43.520555, 172.583062, 21.502925, var=[1.0, 1.0, 1.0]), 49.04804699270412, GPS(-43.520600, 172.583000, 0.000000, var=[-1.0, -1.0, -1.0])
14:27:45:179838, 1, 1, 1632706065.1796522, 17, GPS(-43.520555, 172.582936, 21.471898, var=[1.0, 1.0, 1.0]), 49.050691160578765, GPS(-43.520600, 172.583000, 0.000000, var=[-1.0, -1.0, -1.0])
14:27:45:208313, 3, 1, 1632706065.2081823, 17, GPS(-43.520645, 172.582938, 21.398755, var=[1.0, 1.0, 1.0]), 48.937488293037646, GPS(-43.520600, 172.583000, 0.000000, var=[-1.0, -1.0, -1.0])
14:27:45:211007, 4, 1, 1632706065.2109115, 17, GPS(-43.520645, 172.583062, 21.389781, var=[1.0, 1.0, 1.0]), 48.91556453833362, GPS(-43.520600, 172.583000, 0.000000, var=[-1.0, -1.0, -1.0])
14:27:46:176478, 2, 1, 1632706066.1763396, 18, GPS(-43.520555, 172.583063, 21.505924, var=[1.0, 1.0, 1.0]), 49.03467896808884, GPS(-43.520600, 172.583000, 0.000000, var=[-1.0, -1.0, -1.0])
14:27:46:180244, 1, 1, 1632706066.1801426, 18, GPS(-43.520555, 172.582936, 21.472898, var=[1.0, 1.0, 1.0]), 49.02874084831015, GPS(-43.520600, 172.583000, 0.000000, var=[-1.0, -1.0, -1.0])
14:27:46:208547, 3, 1, 1632706066.208389, 18, GPS(-43.520645, 172.582938, 21.402755, var=[1.0, 1.0, 1.0]), 48.92216416706651, GPS(-43.520600, 172.583000, 0.000000, var=[-1.0, -1.0, -1.0])
14:27:46:212786, 4, 1, 1632706066.212667, 18, GPS(-43.520645, 172.583062, 21.392781, var=[1.0, 1.0, 1.0]), 48.9107308399919, GPS(-43.520600, 172.583000, 0.000000, var=[-1.0, -1.0, -1.0])
14:27:47:178370, 2, 1, 1632706067.178238, 19, GPS(-43.520555, 172.583063, 21.506925, var=[1.0, 1.0, 1.0]), 49.044265138884825, GPS(-43.520600, 172.583000, 0.000000, var=[-1.0, -1.0, -1.0])
14:27:47:181995, 1, 1, 1632706067.1818922, 19, GPS(-43.520555, 172.582936, 21.472898, var=[1.0, 1.0, 1.0]), 49.02818841455588, GPS(-43.520600, 172.583000, 0.000000, var=[-1.0, -1.0, -1.0])
14:27:47:209679, 3, 1, 1632706067.2095537, 19, GPS(-43.520645, 172.582938, 21.406755, var=[1.0, 1.0, 1.0]), 48.92966272003136, GPS(-43.520600, 172.583000, 0.000000, var=[-1.0, -1.0, -1.0])
14:27:47:213300, 4, 1, 1632706067.213168, 19, GPS(-43.520644, 172.583063, 21.391782, var=[1.0, 1.0, 1.0]), 48.912856825743994, GPS(-43.520600, 172.583000, 0.000000, var=[-1.0, -1.0, -1.0])
14:27:48:180251, 2, 1, 1632706068.1799312, 20, GPS(-43.520555, 172.583063, 21.524925, var=[1.0, 1.0, 1.0]), 49.067004896161635, GPS(-43.520600, 172.583000, 0.000000, var=[-1.0, -1.0, -1.0])
14:27:48:184101, 1, 1, 1632706068.183932, 20, GPS(-43.520555, 172.582936, 21.494898, var=[1.0, 1.0, 1.0]), 49.05831951454172, GPS(-43.520600, 172.583000, 0.000000, var=[-1.0, -1.0, -1.0])
14:27:48:210161, 3, 1, 1632706068.2100217, 20, GPS(-43.520645, 172.582938, 21.411755, var=[1.0, 1.0, 1.0]), 48.934482310285325, GPS(-43.520600, 172.583000, 0.000000, var=[-1.0, -1.0, -1.0])
14:27:48:213502, 4, 1, 1632706068.213379, 20, GPS(-43.520644, 172.583063, 21.403782, var=[1.0, 1.0, 1.0]), 48.92922660903844, GPS(-43.520600, 172.583000, 0.000000, var=[-1.0, -1.0, -1.0])
14:27:49:181856, 2, 1, 1632706069.18172, 21, GPS(-43.520555, 172.583063, 21.524925, var=[1.0, 1.0, 1.0]), 49.07685226670092, GPS(-43.520600, 172.583000, 0.000000, var=[-1.0, -1.0, -1.0])
14:27:49:184413, 1, 1, 1632706069.184197, 21, GPS(-43.520555, 172.582936, 21.499898, var=[1.0, 1.0, 1.0]), 49.0778809672059, GPS(-43.520600, 172.583000, 0.000000, var=[-1.0, -1.0, -1.0])
14:27:49:210620, 3, 1, 1632706069.2104802, 21, GPS(-43.520645, 172.582938, 21.415755, var=[1.0, 1.0, 1.0]), 48.9512372361751, GPS(-43.520600, 172.583000, 0.000000, var=[-1.0, -1.0, -1.0])
14:27:49:214820, 4, 1, 1632706069.2146773, 21, GPS(-43.520644, 172.583063, 21.411782, var=[1.0, 1.0, 1.0]), 48.94244599728847, GPS(-43.520600, 172.583000, 0.000000, var=[-1.0, -1.0, -1.0])
14:27:50:183640, 2, 1, 1632706070.1835065, 22, GPS(-43.520555, 172.583063, 21.529925, var=[1.0, 1.0, 1.0]), 49.089431327627224, GPS(-43.520600, 172.583000, 0.000000, var=[-1.0, -1.0, -1.0])
14:27:50:185505, 1, 1, 1632706070.1853738, 22, GPS(-43.520555, 172.582936, 21.499898, var=[1.0, 1.0, 1.0]), 49.083918546321875, GPS(-43.520600, 172.583000, 0.000000, var=[-1.0, -1.0, -1.0])
14:27:50:210778, 3, 1, 1632706070.2106411, 22, GPS(-43.520645, 172.582938, 21.437755, var=[1.0, 1.0, 1.0]), 48.97816723256444, GPS(-43.520600, 172.583000, 0.000000, var=[-1.0, -1.0, -1.0])
14:27:50:214998, 4, 1, 1632706070.214858, 22, GPS(-43.520644, 172.583063, 21.425782, var=[1.0, 1.0, 1.0]), 48.96178122304438, GPS(-43.520600, 172.583000, 0.000000, var=[-1.0, -1.0, -1.0])
14:27:51:183878, 2, 1, 1632706071.183737, 23, GPS(-43.520555, 172.583063, 21.545925, var=[1.0, 1.0, 1.0]), 49.11462936291219, GPS(-43.520600, 172.583000, 0.000000, var=[-1.0, -1.0, -1.0])
14:27:51:187356, 1, 1, 1632706071.1872447, 23, GPS(-43.520555, 172.582936, 21.498898, var=[1.0, 1.0, 1.0]), 49.09657187895482, GPS(-43.520600, 172.583000, 0.000000, var=[-1.0, -1.0, -1.0])
14:27:51:210925, 3, 1, 1632706071.2107239, 23, GPS(-43.520645, 172.582938, 21.430755, var=[1.0, 1.0, 1.0]), 48.98758814127074, GPS(-43.520600, 172.583000, 0.000000, var=[-1.0, -1.0, -1.0])
14:27:51:216934, 4, 1, 1632706071.2167623, 23, GPS(-43.520644, 172.583063, 21.422782, var=[1.0, 1.0, 1.0]), 48.97562848729295, GPS(-43.520600, 172.583000, 0.000000, var=[-1.0, -1.0, -1.0])
14:27:52:185891, 2, 1, 1632706072.185705, 24, GPS(-43.520555, 172.583062, 21.548925, var=[1.0, 1.0, 1.0]), 49.12676727955939, GPS(-43.520600, 172.583000, 0.000000, var=[-1.0, -1.0, -1.0])
14:27:52:188008, 1, 1, 1632706072.187866, 24, GPS(-43.520555, 172.582936, 21.504898, var=[1.0, 1.0, 1.0]), 49.11333918690512, GPS(-43.520600, 172.583000, 0.000000, var=[-1.0, -1.0, -1.0])
14:27:52:212679, 3, 1, 1632706072.212558, 24, GPS(-43.520645, 172.582938, 21.429755, var=[1.0, 1.0, 1.0]), 49.0019673686571, GPS(-43.520600, 172.583000, 0.000000, var=[-1.0, -1.0, -1.0])
14:27:52:218028, 4, 1, 1632706072.2178862, 24, GPS(-43.520645, 172.583063, 21.428781, var=[1.0, 1.0, 1.0]), 48.994841884856655, GPS(-43.520600, 172.583000, 0.000000, var=[-1.0, -1.0, -1.0])
14:27:53:187566, 2, 1, 1632706073.1874278, 25, GPS(-43.520555, 172.583062, 21.546925, var=[1.0, 1.0, 1.0]), 49.123827699465124, GPS(-43.520600, 172.583000, 0.000000, var=[-1.0, -1.0, -1.0])
14:27:53:188141, 1, 1, 1632706073.1880517, 25, GPS(-43.520555, 172.582936, 21.503898, var=[1.0, 1.0, 1.0]), 49.10888881907354, GPS(-43.520600, 172.583000, 0.000000, var=[-1.0, -1.0, -1.0])
14:27:53:214382, 3, 1, 1632706073.2142303, 25, GPS(-43.520645, 172.582938, 21.434755, var=[1.0, 1.0, 1.0]), 49.005013584124356, GPS(-43.520600, 172.583000, 0.000000, var=[-1.0, -1.0, -1.0])
14:27:53:219719, 4, 1, 1632706073.219599, 25, GPS(-43.520645, 172.583062, 21.420781, var=[1.0, 1.0, 1.0]), 48.98440335375692, GPS(-43.520600, 172.583000, 0.000000, var=[-1.0, -1.0, -1.0])
14:27:54:188054, 2, 1, 1632706074.1878438, 26, GPS(-43.520555, 172.583062, 21.543925, var=[1.0, 1.0, 1.0]), 49.110726388877765, GPS(-43.520600, 172.583000, 0.000000, var=[-1.0, -1.0, -1.0])
14:27:54:189257, 1, 1, 1632706074.1890984, 26, GPS(-43.520555, 172.582936, 21.496898, var=[1.0, 1.0, 1.0]), 49.09563381792498, GPS(-43.520600, 172.583000, 0.000000, var=[-1.0, -1.0, -1.0])
14:27:54:215449, 3, 1, 1632706074.2153065, 26, GPS(-43.520645, 172.582937, 21.426755, var=[1.0, 1.0, 1.0]), 48.995018364243705, GPS(-43.520600, 172.583000, 0.000000, var=[-1.0, -1.0, -1.0])
14:27:54:220369, 4, 1, 1632706074.2202363, 26, GPS(-43.520645, 172.583062, 21.427781, var=[1.0, 1.0, 1.0]), 48.981461023198975, GPS(-43.520600, 172.583000, 0.000000, var=[-1.0, -1.0, -1.0])
14:27:55:189886, 2, 1, 1632706075.1894362, 27, GPS(-43.520555, 172.583062, 21.538925, var=[1.0, 1.0, 1.0]), 49.10240506265975, GPS(-43.520600, 172.583000, 0.000000, var=[-1.0, -1.0, -1.0])
14:27:55:190438, 1, 1, 1632706075.190297, 27, GPS(-43.520555, 172.582936, 21.505898, var=[1.0, 1.0, 1.0]), 49.10784740887922, GPS(-43.520600, 172.583000, 0.000000, var=[-1.0, -1.0, -1.0])
14:27:55:216351, 3, 1, 1632706075.2161949, 27, GPS(-43.520645, 172.582937, 21.417755, var=[1.0, 1.0, 1.0]), 48.98401508540389, GPS(-43.520600, 172.583000, 0.000000, var=[-1.0, -1.0, -1.0])
14:27:55:222556, 4, 1, 1632706075.222338, 27, GPS(-43.520644, 172.583062, 21.422781, var=[1.0, 1.0, 1.0]), 48.96889964639375, GPS(-43.520600, 172.583000, 0.000000, var=[-1.0, -1.0, -1.0])
14:27:56:191114, 2, 1, 1632706076.1908765, 28, GPS(-43.520555, 172.583062, 21.535925, var=[1.0, 1.0, 1.0]), 49.106020938098936, GPS(-43.520600, 172.583000, 0.000000, var=[-1.0, -1.0, -1.0])
14:27:56:191744, 1, 1, 1632706076.1916559, 28, GPS(-43.520555, 172.582935, 21.503898, var=[1.0, 1.0, 1.0]), 49.12165014527234, GPS(-43.520600, 172.583000, 0.000000, var=[-1.0, -1.0, -1.0])
14:27:56:217779, 3, 1, 1632706076.2176306, 28, GPS(-43.520645, 172.582938, 21.413755, var=[1.0, 1.0, 1.0]), 48.979964420438115, GPS(-43.520600, 172.583000, 0.000000, var=[-1.0, -1.0, -1.0])
14:27:56:222700, 4, 1, 1632706076.2224572, 28, GPS(-43.520644, 172.583062, 21.420782, var=[1.0, 1.0, 1.0]), 48.966136902985994, GPS(-43.520600, 172.583000, 0.000000, var=[-1.0, -1.0, -1.0])
14:27:57:191875, 2, 1, 1632706077.191748, 29, GPS(-43.520554, 172.583062, 21.542925, var=[1.0, 1.0, 1.0]), 49.115845335268126, GPS(-43.520600, 172.583000, 0.000000, var=[-1.0, -1.0, -1.0])
14:27:57:193746, 1, 1, 1632706077.1936588, 29, GPS(-43.520554, 172.582936, 21.493899, var=[1.0, 1.0, 1.0]), 49.10925182134035, GPS(-43.520600, 172.583000, 0.000000, var=[-1.0, -1.0, -1.0])
14:27:57:218286, 3, 1, 1632706077.2181425, 29, GPS(-43.520644, 172.582938, 21.420755, var=[1.0, 1.0, 1.0]), 48.97389718610715, GPS(-43.520600, 172.583000, 0.000000, var=[-1.0, -1.0, -1.0])
14:27:57:224416, 4, 1, 1632706077.2242901, 29, GPS(-43.520644, 172.583062, 21.410782, var=[1.0, 1.0, 1.0]), 48.95112845672972, GPS(-43.520600, 172.583000, 0.000000, var=[-1.0, -1.0, -1.0])
14:27:58:192336, 2, 1, 1632706078.1921904, 30, GPS(-43.520554, 172.583062, 21.555926, var=[1.0, 1.0, 1.0]), 49.13776889248628, GPS(-43.520600, 172.583000, 0.000000, var=[-1.0, -1.0, -1.0])
14:27:58:194344, 1, 1, 1632706078.194251, 30, GPS(-43.520554, 172.582936, 21.509899, var=[1.0, 1.0, 1.0]), 49.12609327174425, GPS(-43.520600, 172.583000, 0.000000, var=[-1.0, -1.0, -1.0])
14:27:58:220042, 3, 1, 1632706078.2198987, 30, GPS(-43.520644, 172.582938, 21.439755, var=[1.0, 1.0, 1.0]), 48.992983978393184, GPS(-43.520600, 172.583000, 0.000000, var=[-1.0, -1.0, -1.0])
14:27:58:225776, 4, 1, 1632706078.2256358, 30, GPS(-43.520644, 172.583062, 21.428782, var=[1.0, 1.0, 1.0]), 48.97106961563314, GPS(-43.520600, 172.583000, 0.000000, var=[-1.0, -1.0, -1.0])
14:27:59:194295, 2, 1, 1632706079.1941683, 31, GPS(-43.520554, 172.583063, 21.551926, var=[1.0, 1.0, 1.0]), 49.142705742790646, GPS(-43.520600, 172.583000, 0.000000, var=[-1.0, -1.0, -1.0])
14:27:59:196318, 1, 1, 1632706079.1961925, 31, GPS(-43.520554, 172.582936, 21.512899, var=[1.0, 1.0, 1.0]), 49.13220411103784, GPS(-43.520600, 172.583000, 0.000000, var=[-1.0, -1.0, -1.0])
14:27:59:220826, 3, 1, 1632706079.220687, 31, GPS(-43.520644, 172.582938, 21.442755, var=[1.0, 1.0, 1.0]), 49.004577750689236, GPS(-43.520600, 172.583000, 0.000000, var=[-1.0, -1.0, -1.0])
14:27:59:225909, 4, 1, 1632706079.2257943, 31, GPS(-43.520644, 172.583062, 21.430782, var=[1.0, 1.0, 1.0]), 48.97750572963679, GPS(-43.520600, 172.583000, 0.000000, var=[-1.0, -1.0, -1.0])
14:28:00:196215, 2, 1, 1632706080.196054, 32, GPS(-43.520554, 172.583062, 21.547926, var=[1.0, 1.0, 1.0]), 49.146138418802934, GPS(-43.520600, 172.583000, 0.000000, var=[-1.0, -1.0, -1.0])
14:28:00:198057, 1, 1, 1632706080.197932, 32, GPS(-43.520554, 172.582936, 21.511899, var=[1.0, 1.0, 1.0]), 49.14211003833739, GPS(-43.520600, 172.583000, 0.000000, var=[-1.0, -1.0, -1.0])
14:28:00:221316, 3, 1, 1632706080.2211912, 32, GPS(-43.520644, 172.582937, 21.448756, var=[1.0, 1.0, 1.0]), 49.02047011280993, GPS(-43.520600, 172.583000, 0.000000, var=[-1.0, -1.0, -1.0])
14:28:00:227292, 4, 1, 1632706080.2271812, 32, GPS(-43.520644, 172.583062, 21.436782, var=[1.0, 1.0, 1.0]), 48.99222535751842, GPS(-43.520600, 172.583000, 0.000000, var=[-1.0, -1.0, -1.0])
14:28:01:197357, 2, 1, 1632706081.1971655, 33, GPS(-43.520554, 172.583062, 21.564926, var=[1.0, 1.0, 1.0]), 49.167353216951355, GPS(-43.520600, 172.583000, 0.000000, var=[-1.0, -1.0, -1.0])
14:28:01:199282, 1, 1, 1632706081.1991372, 33, GPS(-43.520554, 172.582936, 21.524899, var=[1.0, 1.0, 1.0]), 49.164909226168604, GPS(-43.520600, 172.583000, 0.000000, var=[-1.0, -1.0, -1.0])
14:28:01:222803, 3, 1, 1632706081.2226346, 33, GPS(-43.520644, 172.582937, 21.447756, var=[1.0, 1.0, 1.0]), 49.019026249378086, GPS(-43.520600, 172.583000, 0.000000, var=[-1.0, -1.0, -1.0])
14:28:01:229355, 4, 1, 1632706081.2292, 33, GPS(-43.520644, 172.583062, 21.448782, var=[1.0, 1.0, 1.0]), 49.00738060551215, GPS(-43.520600, 172.583000, 0.000000, var=[-1.0, -1.0, -1.0])
14:28:02:198966, 2, 1, 1632706082.1988153, 34, GPS(-43.520554, 172.583062, 21.571926, var=[1.0, 1.0, 1.0]), 49.19099507562382, GPS(-43.520600, 172.583000, 0.000000, var=[-1.0, -1.0, -1.0])
14:28:02:199488, 1, 1, 1632706082.1993647, 34, GPS(-43.520554, 172.582936, 21.535899, var=[1.0, 1.0, 1.0]), 49.19152264491784, GPS(-43.520600, 172.583000, 0.000000, var=[-1.0, -1.0, -1.0])
14:28:02:223607, 3, 1, 1632706082.223467, 34, GPS(-43.520644, 172.582938, 21.455756, var=[1.0, 1.0, 1.0]), 49.025252510895086, GPS(-43.520600, 172.583000, 0.000000, var=[-1.0, -1.0, -1.0])
14:28:02:229962, 4, 1, 1632706082.229849, 34, GPS(-43.520644, 172.583062, 21.457783, var=[1.0, 1.0, 1.0]), 49.02837147218054, GPS(-43.520600, 172.583000, 0.000000, var=[-1.0, -1.0, -1.0])
14:28:03:200901, 2, 1, 1632706083.2007012, 35, GPS(-43.520554, 172.583062, 21.571926, var=[1.0, 1.0, 1.0]), 49.048095395968886, GPS(-43.520600, 172.583010, 0.000000, var=[-1.0, -1.0, -1.0])
14:28:03:201259, 1, 1, 1632706083.2011137, 35, GPS(-43.520554, 172.582936, 21.550900, var=[1.0, 1.0, 1.0]), 49.42225582016346, GPS(-43.520600, 172.583010, 0.000000, var=[-1.0, -1.0, -1.0])
14:28:03:224020, 3, 1, 1632706083.2238762, 35, GPS(-43.520644, 172.582938, 21.459757, var=[1.0, 1.0, 1.0]), 49.23895272678463, GPS(-43.520600, 172.583010, 0.000000, var=[-1.0, -1.0, -1.0])
14:28:03:231332, 3, 1, 1632706083.231216, 36, GPS(-43.520644, 172.582938, 21.459757, var=[1.0, 1.0, 1.0]), 49.23895272678463, GPS(-43.520600, 172.583010, 0.000000, var=[-1.0, -1.0, -1.0])
14:28:03:231411, 2, 1, 1632706083.231259, 36, GPS(-43.520554, 172.583062, 21.571926, var=[1.0, 1.0, 1.0]), 49.04556686201192, GPS(-43.520600, 172.583010, 0.000000, var=[-1.0, -1.0, -1.0])
14:28:03:231457, 1, 1, 1632706083.2312288, 36, GPS(-43.520554, 172.582936, 21.549900, var=[1.0, 1.0, 1.0]), 49.4213165295618, GPS(-43.520600, 172.583010, 0.000000, var=[-1.0, -1.0, -1.0])
14:28:03:231498, 4, 1, 1632706083.2312477, 35, GPS(-43.520644, 172.583062, 21.455783, var=[1.0, 1.0, 1.0]), 48.87729952466553, GPS(-43.520600, 172.583010, 0.000000, var=[-1.0, -1.0, -1.0])
14:28:04:231957, 3, 2, 1632706084.231793, 37, GPS(-43.520644, 172.582938, 21.465757, var=[1.0, 1.0, 1.0]), 49.23971019614899, GPS(-43.520600, 172.583010, 0.000000, var=[-1.0, -1.0, -1.0])
14:28:04:232959, 1, 2, 1632706084.2327647, 37, GPS(-43.520554, 172.582936, 21.546900, var=[1.0, 1.0, 1.0]), 49.41355785975581, GPS(-43.520600, 172.583010, 0.000000, var=[-1.0, -1.0, -1.0])
14:28:04:233037, 4, 2, 1632706084.2329004, 36, GPS(-43.520643, 172.583063, 21.464783, var=[1.0, 1.0, 1.0]), 48.882197482936945, GPS(-43.520600, 172.583010, 0.000000, var=[-1.0, -1.0, -1.0])
14:28:04:234901, 4, 2, 1632706084.234304, 37, GPS(-43.520643, 172.583063, 21.464783, var=[1.0, 1.0, 1.0]), 48.882197482936945, GPS(-43.520600, 172.583010, 0.000000, var=[-1.0, -1.0, -1.0])
14:28:04:234977, 2, 2, 1632706084.2331567, 37, GPS(-43.520554, 172.583063, 21.578926, var=[1.0, 1.0, 1.0]), 49.055440396146494, GPS(-43.520600, 172.583010, 0.000000, var=[-1.0, -1.0, -1.0])
14:28:04:236490, 3, 2, 1632706084.2342656, 38, GPS(-43.520644, 172.582938, 21.465757, var=[1.0, 1.0, 1.0]), 49.23971019614899, GPS(-43.520600, 172.583010, 0.000000, var=[-1.0, -1.0, -1.0])
14:28:04:236542, 1, 2, 1632706084.2342849, 38, GPS(-43.520554, 172.582936, 21.546900, var=[1.0, 1.0, 1.0]), 49.41355785975581, GPS(-43.520600, 172.583010, 0.000000, var=[-1.0, -1.0, -1.0])
14:28:04:236589, 2, 2, 1632706084.234351, 38, GPS(-43.520554, 172.583063, 21.578926, var=[1.0, 1.0, 1.0]), 49.055440396146494, GPS(-43.520600, 172.583010, 0.000000, var=[-1.0, -1.0, -1.0])
14:28:05:234492, 1, 2, 1632706085.2343621, 39, GPS(-43.520554, 172.582936, 21.551900, var=[1.0, 1.0, 1.0]), 49.68777617370752, GPS(-43.520600, 172.583020, 0.000000, var=[-1.0, -1.0, -1.0])
14:28:05:235160, 1, 2, 1632706085.2350633, 40, GPS(-43.520554, 172.582936, 21.551900, var=[1.0, 1.0, 1.0]), 49.68777617370752, GPS(-43.520600, 172.583020, 0.000000, var=[-1.0, -1.0, -1.0])
14:28:05:235224, 4, 2, 1632706085.2350938, 38, GPS(-43.520643, 172.583063, 21.474783, var=[1.0, 1.0, 1.0]), 48.80628004676533, GPS(-43.520600, 172.583020, 0.000000, var=[-1.0, -1.0, -1.0])
14:28:05:236482, 3, 2, 1632706085.2350683, 39, GPS(-43.520644, 172.582938, 21.470756, var=[1.0, 1.0, 1.0]), 49.51704285694137, GPS(-43.520600, 172.583020, 0.000000, var=[-1.0, -1.0, -1.0])
14:28:05:236517, 2, 2, 1632706085.2350779, 39, GPS(-43.520554, 172.583063, 21.586926, var=[1.0, 1.0, 1.0]), 48.981174891519544, GPS(-43.520600, 172.583020, 0.000000, var=[-1.0, -1.0, -1.0])
14:28:06:235741, 1, 2, 1632706086.2355795, 41, GPS(-43.520554, 172.582936, 21.547900, var=[1.0, 1.0, 1.0]), 49.99458523270364, GPS(-43.520600, 172.583030, 0.000000, var=[-1.0, -1.0, -1.0])
14:28:06:236260, 3, 2, 1632706086.2360709, 40, GPS(-43.520644, 172.582938, 21.478756, var=[1.0, 1.0, 1.0]), 49.83652943077248, GPS(-43.520600, 172.583030, 0.000000, var=[-1.0, -1.0, -1.0])
14:28:06:236393, 2, 2, 1632706086.2362962, 40, GPS(-43.520554, 172.583063, 21.575926, var=[1.0, 1.0, 1.0]), 48.92153360461545, GPS(-43.520600, 172.583030, 0.000000, var=[-1.0, -1.0, -1.0])
14:28:06:236440, 4, 2, 1632706086.2363174, 39, GPS(-43.520643, 172.583063, 21.468783, var=[1.0, 1.0, 1.0]), 48.75155038336898, GPS(-43.520600, 172.583030, 0.000000, var=[-1.0, -1.0, -1.0])
14:28:06:237992, 4, 2, 1632706086.2366617, 40, GPS(-43.520643, 172.583063, 21.468783, var=[1.0, 1.0, 1.0]), 48.75155038336898, GPS(-43.520600, 172.583030, 0.000000, var=[-1.0, -1.0, -1.0])
14:28:06:239270, 3, 2, 1632706086.236604, 41, GPS(-43.520644, 172.582938, 21.478756, var=[1.0, 1.0, 1.0]), 49.83652943077248, GPS(-43.520600, 172.583030, 0.000000, var=[-1.0, -1.0, -1.0])
14:28:06:239317, 1, 2, 1632706086.2366476, 42, GPS(-43.520554, 172.582936, 21.547900, var=[1.0, 1.0, 1.0]), 49.99458523270364, GPS(-43.520600, 172.583030, 0.000000, var=[-1.0, -1.0, -1.0])
14:28:06:239357, 2, 2, 1632706086.2366967, 41, GPS(-43.520554, 172.583063, 21.575926, var=[1.0, 1.0, 1.0]), 48.92153360461545, GPS(-43.520600, 172.583030, 0.000000, var=[-1.0, -1.0, -1.0])
14:28:07:237208, 2, 2, 1632706087.237053, 42, GPS(-43.520554, 172.583063, 21.580926, var=[1.0, 1.0, 1.0]), 48.99425100913153, GPS(-43.520602, 172.583040, 0.000000, var=[-1.0, -1.0, -1.0])
14:28:07:237329, 1, 2, 1632706087.237129, 43, GPS(-43.520554, 172.582936, 21.554900, var=[1.0, 1.0, 1.0]), 50.41515034655389, GPS(-43.520602, 172.583040, 0.000000, var=[-1.0, -1.0, -1.0])
14:28:07:238206, 3, 2, 1632706087.2380846, 42, GPS(-43.520644, 172.582938, 21.478756, var=[1.0, 1.0, 1.0]), 50.15740068901015, GPS(-43.520602, 172.583040, 0.000000, var=[-1.0, -1.0, -1.0])
14:28:07:238263, 4, 2, 1632706087.2381074, 41, GPS(-43.520644, 172.583063, 21.477783, var=[1.0, 1.0, 1.0]), 48.72826304902696, GPS(-43.520602, 172.583040, 0.000000, var=[-1.0, -1.0, -1.0])
14:28:07:239440, 2, 2, 1632706087.2381136, 43, GPS(-43.520554, 172.583063, 21.580926, var=[1.0, 1.0, 1.0]), 48.99425100913153, GPS(-43.520602, 172.583040, 0.000000, var=[-1.0, -1.0, -1.0])
14:28:07:239536, 1, 2, 1632706087.2382193, 44, GPS(-43.520554, 172.582936, 21.554900, var=[1.0, 1.0, 1.0]), 50.41515034655389, GPS(-43.520602, 172.583040, 0.000000, var=[-1.0, -1.0, -1.0])
14:28:08:238521, 3, 2, 1632706088.2383661, 43, GPS(-43.520644, 172.582938, 21.470756, var=[1.0, 1.0, 1.0]), 51.06650764390238, GPS(-43.520600, 172.583060, 0.000000, var=[-1.0, -1.0, -1.0])
14:28:08:238589, 4, 2, 1632706088.238444, 42, GPS(-43.520644, 172.583063, 21.470782, var=[1.0, 1.0, 1.0]), 48.95455155322672, GPS(-43.520600, 172.583060, 0.000000, var=[-1.0, -1.0, -1.0])
14:28:08:239710, 4, 2, 1632706088.2395577, 43, GPS(-43.520644, 172.583063, 21.470782, var=[1.0, 1.0, 1.0]), 48.95455155322672, GPS(-43.520600, 172.583060, 0.000000, var=[-1.0, -1.0, -1.0])
14:28:08:240909, 2, 2, 1632706088.238617, 44, GPS(-43.520554, 172.583063, 21.582926, var=[1.0, 1.0, 1.0]), 49.11411120206988, GPS(-43.520600, 172.583060, 0.000000, var=[-1.0, -1.0, -1.0])
14:28:08:240959, 3, 2, 1632706088.2395344, 44, GPS(-43.520644, 172.582938, 21.470756, var=[1.0, 1.0, 1.0]), 51.06650764390238, GPS(-43.520600, 172.583060, 0.000000, var=[-1.0, -1.0, -1.0])
14:28:08:241004, 1, 3, 1632706088.239557, 45, GPS(-43.520554, 172.582936, 21.554899, var=[1.0, 1.0, 1.0]), 51.226291908433446, GPS(-43.520600, 172.583060, 0.000000, var=[-1.0, -1.0, -1.0])
14:28:08:241048, 2, 2, 1632706088.2395687, 45, GPS(-43.520554, 172.583063, 21.582926, var=[1.0, 1.0, 1.0]), 49.11411120206988, GPS(-43.520600, 172.583060, 0.000000, var=[-1.0, -1.0, -1.0])
14:28:09:239948, 1, 3, 1632706089.239832, 46, GPS(-43.520543, 172.582919, 21.554914, var=[1.0, 1.0, 1.0]), 52.64965139219656, GPS(-43.520600, 172.583070, 0.000000, var=[-1.0, -1.0, -1.0])
14:28:09:240014, 2, 2, 1632706089.2398508, 46, GPS(-43.520555, 172.583063, 21.591925, var=[1.0, 1.0, 1.0]), 49.26865067157845, GPS(-43.520600, 172.583070, 0.000000, var=[-1.0, -1.0, -1.0])
14:28:09:240060, 4, 2, 1632706089.2398417, 44, GPS(-43.520644, 172.583063, 21.468782, var=[1.0, 1.0, 1.0]), 49.111598246684615, GPS(-43.520600, 172.583070, 0.000000, var=[-1.0, -1.0, -1.0])
14:28:09:241213, 3, 2, 1632706089.2398183, 45, GPS(-43.520645, 172.582938, 21.459755, var=[1.0, 1.0, 1.0]), 51.55115422778508, GPS(-43.520600, 172.583070, 0.000000, var=[-1.0, -1.0, -1.0])
14:28:10:240135, 4, 2, 1632706090.2400062, 45, GPS(-43.520644, 172.583063, 21.446782, var=[1.0, 1.0, 1.0]), 49.20479683774253, GPS(-43.520605, 172.583080, 0.000000, var=[-1.0, -1.0, -1.0])
14:28:10:241245, 3, 2, 1632706090.2403536, 46, GPS(-43.520645, 172.582938, 21.455755, var=[1.0, 1.0, 1.0]), 51.99906269305841, GPS(-43.520605, 172.583080, 0.000000, var=[-1.0, -1.0, -1.0])
14:28:10:241298, 1, 3, 1632706090.2400284, 47, GPS(-43.520519, 172.582885, 21.440945, var=[1.0, 1.0, 1.0]), 55.535313499262884, GPS(-43.520605, 172.583080, 0.000000, var=[-1.0, -1.0, -1.0])
14:28:10:241347, 2, 2, 1632706090.2403467, 47, GPS(-43.520555, 172.583063, 21.583925, var=[1.0, 1.0, 1.0]), 49.6183408728275, GPS(-43.520605, 172.583080, 0.000000, var=[-1.0, -1.0, -1.0])
14:28:10:270912, 4, 2, 1632706090.2707677, 46, GPS(-43.520644, 172.583063, 21.446782, var=[1.0, 1.0, 1.0]), 49.19828628360618, GPS(-43.520605, 172.583080, 0.000000, var=[-1.0, -1.0, -1.0])
14:28:10:272256, 2, 2, 1632706090.2716396, 48, GPS(-43.520555, 172.583063, 21.583925, var=[1.0, 1.0, 1.0]), 49.61183031869115, GPS(-43.520605, 172.583080, 0.000000, var=[-1.0, -1.0, -1.0])
14:28:10:272376, 1, 3, 1632706090.272237, 48, GPS(-43.520518, 172.582884, 21.436946, var=[1.0, 1.0, 1.0]), 55.597121390712985, GPS(-43.520605, 172.583080, 0.000000, var=[-1.0, -1.0, -1.0])
14:28:10:299702, 3, 2, 1632706090.299512, 47, GPS(-43.520645, 172.582938, 21.454755, var=[1.0, 1.0, 1.0]), 51.99270149165093, GPS(-43.520605, 172.583080, 0.000000, var=[-1.0, -1.0, -1.0])
14:28:11:272256, 2, 2, 1632706091.272117, 49, GPS(-43.520555, 172.583062, 21.566925, var=[1.0, 1.0, 1.0]), 50.02509603019664, GPS(-43.520610, 172.583090, 0.000000, var=[-1.0, -1.0, -1.0])
14:28:11:272468, 2, 2, 1632706091.272355, 50, GPS(-43.520555, 172.583062, 21.566925, var=[1.0, 1.0, 1.0]), 50.02509603019664, GPS(-43.520610, 172.583090, 0.000000, var=[-1.0, -1.0, -1.0])
14:28:11:272523, 3, 2, 1632706091.2723372, 48, GPS(-43.520645, 172.582938, 21.434755, var=[1.0, 1.0, 1.0]), 52.49073571101411, GPS(-43.520610, 172.583090, 0.000000, var=[-1.0, -1.0, -1.0])
14:28:11:272573, 1, 4, 1632706091.2723482, 49, GPS(-43.520508, 172.582871, 21.425960, var=[1.0, 1.0, 1.0]), 57.48365526919649, GPS(-43.520610, 172.583090, 0.000000, var=[-1.0, -1.0, -1.0])
14:28:11:272616, 4, 2, 1632706091.2723596, 47, GPS(-43.520644, 172.583063, 21.438782, var=[1.0, 1.0, 1.0]), 49.376549116553576, GPS(-43.520610, 172.583090, 0.000000, var=[-1.0, -1.0, -1.0])
14:28:12:272529, 4, 2, 1632706092.2723963, 48, GPS(-43.520645, 172.583062, 21.429781, var=[1.0, 1.0, 1.0]), 49.685019595345445, GPS(-43.520610, 172.583100, 0.000000, var=[-1.0, -1.0, -1.0])
14:28:12:273661, 1, 4, 1632706092.2727258, 50, GPS(-43.520506, 172.582873, 21.424963, var=[1.0, 1.0, 1.0]), 58.16762100090787, GPS(-43.520610, 172.583100, 0.000000, var=[-1.0, -1.0, -1.0])
14:28:12:304439, 3, 2, 1632706092.3042908, 49, GPS(-43.520645, 172.582938, 21.420755, var=[1.0, 1.0, 1.0]), 53.09208008622685, GPS(-43.520610, 172.583100, 0.000000, var=[-1.0, -1.0, -1.0])
14:28:12:304608, 3, 2, 1632706092.3045156, 50, GPS(-43.520645, 172.582938, 21.420755, var=[1.0, 1.0, 1.0]), 53.09208008622685, GPS(-43.520610, 172.583100, 0.000000, var=[-1.0, -1.0, -1.0])
14:28:12:308000, 1, 4, 1632706092.3077714, 51, GPS(-43.520506, 172.582873, 21.424963, var=[1.0, 1.0, 1.0]), 58.15088011734578, GPS(-43.520610, 172.583100, 0.000000, var=[-1.0, -1.0, -1.0])
14:28:12:309115, 4, 2, 1632706092.309011, 49, GPS(-43.520645, 172.583062, 21.429781, var=[1.0, 1.0, 1.0]), 49.673128574175394, GPS(-43.520610, 172.583100, 0.000000, var=[-1.0, -1.0, -1.0])
14:28:12:310819, 2, 2, 1632706092.3107002, 51, GPS(-43.520555, 172.583062, 21.540924, var=[1.0, 1.0, 1.0]), 50.29103501250266, GPS(-43.520610, 172.583100, 0.000000, var=[-1.0, -1.0, -1.0])
14:28:12:349497, 2, 2, 1632706092.3493636, 52, GPS(-43.520555, 172.583062, 21.539924, var=[1.0, 1.0, 1.0]), 50.28912728380024, GPS(-43.520610, 172.583100, 0.000000, var=[-1.0, -1.0, -1.0])
14:28:13:305452, 3, 2, 1632706093.3053179, 51, GPS(-43.520645, 172.582938, 21.401755, var=[1.0, 1.0, 1.0]), 53.75738925857392, GPS(-43.520610, 172.583110, 0.000000, var=[-1.0, -1.0, -1.0])
14:28:13:308305, 1, 4, 1632706093.3081844, 52, GPS(-43.520508, 172.582876, 21.413961, var=[1.0, 1.0, 1.0]), 58.64356091981084, GPS(-43.520610, 172.583110, 0.000000, var=[-1.0, -1.0, -1.0])
14:28:13:309239, 4, 2, 1632706093.3090928, 50, GPS(-43.520645, 172.583062, 21.408781, var=[1.0, 1.0, 1.0]), 50.030079673187146, GPS(-43.520610, 172.583110, 0.000000, var=[-1.0, -1.0, -1.0])
14:28:13:338731, 4, 2, 1632706093.3385434, 51, GPS(-43.520645, 172.583062, 21.408781, var=[1.0, 1.0, 1.0]), 50.013512671140205, GPS(-43.520610, 172.583110, 0.000000, var=[-1.0, -1.0, -1.0])
14:28:13:340206, 2, 2, 1632706093.3399913, 53, GPS(-43.520555, 172.583062, 21.531924, var=[1.0, 1.0, 1.0]), 50.635921608640786, GPS(-43.520610, 172.583110, 0.000000, var=[-1.0, -1.0, -1.0])
14:28:13:340260, 1, 4, 1632706093.3399348, 53, GPS(-43.520508, 172.582876, 21.413961, var=[1.0, 1.0, 1.0]), 58.617933977166864, GPS(-43.520610, 172.583110, 0.000000, var=[-1.0, -1.0, -1.0])
14:28:13:381933, 3, 2, 1632706093.3818023, 52, GPS(-43.520645, 172.582938, 21.399755, var=[1.0, 1.0, 1.0]), 53.73916446797405, GPS(-43.520610, 172.583110, 0.000000, var=[-1.0, -1.0, -1.0])
14:28:14:339882, 4, 2, 1632706094.339742, 52, GPS(-43.520645, 172.583062, 21.387781, var=[1.0, 1.0, 1.0]), 49.97998184677297, GPS(-43.520611, 172.583110, 0.000000, var=[-1.0, -1.0, -1.0])
14:28:14:341512, 4, 2, 1632706094.3403244, 53, GPS(-43.520645, 172.583062, 21.387781, var=[1.0, 1.0, 1.0]), 49.97998184677297, GPS(-43.520611, 172.583110, 0.000000, var=[-1.0, -1.0, -1.0])
14:28:14:341580, 3, 2, 1632706094.3403065, 53, GPS(-43.520645, 172.582937, 21.380755, var=[1.0, 1.0, 1.0]), 53.71411901150946, GPS(-43.520611, 172.583110, 0.000000, var=[-1.0, -1.0, -1.0])
14:28:14:343112, 1, 4, 1632706094.3403218, 54, GPS(-43.520510, 172.582877, 21.395958, var=[1.0, 1.0, 1.0]), 58.545693381528956, GPS(-43.520611, 172.583110, 0.000000, var=[-1.0, -1.0, -1.0])
14:28:14:343159, 2, 3, 1632706094.3403425, 54, GPS(-43.520555, 172.583062, 21.523924, var=[1.0, 1.0, 1.0]), 50.66442641221529, GPS(-43.520611, 172.583110, 0.000000, var=[-1.0, -1.0, -1.0])
14:28:15:340503, 1, 4, 1632706095.340376, 55, GPS(-43.520510, 172.582877, 21.389957, var=[1.0, 1.0, 1.0]), 59.2458149973032, GPS(-43.520610, 172.583120, 0.000000, var=[-1.0, -1.0, -1.0])
14:28:15:340672, 3, 2, 1632706095.3405588, 54, GPS(-43.520645, 172.582937, 21.390754, var=[1.0, 1.0, 1.0]), 54.43377879761104, GPS(-43.520610, 172.583120, 0.000000, var=[-1.0, -1.0, -1.0])
14:28:15:341879, 1, 4, 1632706095.3416755, 56, GPS(-43.520510, 172.582877, 21.389957, var=[1.0, 1.0, 1.0]), 59.2458149973032, GPS(-43.520610, 172.583120, 0.000000, var=[-1.0, -1.0, -1.0])
14:28:15:341971, 3, 2, 1632706095.3417163, 55, GPS(-43.520645, 172.582937, 21.390754, var=[1.0, 1.0, 1.0]), 54.43377879761104, GPS(-43.520610, 172.583120, 0.000000, var=[-1.0, -1.0, -1.0])
14:28:15:342032, 2, 3, 1632706095.3417602, 55, GPS(-43.520543, 172.583078, 21.501947, var=[1.0, 1.0, 1.0]), 51.180085184449624, GPS(-43.520610, 172.583120, 0.000000, var=[-1.0, -1.0, -1.0])
14:28:15:342081, 4, 2, 1632706095.341849, 54, GPS(-43.520645, 172.583062, 21.388781, var=[1.0, 1.0, 1.0]), 50.40558426152711, GPS(-43.520610, 172.583120, 0.000000, var=[-1.0, -1.0, -1.0])
14:28:16:342152, 3, 2, 1632706096.3419454, 56, GPS(-43.520645, 172.582937, 21.376754, var=[1.0, 1.0, 1.0]), 55.16366227948993, GPS(-43.520610, 172.583130, 0.000000, var=[-1.0, -1.0, -1.0])
14:28:16:342386, 4, 2, 1632706096.3422308, 55, GPS(-43.520645, 172.583062, 21.383781, var=[1.0, 1.0, 1.0]), 50.862690159248935, GPS(-43.520610, 172.583130, 0.000000, var=[-1.0, -1.0, -1.0])
14:28:16:344521, 2, 3, 1632706096.3438575, 56, GPS(-43.520517, 172.583110, 21.391995, var=[1.0, 1.0, 1.0]), 52.26614615951932, GPS(-43.520610, 172.583130, 0.000000, var=[-1.0, -1.0, -1.0])
14:28:16:344619, 1, 4, 1632706096.3436651, 57, GPS(-43.520511, 172.582876, 21.380956, var=[1.0, 1.0, 1.0]), 60.05939389682506, GPS(-43.520610, 172.583130, 0.000000, var=[-1.0, -1.0, -1.0])
14:28:17:342900, 4, 2, 1632706097.34272, 56, GPS(-43.520645, 172.583062, 21.370781, var=[1.0, 1.0, 1.0]), 51.3666745067044, GPS(-43.520610, 172.583140, 0.000000, var=[-1.0, -1.0, -1.0])
14:28:17:345582, 2, 4, 1632706097.3445165, 57, GPS(-43.520507, 172.583126, 21.378015, var=[1.0, 1.0, 1.0]), 53.050813677728364, GPS(-43.520610, 172.583140, 0.000000, var=[-1.0, -1.0, -1.0])
14:28:17:345688, 3, 2, 1632706097.3433669, 57, GPS(-43.520645, 172.582937, 21.378754, var=[1.0, 1.0, 1.0]), 55.95121381156437, GPS(-43.520610, 172.583140, 0.000000, var=[-1.0, -1.0, -1.0])
14:28:17:372733, 1, 4, 1632706097.3725944, 58, GPS(-43.520510, 172.582876, 21.372957, var=[1.0, 1.0, 1.0]), 60.917834071374756, GPS(-43.520610, 172.583140, 0.000000, var=[-1.0, -1.0, -1.0])
STOP: 09/27/2021 14:28:18:362511
