START: 10/01/2021 05:28:10:807832
TIME,            STATES_LIST,          TARGET_FILT_CART,          TARGET_FILT_GPS,          TARGET_REAL_GPS,          TX_FILT_CART,          TX_FILT_GPS,          TX_REAL_GPS,          MULTILATERATION_ERROR,          MODE,          
05:28:39:354199, [1, 1, 1, 1]1, None, GPS(-43.520600, 172.583000, 0.000000, var=[-1.0, -1.0, -1.0]), GPS(-43.520600, 172.583000, 0.000000, var=[-1.0, -1.0, -1.0]), None, GPS(-43.520600, 172.583000, 15.000000, var=[-1, -1, -1]), GPS(-43.520600, 172.583000, 26.561840, var=[1.0, 1.0, 1.0]), 0.0, OFFBOARD
05:28:39:739557, [1, 1, 1, 1]1, None, GPS(-43.520600, 172.583000, 0.000000, var=[-1.0, -1.0, -1.0]), GPS(-43.520600, 172.583000, 0.000000, var=[-1.0, -1.0, -1.0]), None, GPS(-43.520600, 172.583000, 15.000000, var=[-1, -1, -1]), GPS(-43.520600, 172.583000, 26.554840, var=[1.0, 1.0, 1.0]), 0.0, OFFBOARD
05:28:40:741106, [1, 1, 1, 1]1, None, GPS(-43.520600, 172.583000, 0.000000, var=[-1.0, -1.0, -1.0]), GPS(-43.520600, 172.583000, 0.000000, var=[-1.0, -1.0, -1.0]), None, GPS(-43.520600, 172.583000, 15.000000, var=[-1, -1, -1]), GPS(-43.520600, 172.583000, 26.555840, var=[1.0, 1.0, 1.0]), 0.0, OFFBOARD
05:28:41:742987, [1, 1, 1, 1]1, None, GPS(-43.520600, 172.583000, 0.000000, var=[-1.0, -1.0, -1.0]), GPS(-43.520600, 172.583000, 0.000000, var=[-1.0, -1.0, -1.0]), None, GPS(-43.520600, 172.583000, 15.000000, var=[-1, -1, -1]), GPS(-43.520600, 172.583000, 26.574840, var=[1.0, 1.0, 1.0]), 0.0, OFFBOARD
05:28:41:744775, [1, 1, 1, 1]1, None, GPS(-43.520600, 172.583000, 0.000000, var=[-1.0, -1.0, -1.0]), GPS(-43.520600, 172.583000, 0.000000, var=[-1.0, -1.0, -1.0]), None, GPS(-43.520600, 172.583000, 15.000000, var=[-1, -1, -1]), GPS(-43.520600, 172.583000, 26.574840, var=[1.0, 1.0, 1.0]), 0.0, OFFBOARD
05:28:42:744568, [1, 1, 1, 1]1, None, GPS(-43.520600, 172.583000, 0.000000, var=[-1.0, -1.0, -1.0]), GPS(-43.520600, 172.583000, 0.000000, var=[-1.0, -1.0, -1.0]), None, GPS(-43.520600, 172.583000, 15.000000, var=[-1, -1, -1]), GPS(-43.520600, 172.583000, 26.563840, var=[1.0, 1.0, 1.0]), 0.0, OFFBOARD
05:28:42:772916, [1, 1, 1, 2]1, None, GPS(-43.520600, 172.583000, 0.000000, var=[-1.0, -1.0, -1.0]), GPS(-43.520600, 172.583000, 0.000000, var=[-1.0, -1.0, -1.0]), None, GPS(-43.520600, 172.583000, 15.000000, var=[-1, -1, -1]), GPS(-43.520600, 172.583000, 26.562840, var=[1.0, 1.0, 1.0]), 0.0, OFFBOARD
05:28:43:774913, [1, 1, 1, 2]1, None, GPS(-43.520600, 172.583000, 0.000000, var=[-1.0, -1.0, -1.0]), GPS(-43.520600, 172.583000, 0.000000, var=[-1.0, -1.0, -1.0]), None, GPS(-43.520600, 172.583000, 15.000000, var=[-1, -1, -1]), GPS(-43.520600, 172.582999, 26.570840, var=[1.0, 1.0, 1.0]), 0.0, OFFBOARD
05:28:43:777091, [1, 1, 1, 2]1, None, GPS(-43.520600, 172.583000, 0.000000, var=[-1.0, -1.0, -1.0]), GPS(-43.520600, 172.583000, 0.000000, var=[-1.0, -1.0, -1.0]), None, GPS(-43.520600, 172.583000, 15.000000, var=[-1, -1, -1]), GPS(-43.520600, 172.582999, 26.570840, var=[1.0, 1.0, 1.0]), 0.0, OFFBOARD
05:28:44:775916, [1, 1, 1, 2]1, None, GPS(-43.520600, 172.583000, 0.000000, var=[-1.0, -1.0, -1.0]), GPS(-43.520600, 172.583000, 0.000000, var=[-1.0, -1.0, -1.0]), None, GPS(-43.520600, 172.583000, 15.000000, var=[-1, -1, -1]), GPS(-43.520600, 172.582999, 26.563840, var=[1.0, 1.0, 1.0]), 0.0, OFFBOARD
05:28:44:778154, [1, 1, 1, 2]1, None, GPS(-43.520600, 172.583000, 0.000000, var=[-1.0, -1.0, -1.0]), GPS(-43.520600, 172.583000, 0.000000, var=[-1.0, -1.0, -1.0]), None, GPS(-43.520600, 172.583000, 15.000000, var=[-1, -1, -1]), GPS(-43.520600, 172.582999, 26.563840, var=[1.0, 1.0, 1.0]), 0.0, OFFBOARD
05:28:45:777867, [1, 1, 1, 2]1, None, GPS(-43.520600, 172.583000, 0.000000, var=[-1.0, -1.0, -1.0]), GPS(-43.520600, 172.583000, 0.000000, var=[-1.0, -1.0, -1.0]), None, GPS(-43.520600, 172.583000, 15.000000, var=[-1, -1, -1]), GPS(-43.520600, 172.583000, 26.562840, var=[1.0, 1.0, 1.0]), 0.0, OFFBOARD
05:28:46:779241, [1, 1, 1, 2]1, None, GPS(-43.520600, 172.583000, 0.000000, var=[-1.0, -1.0, -1.0]), GPS(-43.520600, 172.583000, 0.000000, var=[-1.0, -1.0, -1.0]), None, GPS(-43.520600, 172.583000, 15.000000, var=[-1, -1, -1]), GPS(-43.520600, 172.583000, 26.550840, var=[1.0, 1.0, 1.0]), 0.0, OFFBOARD
05:28:46:780272, [1, 1, 1, 2]1, None, GPS(-43.520600, 172.583000, 0.000000, var=[-1.0, -1.0, -1.0]), GPS(-43.520600, 172.583000, 0.000000, var=[-1.0, -1.0, -1.0]), None, GPS(-43.520600, 172.583000, 15.000000, var=[-1, -1, -1]), GPS(-43.520600, 172.583000, 26.550840, var=[1.0, 1.0, 1.0]), 0.0, OFFBOARD
05:28:47:780510, [1, 1, 1, 2]1, None, GPS(-43.520600, 172.583000, 0.000000, var=[-1.0, -1.0, -1.0]), GPS(-43.520600, 172.583000, 0.000000, var=[-1.0, -1.0, -1.0]), None, GPS(-43.520600, 172.583000, 15.000000, var=[-1, -1, -1]), GPS(-43.520600, 172.583000, 26.546840, var=[1.0, 1.0, 1.0]), 0.0, OFFBOARD
05:28:47:782321, [1, 1, 1, 2]1, None, GPS(-43.520600, 172.583000, 0.000000, var=[-1.0, -1.0, -1.0]), GPS(-43.520600, 172.583000, 0.000000, var=[-1.0, -1.0, -1.0]), None, GPS(-43.520600, 172.583000, 15.000000, var=[-1, -1, -1]), GPS(-43.520600, 172.583000, 26.546840, var=[1.0, 1.0, 1.0]), 0.0, OFFBOARD
05:28:48:782399, [1, 1, 1, 2]1, None, GPS(-43.520600, 172.583000, 0.000000, var=[-1.0, -1.0, -1.0]), GPS(-43.520600, 172.583000, 0.000000, var=[-1.0, -1.0, -1.0]), None, GPS(-43.520600, 172.583000, 15.000000, var=[-1, -1, -1]), GPS(-43.520600, 172.583000, 26.542839, var=[1.0, 1.0, 1.0]), 0.0, OFFBOARD
05:28:49:783587, [1, 1, 2, 2]1, None, GPS(-43.520600, 172.583000, 0.000000, var=[-1.0, -1.0, -1.0]), GPS(-43.520600, 172.583000, 0.000000, var=[-1.0, -1.0, -1.0]), None, GPS(-43.520600, 172.583000, 15.000000, var=[-1, -1, -1]), GPS(-43.520600, 172.583000, 26.534839, var=[1.0, 1.0, 1.0]), 0.0, OFFBOARD
05:28:49:784876, [1, 1, 2, 2]1, None, GPS(-43.520600, 172.583000, 0.000000, var=[-1.0, -1.0, -1.0]), GPS(-43.520600, 172.583000, 0.000000, var=[-1.0, -1.0, -1.0]), None, GPS(-43.520600, 172.583000, 15.000000, var=[-1, -1, -1]), GPS(-43.520600, 172.583000, 26.534839, var=[1.0, 1.0, 1.0]), 0.0, OFFBOARD
05:28:50:784024, [1, 1, 2, 2]1, None, GPS(-43.520600, 172.583000, 0.000000, var=[-1.0, -1.0, -1.0]), GPS(-43.520600, 172.583000, 0.000000, var=[-1.0, -1.0, -1.0]), None, GPS(-43.520600, 172.583000, 15.000000, var=[-1, -1, -1]), GPS(-43.520600, 172.583000, 26.519839, var=[1.0, 1.0, 1.0]), 0.0, OFFBOARD
05:28:50:785795, [1, 1, 2, 2]1, None, GPS(-43.520600, 172.583000, 0.000000, var=[-1.0, -1.0, -1.0]), GPS(-43.520600, 172.583000, 0.000000, var=[-1.0, -1.0, -1.0]), None, GPS(-43.520600, 172.583000, 15.000000, var=[-1, -1, -1]), GPS(-43.520600, 172.583000, 26.519839, var=[1.0, 1.0, 1.0]), 0.0, OFFBOARD
05:28:51:785750, [1, 1, 2, 2]1, None, GPS(-43.520600, 172.583000, 0.000000, var=[-1.0, -1.0, -1.0]), GPS(-43.520600, 172.583000, 0.000000, var=[-1.0, -1.0, -1.0]), None, GPS(-43.520600, 172.583000, 15.000000, var=[-1, -1, -1]), GPS(-43.520600, 172.582999, 26.521839, var=[1.0, 1.0, 1.0]), 0.0, OFFBOARD
05:28:52:786337, [1, 1, 2, 2]1, None, GPS(-43.520600, 172.583000, 0.000000, var=[-1.0, -1.0, -1.0]), GPS(-43.520600, 172.583000, 0.000000, var=[-1.0, -1.0, -1.0]), None, GPS(-43.520600, 172.583000, 15.000000, var=[-1, -1, -1]), GPS(-43.520600, 172.582999, 26.513839, var=[1.0, 1.0, 1.0]), 0.0, OFFBOARD
05:28:52:787668, [1, 1, 2, 2]1, None, GPS(-43.520600, 172.583000, 0.000000, var=[-1.0, -1.0, -1.0]), GPS(-43.520600, 172.583000, 0.000000, var=[-1.0, -1.0, -1.0]), None, GPS(-43.520600, 172.583000, 15.000000, var=[-1, -1, -1]), GPS(-43.520600, 172.582999, 26.513839, var=[1.0, 1.0, 1.0]), 0.0, OFFBOARD
05:28:53:787728, [1, 1, 2, 2]1, None, GPS(-43.520600, 172.583000, 0.000000, var=[-1.0, -1.0, -1.0]), GPS(-43.520600, 172.583000, 0.000000, var=[-1.0, -1.0, -1.0]), None, GPS(-43.520600, 172.583000, 15.000000, var=[-1, -1, -1]), GPS(-43.520600, 172.583000, 26.502839, var=[1.0, 1.0, 1.0]), 0.0, OFFBOARD
05:28:54:788583, [1, 2, 2, 2]1, None, GPS(-43.520600, 172.583000, 0.000000, var=[-1.0, -1.0, -1.0]), GPS(-43.520600, 172.583000, 0.000000, var=[-1.0, -1.0, -1.0]), None, GPS(-43.520600, 172.583000, 15.000000, var=[-1, -1, -1]), GPS(-43.520600, 172.583000, 26.496839, var=[1.0, 1.0, 1.0]), 0.0, OFFBOARD
05:28:54:789910, [1, 2, 2, 2]1, None, GPS(-43.520600, 172.583000, 0.000000, var=[-1.0, -1.0, -1.0]), GPS(-43.520600, 172.583000, 0.000000, var=[-1.0, -1.0, -1.0]), None, GPS(-43.520600, 172.583000, 15.000000, var=[-1, -1, -1]), GPS(-43.520600, 172.583000, 26.496839, var=[1.0, 1.0, 1.0]), 0.0, OFFBOARD
05:28:55:790781, [1, 2, 2, 2]1, None, GPS(-43.520600, 172.583000, 0.000000, var=[-1.0, -1.0, -1.0]), GPS(-43.520600, 172.583000, 0.000000, var=[-1.0, -1.0, -1.0]), None, GPS(-43.520600, 172.583000, 15.000000, var=[-1, -1, -1]), GPS(-43.520600, 172.583000, 26.495839, var=[1.0, 1.0, 1.0]), 0.0, OFFBOARD
05:28:56:791813, [2, 2, 2, 2]1, None, GPS(-43.520600, 172.583000, 0.000000, var=[-1.0, -1.0, -1.0]), GPS(-43.520600, 172.583000, 0.000000, var=[-1.0, -1.0, -1.0]), None, GPS(-43.520600, 172.583000, 15.000000, var=[-1, -1, -1]), GPS(-43.520600, 172.582999, 26.475839, var=[1.0, 1.0, 1.0]), 0.0, OFFBOARD
05:28:56:792952, [2, 2, 2, 2]1, None, GPS(-43.520600, 172.583000, 0.000000, var=[-1.0, -1.0, -1.0]), GPS(-43.520600, 172.583000, 0.000000, var=[-1.0, -1.0, -1.0]), None, GPS(-43.520600, 172.583000, 15.000000, var=[-1, -1, -1]), GPS(-43.520600, 172.582999, 26.475839, var=[1.0, 1.0, 1.0]), 0.0, OFFBOARD
05:28:57:794956, [2, 2, 2, 2]2, None, GPS(-43.520600, 172.583000, 0.000000, var=[-1.0, -1.0, -1.0]), GPS(-43.520600, 172.583000, 0.000000, var=[-1.0, -1.0, -1.0]), None, GPS(-43.520600, 172.583000, 15.000000, var=[-1, -1, -1]), GPS(-43.520600, 172.582999, 26.449839, var=[1.0, 1.0, 1.0]), 0.0, OFFBOARD
05:28:58:795305, [2, 2, 2, 2]2, None, GPS(-43.520600, 172.583000, 0.000000, var=[-1.0, -1.0, -1.0]), GPS(-43.520600, 172.583000, 0.000000, var=[-1.0, -1.0, -1.0]), None, GPS(-43.520600, 172.583000, 15.000000, var=[-1, -1, -1]), GPS(-43.520600, 172.582999, 26.429840, var=[1.0, 1.0, 1.0]), 0.0, OFFBOARD
05:28:58:796734, [2, 2, 2, 2]2, None, GPS(-43.520600, 172.583000, 0.000000, var=[-1.0, -1.0, -1.0]), GPS(-43.520600, 172.583000, 0.000000, var=[-1.0, -1.0, -1.0]), None, GPS(-43.520600, 172.583000, 15.000000, var=[-1, -1, -1]), GPS(-43.520600, 172.582999, 26.429840, var=[1.0, 1.0, 1.0]), 0.0, OFFBOARD
05:28:59:798027, [2, 2, 2, 2]2, None, GPS(-43.520600, 172.583000, 0.000000, var=[-1.0, -1.0, -1.0]), GPS(-43.520600, 172.583000, 0.000000, var=[-1.0, -1.0, -1.0]), None, GPS(-43.520600, 172.583000, 15.000000, var=[-1, -1, -1]), GPS(-43.520600, 172.582999, 26.433840, var=[1.0, 1.0, 1.0]), 0.0, OFFBOARD
05:28:59:799670, [2, 2, 2, 2]2, None, GPS(-43.520600, 172.583000, 0.000000, var=[-1.0, -1.0, -1.0]), GPS(-43.520600, 172.583000, 0.000000, var=[-1.0, -1.0, -1.0]), None, GPS(-43.520600, 172.583000, 15.000000, var=[-1, -1, -1]), GPS(-43.520600, 172.582999, 26.433840, var=[1.0, 1.0, 1.0]), 0.0, OFFBOARD
05:29:00:799833, [2, 2, 2, 2]2, None, GPS(-43.520600, 172.583000, 0.000000, var=[-1.0, -1.0, -1.0]), GPS(-43.520600, 172.583000, 0.000000, var=[-1.0, -1.0, -1.0]), None, GPS(-43.520600, 172.583000, 15.000000, var=[-1, -1, -1]), GPS(-43.520600, 172.583000, 26.421840, var=[1.0, 1.0, 1.0]), 0.0, OFFBOARD
05:29:01:800250, [2, 2, 2, 2]2, None, GPS(-43.520600, 172.583000, 0.000000, var=[-1.0, -1.0, -1.0]), GPS(-43.520600, 172.583000, 0.000000, var=[-1.0, -1.0, -1.0]), None, GPS(-43.520600, 172.583000, 15.000000, var=[-1, -1, -1]), GPS(-43.520600, 172.583000, 26.416840, var=[1.0, 1.0, 1.0]), 0.0, OFFBOARD
05:29:01:801438, [2, 2, 2, 2]2, None, GPS(-43.520600, 172.583000, 0.000000, var=[-1.0, -1.0, -1.0]), GPS(-43.520600, 172.583000, 0.000000, var=[-1.0, -1.0, -1.0]), None, GPS(-43.520600, 172.583000, 15.000000, var=[-1, -1, -1]), GPS(-43.520600, 172.583000, 26.416840, var=[1.0, 1.0, 1.0]), 0.0, OFFBOARD
05:29:02:802885, [2, 2, 2, 2]2, None, GPS(-43.520600, 172.583000, 0.000000, var=[-1.0, -1.0, -1.0]), GPS(-43.520600, 172.583000, 0.000000, var=[-1.0, -1.0, -1.0]), None, GPS(-43.520600, 172.583000, 15.000000, var=[-1, -1, -1]), GPS(-43.520600, 172.583000, 26.415840, var=[1.0, 1.0, 1.0]), 0.0, OFFBOARD
05:29:03:803797, [2, 2, 2, 2]2, None, GPS(-43.520600, 172.583000, 0.000000, var=[-1.0, -1.0, -1.0]), GPS(-43.520600, 172.583000, 0.000000, var=[-1.0, -1.0, -1.0]), None, GPS(-43.520600, 172.583000, 15.000000, var=[-1, -1, -1]), GPS(-43.520600, 172.583000, 26.418840, var=[1.0, 1.0, 1.0]), 0.0, OFFBOARD
05:29:03:805882, [2, 2, 2, 2]2, None, GPS(-43.520600, 172.583000, 0.000000, var=[-1.0, -1.0, -1.0]), GPS(-43.520600, 172.583000, 0.000000, var=[-1.0, -1.0, -1.0]), None, GPS(-43.520600, 172.583000, 15.000000, var=[-1, -1, -1]), GPS(-43.520600, 172.583000, 26.418840, var=[1.0, 1.0, 1.0]), 0.0, OFFBOARD
05:29:04:805454, [2, 2, 2, 2]2, None, GPS(-43.520600, 172.583000, 0.000000, var=[-1.0, -1.0, -1.0]), GPS(-43.520600, 172.583000, 0.000000, var=[-1.0, -1.0, -1.0]), None, GPS(-43.520600, 172.583000, 15.000000, var=[-1, -1, -1]), GPS(-43.520600, 172.583000, 26.408840, var=[1.0, 1.0, 1.0]), 0.0, OFFBOARD
05:29:04:806995, [2, 2, 2, 2]2, None, GPS(-43.520600, 172.583000, 0.000000, var=[-1.0, -1.0, -1.0]), GPS(-43.520600, 172.583000, 0.000000, var=[-1.0, -1.0, -1.0]), None, GPS(-43.520600, 172.583000, 15.000000, var=[-1, -1, -1]), GPS(-43.520600, 172.583000, 26.408840, var=[1.0, 1.0, 1.0]), 0.0, OFFBOARD
05:29:05:806434, [2, 2, 2, 2]2, None, GPS(-43.520600, 172.583000, 0.000000, var=[-1.0, -1.0, -1.0]), GPS(-43.520600, 172.583000, 0.000000, var=[-1.0, -1.0, -1.0]), None, GPS(-43.520600, 172.583000, 15.000000, var=[-1, -1, -1]), GPS(-43.520600, 172.583000, 26.417840, var=[1.0, 1.0, 1.0]), 0.0, OFFBOARD
05:29:05:807565, [2, 2, 2, 2]2, None, GPS(-43.520600, 172.583000, 0.000000, var=[-1.0, -1.0, -1.0]), GPS(-43.520600, 172.583000, 0.000000, var=[-1.0, -1.0, -1.0]), None, GPS(-43.520600, 172.583000, 15.000000, var=[-1, -1, -1]), GPS(-43.520600, 172.583000, 26.417840, var=[1.0, 1.0, 1.0]), 0.0, OFFBOARD
05:29:06:807960, [2, 2, 2, 2]2, None, GPS(-43.520600, 172.583000, 0.000000, var=[-1.0, -1.0, -1.0]), GPS(-43.520600, 172.583000, 0.000000, var=[-1.0, -1.0, -1.0]), None, GPS(-43.520600, 172.583000, 15.000000, var=[-1, -1, -1]), GPS(-43.520600, 172.583000, 26.425840, var=[1.0, 1.0, 1.0]), 0.0, OFFBOARD
05:29:07:809812, [2, 2, 2, 2]2, None, GPS(-43.520600, 172.583000, 0.000000, var=[-1.0, -1.0, -1.0]), GPS(-43.520600, 172.583000, 0.000000, var=[-1.0, -1.0, -1.0]), None, GPS(-43.520600, 172.583000, 15.000000, var=[-1, -1, -1]), GPS(-43.520599, 172.582999, 26.425840, var=[1.0, 1.0, 1.0]), 0.0, OFFBOARD
05:29:08:811889, [2, 2, 2, 2]2, None, GPS(-43.520600, 172.583000, 0.000000, var=[-1.0, -1.0, -1.0]), GPS(-43.520600, 172.583000, 0.000000, var=[-1.0, -1.0, -1.0]), None, GPS(-43.520600, 172.583000, 15.000000, var=[-1, -1, -1]), GPS(-43.520599, 172.582999, 26.435840, var=[1.0, 1.0, 1.0]), 0.0, OFFBOARD
05:29:08:813057, [2, 2, 2, 2]2, None, GPS(-43.520600, 172.583000, 0.000000, var=[-1.0, -1.0, -1.0]), GPS(-43.520600, 172.583000, 0.000000, var=[-1.0, -1.0, -1.0]), None, GPS(-43.520600, 172.583000, 15.000000, var=[-1, -1, -1]), GPS(-43.520599, 172.582999, 26.435840, var=[1.0, 1.0, 1.0]), 0.0, OFFBOARD
05:29:09:813319, [2, 2, 2, 2]2, None, GPS(-43.520600, 172.583000, 0.000000, var=[-1.0, -1.0, -1.0]), GPS(-43.520600, 172.583000, 0.000000, var=[-1.0, -1.0, -1.0]), None, GPS(-43.520600, 172.583000, 15.000000, var=[-1, -1, -1]), GPS(-43.520600, 172.583000, 26.441840, var=[1.0, 1.0, 1.0]), 0.0, OFFBOARD
05:29:10:813991, [2, 2, 2, 2]2, None, GPS(-43.520600, 172.583000, 0.000000, var=[-1.0, -1.0, -1.0]), GPS(-43.520600, 172.583000, 0.000000, var=[-1.0, -1.0, -1.0]), None, GPS(-43.520600, 172.583000, 15.000000, var=[-1, -1, -1]), GPS(-43.520600, 172.583000, 26.437839, var=[1.0, 1.0, 1.0]), 0.0, OFFBOARD
05:29:10:815299, [2, 2, 2, 2]2, None, GPS(-43.520600, 172.583000, 0.000000, var=[-1.0, -1.0, -1.0]), GPS(-43.520600, 172.583000, 0.000000, var=[-1.0, -1.0, -1.0]), None, GPS(-43.520600, 172.583000, 15.000000, var=[-1, -1, -1]), GPS(-43.520600, 172.583000, 26.437839, var=[1.0, 1.0, 1.0]), 0.0, OFFBOARD
05:29:11:816069, [2, 2, 2, 2]2, None, GPS(-43.520600, 172.583000, 0.000000, var=[-1.0, -1.0, -1.0]), GPS(-43.520600, 172.583000, 0.000000, var=[-1.0, -1.0, -1.0]), None, GPS(-43.520600, 172.583000, 15.000000, var=[-1, -1, -1]), GPS(-43.520600, 172.582999, 26.437839, var=[1.0, 1.0, 1.0]), 0.0, OFFBOARD
05:29:12:816638, [2, 2, 2, 2]2, None, GPS(-43.520600, 172.583000, 0.000000, var=[-1.0, -1.0, -1.0]), GPS(-43.520600, 172.583000, 0.000000, var=[-1.0, -1.0, -1.0]), None, GPS(-43.520600, 172.583000, 15.000000, var=[-1, -1, -1]), GPS(-43.520600, 172.583000, 26.462839, var=[1.0, 1.0, 1.0]), 0.0, OFFBOARD
05:29:12:818096, [2, 2, 2, 2]2, None, GPS(-43.520600, 172.583000, 0.000000, var=[-1.0, -1.0, -1.0]), GPS(-43.520600, 172.583000, 0.000000, var=[-1.0, -1.0, -1.0]), None, GPS(-43.520600, 172.583000, 15.000000, var=[-1, -1, -1]), GPS(-43.520600, 172.583000, 26.462839, var=[1.0, 1.0, 1.0]), 0.0, OFFBOARD
05:29:13:818423, [2, 2, 2, 2]2, None, GPS(-43.520600, 172.583000, 0.000000, var=[-1.0, -1.0, -1.0]), GPS(-43.520600, 172.583000, 0.000000, var=[-1.0, -1.0, -1.0]), None, GPS(-43.520600, 172.583000, 15.000000, var=[-1, -1, -1]), GPS(-43.520600, 172.583000, 26.477839, var=[1.0, 1.0, 1.0]), 0.0, OFFBOARD
05:29:14:818162, [2, 2, 2, 2]2, None, GPS(-43.520600, 172.583000, 0.000000, var=[-1.0, -1.0, -1.0]), GPS(-43.520600, 172.583000, 0.000000, var=[-1.0, -1.0, -1.0]), None, GPS(-43.520600, 172.583000, 15.000000, var=[-1, -1, -1]), GPS(-43.520600, 172.583000, 26.475839, var=[1.0, 1.0, 1.0]), 0.0, OFFBOARD
05:29:14:852736, [2, 2, 2, 2]2, None, GPS(-43.520600, 172.583000, 0.000000, var=[-1.0, -1.0, -1.0]), GPS(-43.520600, 172.583000, 0.000000, var=[-1.0, -1.0, -1.0]), None, GPS(-43.520600, 172.583000, 15.000000, var=[-1, -1, -1]), GPS(-43.520600, 172.583000, 26.474839, var=[1.0, 1.0, 1.0]), 0.0, OFFBOARD
05:29:15:854204, [2, 2, 2, 2]2, None, GPS(-43.520600, 172.583000, 0.000000, var=[-1.0, -1.0, -1.0]), GPS(-43.520600, 172.583000, 0.000000, var=[-1.0, -1.0, -1.0]), None, GPS(-43.520600, 172.583000, 15.000000, var=[-1, -1, -1]), GPS(-43.520600, 172.583000, 26.477840, var=[1.0, 1.0, 1.0]), 0.0, OFFBOARD
05:29:16:855549, [2, 2, 2, 2]2, None, GPS(-43.520600, 172.583000, 0.000000, var=[-1.0, -1.0, -1.0]), GPS(-43.520600, 172.583000, 0.000000, var=[-1.0, -1.0, -1.0]), None, GPS(-43.520600, 172.583000, 15.000000, var=[-1, -1, -1]), GPS(-43.520600, 172.583000, 26.493840, var=[1.0, 1.0, 1.0]), 0.0, OFFBOARD
05:29:17:856856, [2, 2, 3, 2]2, None, GPS(-43.520600, 172.583000, 0.000000, var=[-1.0, -1.0, -1.0]), GPS(-43.520600, 172.583000, 0.000000, var=[-1.0, -1.0, -1.0]), None, GPS(-43.520600, 172.583000, 15.000000, var=[-1, -1, -1]), GPS(-43.520600, 172.583000, 26.490840, var=[1.0, 1.0, 1.0]), 0.0, OFFBOARD
05:29:18:857331, [2, 2, 3, 3]2, None, GPS(-43.520600, 172.583000, 0.000000, var=[-1.0, -1.0, -1.0]), GPS(-43.520600, 172.583000, 0.000000, var=[-1.0, -1.0, -1.0]), None, GPS(-43.520600, 172.583000, 15.000000, var=[-1, -1, -1]), GPS(-43.520600, 172.583000, 26.472839, var=[1.0, 1.0, 1.0]), 0.0, OFFBOARD
05:29:18:858309, [2, 2, 3, 3]2, None, GPS(-43.520600, 172.583000, 0.000000, var=[-1.0, -1.0, -1.0]), GPS(-43.520600, 172.583000, 0.000000, var=[-1.0, -1.0, -1.0]), None, GPS(-43.520600, 172.583000, 15.000000, var=[-1, -1, -1]), GPS(-43.520600, 172.583000, 26.472839, var=[1.0, 1.0, 1.0]), 0.0, OFFBOARD
05:29:19:858661, [2, 2, 3, 3]2, None, GPS(-43.520600, 172.583000, 0.000000, var=[-1.0, -1.0, -1.0]), GPS(-43.520600, 172.583000, 0.000000, var=[-1.0, -1.0, -1.0]), None, GPS(-43.520600, 172.583000, 15.000000, var=[-1, -1, -1]), GPS(-43.520600, 172.582999, 26.475839, var=[1.0, 1.0, 1.0]), 0.0, OFFBOARD
05:29:19:860105, [2, 2, 3, 3]2, None, GPS(-43.520600, 172.583000, 0.000000, var=[-1.0, -1.0, -1.0]), GPS(-43.520600, 172.583000, 0.000000, var=[-1.0, -1.0, -1.0]), None, GPS(-43.520600, 172.583000, 15.000000, var=[-1, -1, -1]), GPS(-43.520600, 172.582999, 26.475839, var=[1.0, 1.0, 1.0]), 0.0, OFFBOARD
05:29:20:859866, [3, 2, 4, 4]2, None, GPS(-43.520600, 172.583000, 0.000000, var=[-1.0, -1.0, -1.0]), GPS(-43.520600, 172.583000, 0.000000, var=[-1.0, -1.0, -1.0]), None, GPS(-43.520600, 172.583000, 15.000000, var=[-1, -1, -1]), GPS(-43.520600, 172.582999, 26.470839, var=[1.0, 1.0, 1.0]), 0.0, OFFBOARD
05:29:20:862301, [3, 2, 4, 4]2, None, GPS(-43.520600, 172.583000, 0.000000, var=[-1.0, -1.0, -1.0]), GPS(-43.520600, 172.583000, 0.000000, var=[-1.0, -1.0, -1.0]), None, GPS(-43.520600, 172.583000, 15.000000, var=[-1, -1, -1]), GPS(-43.520600, 172.582999, 26.470839, var=[1.0, 1.0, 1.0]), 0.0, OFFBOARD
05:29:21:860875, [3, 2, 4, 4]2, None, GPS(-43.520600, 172.583000, 0.000000, var=[-1.0, -1.0, -1.0]), GPS(-43.520600, 172.583000, 0.000000, var=[-1.0, -1.0, -1.0]), None, GPS(-43.520600, 172.583000, 15.000000, var=[-1, -1, -1]), GPS(-43.520600, 172.582999, 26.471839, var=[1.0, 1.0, 1.0]), 0.0, OFFBOARD
05:29:21:904376, [3, 2, 4, 4]2, None, GPS(-43.520600, 172.583000, 0.000000, var=[-1.0, -1.0, -1.0]), GPS(-43.520600, 172.583000, 0.000000, var=[-1.0, -1.0, -1.0]), None, GPS(-43.520600, 172.583000, 15.000000, var=[-1, -1, -1]), GPS(-43.520600, 172.582999, 26.472839, var=[1.0, 1.0, 1.0]), 0.0, OFFBOARD
05:29:22:905325, [4, 3, 4, 4]2, None, GPS(-43.520600, 172.583000, 0.000000, var=[-1.0, -1.0, -1.0]), GPS(-43.520600, 172.583000, 0.000000, var=[-1.0, -1.0, -1.0]), None, GPS(-43.520600, 172.583000, 15.000000, var=[-1, -1, -1]), GPS(-43.520600, 172.583000, 26.457839, var=[1.0, 1.0, 1.0]), 0.0, OFFBOARD
05:29:22:906749, [4, 3, 4, 4]2, None, GPS(-43.520600, 172.583000, 0.000000, var=[-1.0, -1.0, -1.0]), GPS(-43.520600, 172.583000, 0.000000, var=[-1.0, -1.0, -1.0]), None, GPS(-43.520600, 172.583000, 15.000000, var=[-1, -1, -1]), GPS(-43.520600, 172.583000, 26.456839, var=[1.0, 1.0, 1.0]), 0.0, OFFBOARD
05:29:23:906643, [4, 3, 4, 4]2, None, GPS(-43.520600, 172.583000, 0.000000, var=[-1.0, -1.0, -1.0]), GPS(-43.520600, 172.583000, 0.000000, var=[-1.0, -1.0, -1.0]), None, GPS(-43.520600, 172.583000, 15.000000, var=[-1, -1, -1]), GPS(-43.520600, 172.583000, 26.435839, var=[1.0, 1.0, 1.0]), 0.0, OFFBOARD
05:29:23:907645, [4, 3, 4, 4]2, None, GPS(-43.520600, 172.583000, 0.000000, var=[-1.0, -1.0, -1.0]), GPS(-43.520600, 172.583000, 0.000000, var=[-1.0, -1.0, -1.0]), None, GPS(-43.520600, 172.583000, 15.000000, var=[-1, -1, -1]), GPS(-43.520600, 172.583000, 26.435839, var=[1.0, 1.0, 1.0]), 0.0, OFFBOARD
05:29:24:908102, [4, 3, 4, 4]2, None, GPS(-43.520600, 172.583000, 0.000000, var=[-1.0, -1.0, -1.0]), GPS(-43.520600, 172.583000, 0.000000, var=[-1.0, -1.0, -1.0]), None, GPS(-43.520600, 172.583000, 15.000000, var=[-1, -1, -1]), GPS(-43.520600, 172.583000, 26.447840, var=[1.0, 1.0, 1.0]), 0.0, OFFBOARD
05:29:25:908280, [4, 3, 4, 4]2, None, GPS(-43.520600, 172.583000, 0.000000, var=[-1.0, -1.0, -1.0]), GPS(-43.520600, 172.583000, 0.000000, var=[-1.0, -1.0, -1.0]), None, GPS(-43.520600, 172.583000, 15.000000, var=[-1, -1, -1]), GPS(-43.520600, 172.583000, 26.435840, var=[1.0, 1.0, 1.0]), 0.0, OFFBOARD
05:29:25:909727, [4, 4, 4, 4]2, None, GPS(-43.520600, 172.583000, 0.000000, var=[-1.0, -1.0, -1.0]), GPS(-43.520600, 172.583000, 0.000000, var=[-1.0, -1.0, -1.0]), None, GPS(-43.520600, 172.583000, 15.000000, var=[-1, -1, -1]), GPS(-43.520600, 172.583000, 26.435840, var=[1.0, 1.0, 1.0]), 0.0, OFFBOARD
05:29:26:911388, [4, 4, 4, 4]2, None, GPS(-43.520600, 172.583000, 0.000000, var=[-1.0, -1.0, -1.0]), GPS(-43.520600, 172.583000, 0.000000, var=[-1.0, -1.0, -1.0]), None, GPS(-43.520600, 172.583000, 15.000000, var=[-1, -1, -1]), GPS(-43.520599, 172.583000, 26.434841, var=[1.0, 1.0, 1.0]), 0.0, OFFBOARD
05:29:26:912334, [4, 4, 4, 4]2, None, GPS(-43.520600, 172.583000, 0.000000, var=[-1.0, -1.0, -1.0]), GPS(-43.520600, 172.583000, 0.000000, var=[-1.0, -1.0, -1.0]), None, GPS(-43.520600, 172.583000, 15.000000, var=[-1, -1, -1]), GPS(-43.520599, 172.583000, 26.434841, var=[1.0, 1.0, 1.0]), 0.0, OFFBOARD
05:29:27:912071, [4, 4, 4, 4]2, None, GPS(-43.520600, 172.583000, 0.000000, var=[-1.0, -1.0, -1.0]), GPS(-43.520600, 172.583000, 0.000000, var=[-1.0, -1.0, -1.0]), None, GPS(-43.520600, 172.583000, 15.000000, var=[-1, -1, -1]), GPS(-43.520599, 172.583000, 26.418841, var=[1.0, 1.0, 1.0]), 0.0, OFFBOARD
05:29:27:914154, [4, 4, 4, 4]3, None, GPS(-43.520600, 172.583000, 0.000000, var=[-1.0, -1.0, -1.0]), GPS(-43.520600, 172.583000, 0.000000, var=[-1.0, -1.0, -1.0]), None, GPS(-43.520600, 172.583000, 15.000000, var=[-1, -1, -1]), GPS(-43.520599, 172.583000, 26.418841, var=[1.0, 1.0, 1.0]), 0.0, OFFBOARD
05:29:28:917061, [4, 4, 4, 4]3, None, GPS(-43.520600, 172.583000, 0.000000, var=[-1.0, -1.0, -1.0]), GPS(-43.520600, 172.583000, 0.000000, var=[-1.0, -1.0, -1.0]), None, GPS(-43.520600, 172.583000, 15.000000, var=[-1, -1, -1]), GPS(-43.520599, 172.583000, 26.422841, var=[1.0, 1.0, 1.0]), 0.0, OFFBOARD
05:29:29:914901, [4, 4, 4, 4]3, None, GPS(-43.520600, 172.583000, 0.000000, var=[-1.0, -1.0, -1.0]), GPS(-43.520600, 172.583000, 0.000000, var=[-1.0, -1.0, -1.0]), None, GPS(-43.520600, 172.583000, 15.000000, var=[-1, -1, -1]), GPS(-43.520599, 172.583000, 26.404841, var=[1.0, 1.0, 1.0]), 0.0, OFFBOARD
05:29:29:952075, [4, 4, 4, 4]3, None, GPS(-43.520600, 172.583000, 0.000000, var=[-1.0, -1.0, -1.0]), GPS(-43.520600, 172.583000, 0.000000, var=[-1.0, -1.0, -1.0]), None, GPS(-43.520600, 172.583000, 15.000000, var=[-1, -1, -1]), GPS(-43.520599, 172.583000, 26.404841, var=[1.0, 1.0, 1.0]), 0.0, OFFBOARD
05:29:30:954376, [4, 4, 4, 4]3, None, GPS(-43.520600, 172.583000, 0.000000, var=[-1.0, -1.0, -1.0]), GPS(-43.520600, 172.583000, 0.000000, var=[-1.0, -1.0, -1.0]), None, GPS(-43.520600, 172.583000, 15.000000, var=[-1, -1, -1]), GPS(-43.520599, 172.583000, 26.400841, var=[1.0, 1.0, 1.0]), 0.0, OFFBOARD
05:29:30:959134, [4, 4, 4, 4]3, None, GPS(-43.520600, 172.583000, 0.000000, var=[-1.0, -1.0, -1.0]), GPS(-43.520600, 172.583000, 0.000000, var=[-1.0, -1.0, -1.0]), None, GPS(-43.520600, 172.583000, 15.000000, var=[-1, -1, -1]), GPS(-43.520599, 172.583000, 26.400841, var=[1.0, 1.0, 1.0]), 0.0, OFFBOARD
05:29:31:955104, [4, 4, 4, 4]3, None, GPS(-43.520600, 172.583000, 0.000000, var=[-1.0, -1.0, -1.0]), GPS(-43.520600, 172.583000, 0.000000, var=[-1.0, -1.0, -1.0]), None, GPS(-43.520600, 172.583000, 15.000000, var=[-1, -1, -1]), GPS(-43.520599, 172.583000, 26.403841, var=[1.0, 1.0, 1.0]), 0.0, OFFBOARD
05:29:31:960526, [4, 4, 4, 4]3, None, GPS(-43.520600, 172.583000, 0.000000, var=[-1.0, -1.0, -1.0]), GPS(-43.520600, 172.583000, 0.000000, var=[-1.0, -1.0, -1.0]), None, GPS(-43.520600, 172.583000, 15.000000, var=[-1, -1, -1]), GPS(-43.520599, 172.583000, 26.403841, var=[1.0, 1.0, 1.0]), 0.0, OFFBOARD
05:29:32:957478, [4, 4, 4, 4]3, None, GPS(-43.520600, 172.583000, 0.000000, var=[-1.0, -1.0, -1.0]), GPS(-43.520600, 172.583000, 0.000000, var=[-1.0, -1.0, -1.0]), None, GPS(-43.520600, 172.583000, 15.000000, var=[-1, -1, -1]), GPS(-43.520599, 172.583000, 26.396841, var=[1.0, 1.0, 1.0]), 0.0, OFFBOARD
05:29:32:993401, [4, 4, 4, 4]3, None, GPS(-43.520600, 172.583000, 0.000000, var=[-1.0, -1.0, -1.0]), GPS(-43.520600, 172.583000, 0.000000, var=[-1.0, -1.0, -1.0]), None, GPS(-43.520600, 172.583000, 15.000000, var=[-1, -1, -1]), GPS(-43.520599, 172.583000, 26.395841, var=[1.0, 1.0, 1.0]), 0.0, OFFBOARD
05:29:33:998440, [4, 4, 4, 4]3, None, GPS(-43.520600, 172.583000, 0.000000, var=[-1.0, -1.0, -1.0]), GPS(-43.520600, 172.583000, 0.000000, var=[-1.0, -1.0, -1.0]), None, GPS(-43.520600, 172.583000, 15.000000, var=[-1, -1, -1]), GPS(-43.520599, 172.583000, 26.406841, var=[1.0, 1.0, 1.0]), 0.0, OFFBOARD
05:29:34:996917, [4, 4, 4, 4]3, None, GPS(-43.520600, 172.583000, 0.000000, var=[-1.0, -1.0, -1.0]), GPS(-43.520600, 172.583000, 0.000000, var=[-1.0, -1.0, -1.0]), None, GPS(-43.520600, 172.583000, 15.000000, var=[-1, -1, -1]), GPS(-43.520599, 172.583000, 26.411841, var=[1.0, 1.0, 1.0]), 0.0, OFFBOARD
05:29:35:237098, [4, 4, 4, 4]5, [ 0.00112519 -0.01144314  0.00913753], GPS(-43.520600, 172.583000, 0.009138, var=[0.016295665423369843, 0.016242372377707245, 0.003672503174004466]), GPS(-43.520600, 172.583000, 0.000000, var=[-1.0, -1.0, -1.0]), [-9.44113663e-08  1.00081339e-01  2.64141687e+01], GPS(-43.520600, 172.583000, 15.009138, var=[-1, -1, -1]), GPS(-43.520599, 172.583000, 26.414841, var=[1.0, 1.0, 1.0]), 0.014686932817749791, OFFBOARD
05:29:36:173320, [5, 4, 4, 4]5, [ 0.0048259  -0.01493131  0.03170191], GPS(-43.520600, 172.583000, 0.031702, var=[0.278382406672107, 0.277527246608453, 0.08332650043372704]), GPS(-43.520600, 172.583000, 0.000000, var=[-1.0, -1.0, -1.0]), [2.00571666e-03 9.32896781e-02 2.64081091e+01], GPS(-43.520600, 172.583000, 15.031702, var=[-1, -1, -1]), GPS(-43.520599, 172.583000, 26.410841, var=[1.0, 1.0, 1.0]), 0.035372933237519555, OFFBOARD
05:29:36:436272, [5, 4, 4, 4]5, [ 0.00599387 -0.00776929  0.02714335], GPS(-43.520600, 172.583000, 0.027143, var=[0.22361768636887985, 0.2227845242917409, 0.0577833735881908]), GPS(-43.520600, 172.583000, 0.000000, var=[-1.0, -1.0, -1.0]), [6.11178508e-03 8.75339255e-02 2.64107822e+01], GPS(-43.520600, 172.583000, 15.027143, var=[-1, -1, -1]), GPS(-43.520599, 172.583000, 26.412841, var=[1.0, 1.0, 1.0]), 0.028862602625158728, OFFBOARD
05:29:37:522802, [5, 4, 5, 5]5, [0.01031385 0.01059318 0.01987462], GPS(-43.520600, 172.583000, 0.019875, var=[0.20056270144023175, 0.19987018319098715, 0.04661796487957863]), GPS(-43.520600, 172.583000, 0.000000, var=[-1.0, -1.0, -1.0]), [2.51630186e-02 7.32609546e-02 2.64089503e+01], GPS(-43.520600, 172.583000, 15.019875, var=[-1, -1, -1]), GPS(-43.520599, 172.583000, 26.407841, var=[1.0, 1.0, 1.0]), 0.024770774746524622, OFFBOARD
05:29:37:623393, [5, 4, 5, 5]5, [0.00918049 0.01264379 0.01831182], GPS(-43.520600, 172.583000, 0.018312, var=[0.19459903628785818, 0.19394352819084437, 0.04502396892564527]), GPS(-43.520600, 172.583000, 0.000000, var=[-1.0, -1.0, -1.0]), [ 0.02725929  0.07383263 26.40891574], GPS(-43.520600, 172.583000, 15.018312, var=[-1, -1, -1]), GPS(-43.520599, 172.583000, 26.408841, var=[1.0, 1.0, 1.0]), 0.024072173853512225, OFFBOARD
05:29:38:522671, [5, 4, 5, 5]5, [0.00248915 0.01683812 0.00993957], GPS(-43.520600, 172.583000, 0.009940, var=[0.1521158594525272, 0.15177575572655433, 0.03451436682011067]), GPS(-43.520600, 172.583000, 0.000000, var=[-1.0, -1.0, -1.0]), [ 0.03715774  0.0711464  26.41050415], GPS(-43.520600, 172.583000, 15.009940, var=[-1, -1, -1]), GPS(-43.520599, 172.583000, 26.409840, var=[1.0, 1.0, 1.0]), 0.01971073964111125, OFFBOARD
05:29:38:811760, [5, 4, 5, 5]5, [0.00221777 0.01790247 0.00950278], GPS(-43.520600, 172.583000, 0.009503, var=[0.12719821225430747, 0.12696347586643872, 0.02874724437898331]), GPS(-43.520600, 172.583000, 0.000000, var=[-1.0, -1.0, -1.0]), [ 0.03815255  0.06786978 26.4105796 ], GPS(-43.520600, 172.583000, 15.009503, var=[-1, -1, -1]), GPS(-43.520599, 172.583000, 26.409840, var=[1.0, 1.0, 1.0]), 0.020389211901686115, OFFBOARD
05:29:39:278866, [5, 4, 5, 5]5, [0.00231341 0.02084443 0.00884569], GPS(-43.520600, 172.583000, 0.008846, var=[0.12542119500408538, 0.12522734597519222, 0.02829928965746633]), GPS(-43.520600, 172.583000, 0.000000, var=[-1.0, -1.0, -1.0]), [ 0.04000676  0.06282166 26.41031832], GPS(-43.520600, 172.583000, 15.008846, var=[-1, -1, -1]), GPS(-43.520600, 172.583000, 26.409840, var=[1.0, 1.0, 1.0]), 0.0227615523563079, OFFBOARD
05:29:39:387925, [5, 4, 5, 5]5, [0.00229955 0.02152593 0.00878051], GPS(-43.520600, 172.583000, 0.008781, var=[0.12485474068316238, 0.12467449662652366, 0.028159476644181385]), GPS(-43.520600, 172.583000, 0.000000, var=[-1.0, -1.0, -1.0]), [ 0.04017543  0.06102353 26.41020352], GPS(-43.520600, 172.583000, 15.008781, var=[-1, -1, -1]), GPS(-43.520600, 172.583000, 26.410840, var=[1.0, 1.0, 1.0]), 0.023361315260248088, OFFBOARD
05:29:40:585514, [5, 4, 5, 5]5, [-0.00249262  0.01497848  0.00725601], GPS(-43.520600, 172.583000, 0.007256, var=[0.10118772948742187, 0.10111428378392676, 0.022787287189988088]), GPS(-43.520600, 172.583000, 0.000000, var=[-1.0, -1.0, -1.0]), [ 0.03593871  0.05084946 26.41148837], GPS(-43.520600, 172.583000, 15.007256, var=[-1, -1, -1]), GPS(-43.520600, 172.583000, 26.420840, var=[1.0, 1.0, 1.0]), 0.01682907521663769, OFFBOARD
05:29:40:987637, [5, 5, 5, 5]5, [-0.00382282  0.01180154  0.00754398], GPS(-43.520600, 172.583000, 0.007544, var=[0.09256640354091558, 0.09252117781655231, 0.02084885628518194]), GPS(-43.520600, 172.583000, 0.000000, var=[-1.0, -1.0, -1.0]), [ 0.02996453  0.04868826 26.41353306], GPS(-43.520600, 172.583000, 15.007544, var=[-1, -1, -1]), GPS(-43.520600, 172.583000, 26.419840, var=[1.0, 1.0, 1.0]), 0.014519020423168195, OFFBOARD
05:29:41:606066, [5, 5, 5, 5]5, [-0.00669949  0.00680913  0.00774089], GPS(-43.520600, 172.583000, 0.007741, var=[0.08562103821792322, 0.08560465939419655, 0.01930780640422924]), GPS(-43.520600, 172.583000, 0.000000, var=[-1.0, -1.0, -1.0]), [2.21081511e-02 4.60755938e-02 2.64162062e+01], GPS(-43.520600, 172.583000, 15.007741, var=[-1, -1, -1]), GPS(-43.520600, 172.583000, 26.429840, var=[1.0, 1.0, 1.0]), 0.012295075203396537, OFFBOARD
05:29:42:029957, [5, 5, 5, 5]5, [-0.00410827  0.00180338  0.00707371], GPS(-43.520600, 172.583000, 0.007074, var=[0.07907973280365022, 0.0790855413702388, 0.017849218790192037]), GPS(-43.520600, 172.583000, 0.000000, var=[-1.0, -1.0, -1.0]), [1.59467583e-02 4.50571984e-02 2.64209343e+01], GPS(-43.520600, 172.583000, 15.007074, var=[-1, -1, -1]), GPS(-43.520600, 172.583000, 26.441840, var=[1.0, 1.0, 1.0]), 0.008376602411698481, OFFBOARD
05:29:42:491443, [5, 5, 5, 5]5, [-0.00263812 -0.00118559  0.00761922], GPS(-43.520600, 172.583000, 0.007619, var=[0.07649995444770603, 0.07652421559380987, 0.017296996708079507]), GPS(-43.520600, 172.583000, 0.000000, var=[-1.0, -1.0, -1.0]), [1.22451446e-02 4.38172142e-02 2.64250175e+01], GPS(-43.520600, 172.583000, 15.007619, var=[-1, -1, -1]), GPS(-43.520600, 172.583000, 26.444840, var=[1.0, 1.0, 1.0]), 0.008149715816037809, OFFBOARD
05:29:42:797091, [5, 5, 5, 5]5, [ 0.00474999 -0.00589553  0.00622651], GPS(-43.520600, 172.583000, 0.006227, var=[0.07148902342578835, 0.07153870947060158, 0.016184900092296717]), GPS(-43.520600, 172.583000, 0.000000, var=[-1.0, -1.0, -1.0]), [7.77091314e-03 4.31361217e-02 2.64307014e+01], GPS(-43.520600, 172.583000, 15.006227, var=[-1, -1, -1]), GPS(-43.520600, 172.583000, 26.447840, var=[1.0, 1.0, 1.0]), 0.009802509430779469, OFFBOARD
05:29:43:591641, [5, 5, 5, 5]5, [ 0.01478938 -0.00983391  0.00831667], GPS(-43.520600, 172.583000, 0.008317, var=[0.06875773158145826, 0.06885651360400431, 0.015664220373347127]), GPS(-43.520600, 172.583000, 0.000000, var=[-1.0, -1.0, -1.0]), [1.66183560e-03 4.08526156e-02 2.64378501e+01], GPS(-43.520600, 172.583000, 15.008317, var=[-1, -1, -1]), GPS(-43.520600, 172.583000, 26.465840, var=[1.0, 1.0, 1.0]), 0.01961117999868823, OFFBOARD
05:29:43:894649, [5, 5, 5, 5]5, [ 0.02279175 -0.00376432  0.00670769], GPS(-43.520600, 172.583000, 0.006708, var=[0.06342684359099875, 0.06354871922623856, 0.014456916927000135]), GPS(-43.520600, 172.583000, 0.000000, var=[-1.0, -1.0, -1.0]), [-2.53269533e-03  4.10989173e-02  2.64455702e+01], GPS(-43.520600, 172.583000, 15.006708, var=[-1, -1, -1]), GPS(-43.520600, 172.583000, 26.473840, var=[1.0, 1.0, 1.0]), 0.024054666491528546, OFFBOARD
05:29:44:889758, [5, 5, 5, 5]5, [0.03806119 0.0015142  0.00710191], GPS(-43.520600, 172.583000, 0.007102, var=[0.058866838316449954, 0.059039135193672244, 0.013551831538532313]), GPS(-43.520600, 172.583000, 0.000000, var=[-1.0, -1.0, -1.0]), [-9.97211167e-03  3.80402700e-02  2.64600543e+01], GPS(-43.520600, 172.583000, 15.007102, var=[-1, -1, -1]), GPS(-43.520600, 172.583000, 26.475840, var=[1.0, 1.0, 1.0]), 0.03874769699471495, OFFBOARD
05:29:45:241617, [5, 5, 5, 5]5, [0.0409012  0.00575487 0.00658004], GPS(-43.520600, 172.583001, 0.006580, var=[0.0552894041718634, 0.055468435576639316, 0.012755523872363941]), GPS(-43.520600, 172.583000, 0.000000, var=[-1.0, -1.0, -1.0]), [-1.15715721e-02  3.66417336e-02  2.64648845e+01], GPS(-43.520600, 172.583001, 15.006580, var=[-1, -1, -1]), GPS(-43.520600, 172.583000, 26.474840, var=[1.0, 1.0, 1.0]), 0.04182491002783444, OFFBOARD
05:29:45:978696, [5, 5, 5, 5]5, [0.04409838 0.01783865 0.00509366], GPS(-43.520600, 172.583001, 0.005094, var=[0.05377825850129062, 0.05397108091521757, 0.012526659247434629]), GPS(-43.520600, 172.583000, 0.000000, var=[-1.0, -1.0, -1.0]), [-1.14905075e-02  3.37392275e-02  2.64702746e+01], GPS(-43.520600, 172.583001, 15.005094, var=[-1, -1, -1]), GPS(-43.520600, 172.583000, 26.466840, var=[1.0, 1.0, 1.0]), 0.04784171919999543, OFFBOARD
05:29:46:255693, [5, 5, 5, 5]5, [0.04192332 0.02534832 0.00614337], GPS(-43.520600, 172.583001, 0.006143, var=[0.049947631537592935, 0.050129725104894364, 0.011637694930454278]), GPS(-43.520600, 172.583000, 0.000000, var=[-1.0, -1.0, -1.0]), [-9.91536640e-03  3.38787835e-02  2.64706829e+01], GPS(-43.520600, 172.583001, 15.006143, var=[-1, -1, -1]), GPS(-43.520600, 172.583000, 26.466840, var=[1.0, 1.0, 1.0]), 0.049374515885964775, OFFBOARD
05:29:47:020095, [5, 5, 5, 5]5, [0.03917756 0.03356388 0.00820121], GPS(-43.520600, 172.583000, 0.008201, var=[0.05045738404514881, 0.0506424895864405, 0.011921607774413473]), GPS(-43.520600, 172.583000, 0.000000, var=[-1.0, -1.0, -1.0]), [-6.49163288e-03  3.24461312e-02  2.64731005e+01], GPS(-43.520600, 172.583000, 15.008201, var=[-1, -1, -1]), GPS(-43.520600, 172.583000, 26.468840, var=[1.0, 1.0, 1.0]), 0.05223672029208292, OFFBOARD
05:29:47:386035, [5, 5, 5, 5]5, [0.03281908 0.03513346 0.01136331], GPS(-43.520600, 172.583000, 0.011363, var=[0.04802536870717525, 0.048198258854183156, 0.011372723394133514]), GPS(-43.520600, 172.583000, 0.000000, var=[-1.0, -1.0, -1.0]), [-2.29348271e-03  3.43857848e-02  2.64722085e+01], GPS(-43.520600, 172.583000, 15.011363, var=[-1, -1, -1]), GPS(-43.520599, 172.583000, 26.463840, var=[1.0, 1.0, 1.0]), 0.04940219319641499, OFFBOARD
05:29:48:327193, [5, 5, 5, 5]5, [0.02027088 0.03302225 0.01295584], GPS(-43.520600, 172.583000, 0.012956, var=[0.04688667383334238, 0.047039937965808895, 0.01126697145062426]), GPS(-43.520600, 172.583000, 0.000000, var=[-1.0, -1.0, -1.0]), [4.79258921e-03 3.71453879e-02 2.64723453e+01], GPS(-43.520600, 172.583000, 15.012956, var=[-1, -1, -1]), GPS(-43.520599, 172.583000, 26.462840, var=[1.0, 1.0, 1.0]), 0.04085622971248234, OFFBOARD
05:29:48:780084, [5, 5, 5, 5]5, [0.01596441 0.02796076 0.01476814], GPS(-43.520600, 172.583000, 0.014768, var=[0.045270090163363086, 0.04540601541512713, 0.010922615974296439]), GPS(-43.520600, 172.583000, 0.000000, var=[-1.0, -1.0, -1.0]), [7.56821413e-03 3.89280421e-02 2.64715702e+01], GPS(-43.520600, 172.583000, 15.014768, var=[-1, -1, -1]), GPS(-43.520600, 172.583000, 26.463840, var=[1.0, 1.0, 1.0]), 0.0354226481566338, OFFBOARD
05:29:49:387703, [5, 5, 5, 5]5, [0.00926411 0.01947727 0.01471292], GPS(-43.520600, 172.583000, 0.014713, var=[0.043935551306492876, 0.044051271930885226, 0.010679878549438578]), GPS(-43.520600, 172.583000, 0.000000, var=[-1.0, -1.0, -1.0]), [8.36771446e-03 3.87355396e-02 2.64718926e+01], GPS(-43.520600, 172.583000, 15.014713, var=[-1, -1, -1]), GPS(-43.520600, 172.583000, 26.464840, var=[1.0, 1.0, 1.0]), 0.026108572920054057, OFFBOARD
05:29:49:822124, [5, 5, 5, 5]5, [0.00605165 0.01434145 0.014435  ], GPS(-43.520600, 172.583000, 0.014435, var=[0.04266933709798983, 0.04277037425862582, 0.010421303605061997]), GPS(-43.520600, 172.583000, 0.000000, var=[-1.0, -1.0, -1.0]), [7.77289490e-03 3.89128541e-02 2.64721888e+01], GPS(-43.520600, 172.583000, 15.014435, var=[-1, -1, -1]), GPS(-43.520600, 172.583000, 26.462840, var=[1.0, 1.0, 1.0]), 0.021228964065757982, OFFBOARD
05:29:50:141749, [5, 5, 5, 5]5, [0.00243421 0.00978946 0.01314647], GPS(-43.520600, 172.583000, 0.013146, var=[0.04332907190375031, 0.04342451852979086, 0.01067429707442374]), GPS(-43.520600, 172.583000, 0.000000, var=[-1.0, -1.0, -1.0]), [7.35477239e-03 3.89439780e-02 2.64728962e+01], GPS(-43.520600, 172.583000, 15.013146, var=[-1, -1, -1]), GPS(-43.520600, 172.583000, 26.449840, var=[1.0, 1.0, 1.0]), 0.01657071241909116, OFFBOARD
05:29:50:484500, [5, 5, 5, 5]5, [0.00112319 0.00297809 0.01084519], GPS(-43.520600, 172.583000, 0.010845, var=[0.04165817217394999, 0.04174147657655907, 0.010272909399593931]), GPS(-43.520600, 172.583000, 0.000000, var=[-1.0, -1.0, -1.0]), [4.89065761e-03 4.00057020e-02 2.64713048e+01], GPS(-43.520600, 172.583000, 15.010845, var=[-1, -1, -1]), GPS(-43.520600, 172.583000, 26.443840, var=[1.0, 1.0, 1.0]), 0.011302602759445949, OFFBOARD
05:29:51:417646, [5, 5, 5, 5]5, [-0.00566238 -0.00419645  0.0087058 ], GPS(-43.520600, 172.583000, 0.008706, var=[0.041657870819774095, 0.04172946067435845, 0.010449835352625966]), GPS(-43.520600, 172.583000, 0.000000, var=[-1.0, -1.0, -1.0]), [6.47643095e-04 3.84181317e-02 2.64678747e+01], GPS(-43.520600, 172.583000, 15.008706, var=[-1, -1, -1]), GPS(-43.520600, 172.583000, 26.437840, var=[1.0, 1.0, 1.0]), 0.011201057164348095, OFFBOARD
05:29:51:844026, [5, 5, 5, 5]5, [-0.00757876 -0.00478213  0.0083111 ], GPS(-43.520600, 172.583000, 0.008311, var=[0.040457022325431906, 0.040525561845106715, 0.010167912551577717]), GPS(-43.520600, 172.583000, 0.000000, var=[-1.0, -1.0, -1.0]), [-2.20894209e-03  3.57384098e-02  2.64642752e+01], GPS(-43.520600, 172.583000, 15.008311, var=[-1, -1, -1]), GPS(-43.520600, 172.583000, 26.431840, var=[1.0, 1.0, 1.0]), 0.012222143641895906, OFFBOARD
05:29:52:472969, [5, 5, 5, 5]5, [-0.00802189 -0.00881293  0.01011572], GPS(-43.520600, 172.583000, 0.010116, var=[0.04065008371523768, 0.04071933218399072, 0.010338876313040412]), GPS(-43.520600, 172.583000, 0.000000, var=[-1.0, -1.0, -1.0]), [-5.58893922e-03  3.09375470e-02  2.64584597e+01], GPS(-43.520600, 172.583000, 15.010116, var=[-1, -1, -1]), GPS(-43.520600, 172.583000, 26.428840, var=[1.0, 1.0, 1.0]), 0.015631579881556897, OFFBOARD
05:29:52:700172, [5, 5, 5, 5]5, [-0.01040882 -0.00889871  0.01230906], GPS(-43.520600, 172.583000, 0.012309, var=[0.03903253846567585, 0.0391013042710838, 0.009910995814634298]), GPS(-43.520600, 172.583000, 0.000000, var=[-1.0, -1.0, -1.0]), [-7.86756762e-03  2.79421517e-02  2.64535726e+01], GPS(-43.520600, 172.583000, 15.012309, var=[-1, -1, -1]), GPS(-43.520600, 172.583000, 26.427840, var=[1.0, 1.0, 1.0]), 0.01841313989317531, OFFBOARD
05:29:53:751668, [5, 5, 5, 5]5, [-0.01646603 -0.01137017  0.01090278], GPS(-43.520600, 172.583000, 0.010903, var=[0.039226802744593156, 0.039294440897147, 0.010139285469065246]), GPS(-43.520600, 172.583000, 0.000000, var=[-1.0, -1.0, -1.0]), [-1.29100679e-02  2.05774417e-02  2.64435704e+01], GPS(-43.520600, 172.583000, 15.010903, var=[-1, -1, -1]), GPS(-43.520600, 172.583000, 26.404840, var=[1.0, 1.0, 1.0]), 0.022787748808435752, OFFBOARD
05:29:54:202850, [5, 5, 5, 5]5, [-0.02034781 -0.01306041  0.01058077], GPS(-43.520600, 172.583000, 0.010581, var=[0.03844105495842484, 0.03850515135811503, 0.009949293034455011]), GPS(-43.520600, 172.583000, 0.000000, var=[-1.0, -1.0, -1.0]), [-1.47305735e-02  1.82002533e-02  2.64374267e+01], GPS(-43.520600, 172.583000, 15.010581, var=[-1, -1, -1]), GPS(-43.520600, 172.583000, 26.397840, var=[1.0, 1.0, 1.0]), 0.026392430594018634, OFFBOARD
05:29:54:815378, [5, 5, 5, 5]5, [-0.02402632 -0.01504537  0.00827187], GPS(-43.520600, 172.583000, 0.008272, var=[0.038646172111362544, 0.0387046500956955, 0.01007877292616162]), GPS(-43.520600, 172.583000, 0.000000, var=[-1.0, -1.0, -1.0]), [-1.70298582e-02  1.40316394e-02  2.64304274e+01], GPS(-43.520600, 172.583000, 15.008272, var=[-1, -1, -1]), GPS(-43.520600, 172.583000, 26.390839, var=[1.0, 1.0, 1.0]), 0.029530507818184278, OFFBOARD
05:29:55:164137, [5, 5, 5, 5]5, [-0.03033063 -0.01265906  0.00837266], GPS(-43.520600, 172.583000, 0.008373, var=[0.03801770856606539, 0.03806943706276383, 0.009924752380954123]), GPS(-43.520600, 172.583000, 0.000000, var=[-1.0, -1.0, -1.0]), [-1.94326658e-02  1.00405612e-02  2.64239231e+01], GPS(-43.520600, 172.583000, 15.008373, var=[-1, -1, -1]), GPS(-43.520600, 172.583000, 26.388839, var=[1.0, 1.0, 1.0]), 0.033916077178499794, OFFBOARD
05:29:55:956471, [5, 5, 5, 5]5, [-0.03731801 -0.0091499   0.00659652], GPS(-43.520600, 172.583000, 0.006597, var=[0.03885626063127919, 0.03889559988322397, 0.010246175461666833]), GPS(-43.520600, 172.583000, 0.000000, var=[-1.0, -1.0, -1.0]), [-2.38465159e-02  1.56977429e-03  2.64150229e+01], GPS(-43.520600, 172.583000, 15.006597, var=[-1, -1, -1]), GPS(-43.520600, 172.582999, 26.387839, var=[1.0, 1.0, 1.0]), 0.038985490788413915, OFFBOARD
05:29:56:370373, [5, 5, 5, 5]5, [-0.04015203 -0.01306904  0.00990291], GPS(-43.520600, 172.583000, 0.009903, var=[0.03826977769546176, 0.03829971115857149, 0.010087291377063427]), GPS(-43.520600, 172.583000, 0.000000, var=[-1.0, -1.0, -1.0]), [-2.75535134e-02 -1.95103031e-03  2.64083724e+01], GPS(-43.520600, 172.583000, 15.009903, var=[-1, -1, -1]), GPS(-43.520600, 172.582999, 26.389839, var=[1.0, 1.0, 1.0]), 0.04337110934912219, OFFBOARD
05:29:56:777425, [5, 5, 5, 5]5, [-0.04070902 -0.01383256  0.01226049], GPS(-43.520600, 172.582999, 0.012260, var=[0.038819070408243374, 0.038841714596652775, 0.010285100766608022]), GPS(-43.520600, 172.583000, 0.000000, var=[-1.0, -1.0, -1.0]), [-3.16604282e-02 -4.82367836e-03  2.64034888e+01], GPS(-43.520600, 172.582999, 15.012260, var=[-1, -1, -1]), GPS(-43.520600, 172.582999, 26.389839, var=[1.0, 1.0, 1.0]), 0.0447088751447718, OFFBOARD
05:29:57:281001, [5, 5, 5, 5]5, [-0.03927125 -0.0174209   0.01316884], GPS(-43.520600, 172.583000, 0.013169, var=[0.03832102482240432, 0.03833548509407097, 0.010145613188446319]), GPS(-43.520600, 172.583000, 0.000000, var=[-1.0, -1.0, -1.0]), [-3.77972897e-02 -7.52411908e-03  2.63989834e+01], GPS(-43.520600, 172.583000, 15.013169, var=[-1, -1, -1]), GPS(-43.520600, 172.582999, 26.383839, var=[1.0, 1.0, 1.0]), 0.04493481193064459, OFFBOARD
05:29:57:811235, [5, 5, 5, 5]5, [-0.03408541 -0.01675014  0.01489905], GPS(-43.520600, 172.583000, 0.014899, var=[0.039125428477768925, 0.03913441295470901, 0.010427556328770762]), GPS(-43.520600, 172.583000, 0.000000, var=[-1.0, -1.0, -1.0]), [-4.55084913e-02 -1.07882890e-02  2.63927255e+01], GPS(-43.520600, 172.583000, 15.014899, var=[-1, -1, -1]), GPS(-43.520600, 172.582999, 26.375839, var=[1.0, 1.0, 1.0]), 0.04079661819162925, OFFBOARD
05:29:59:022672, [5, 5, 5, 5]5, [-0.02131371 -0.01851577  0.01045816], GPS(-43.520600, 172.583000, 0.010458, var=[0.040004045672227366, 0.04001565454105551, 0.010710662169729865]), GPS(-43.520600, 172.583000, 0.000000, var=[-1.0, -1.0, -1.0]), [-6.17981149e-02 -1.11373888e-02  2.63825574e+01], GPS(-43.520600, 172.583000, 15.010458, var=[-1, -1, -1]), GPS(-43.520600, 172.582999, 26.377840, var=[1.0, 1.0, 1.0]), 0.030107824868577007, OFFBOARD
05:29:59:341507, [5, 5, 5, 5]5, [-0.01946784 -0.0170097   0.00824079], GPS(-43.520600, 172.583000, 0.008241, var=[0.038442233343267955, 0.038458136666481714, 0.010213880318026041]), GPS(-43.520600, 172.583000, 0.000000, var=[-1.0, -1.0, -1.0]), [-6.45426067e-02 -8.39157210e-03  2.63806587e+01], GPS(-43.520600, 172.583000, 15.008241, var=[-1, -1, -1]), GPS(-43.520600, 172.582999, 26.373840, var=[1.0, 1.0, 1.0]), 0.02713369233348139, OFFBOARD
05:29:59:935108, [5, 5, 5, 5]5, [-0.01536461 -0.01869389  0.00704437], GPS(-43.520600, 172.583000, 0.007044, var=[0.03993166055652409, 0.039955503043453716, 0.010692703145447586]), GPS(-43.520600, 172.583000, 0.000000, var=[-1.0, -1.0, -1.0]), [-6.78500942e-02 -5.83435322e-03  2.63763444e+01], GPS(-43.520600, 172.583000, 15.007044, var=[-1, -1, -1]), GPS(-43.520600, 172.582999, 26.373840, var=[1.0, 1.0, 1.0]), 0.02520230217191427, OFFBOARD
05:30:00:286904, [5, 5, 5, 5]5, [-0.01058487 -0.01754691  0.00897034], GPS(-43.520600, 172.583000, 0.008970, var=[0.03864918253243896, 0.03868041295842162, 0.010277862129809183]), GPS(-43.520600, 172.583000, 0.000000, var=[-1.0, -1.0, -1.0]), [-6.67635667e-02 -9.71819757e-04  2.63732728e+01], GPS(-43.520600, 172.583000, 15.008970, var=[-1, -1, -1]), GPS(-43.520600, 172.582999, 26.377840, var=[1.0, 1.0, 1.0]), 0.022369636925487626, OFFBOARD
05:30:01:149396, [5, 5, 5, 5]5, [-0.00475329 -0.01665467  0.00884518], GPS(-43.520600, 172.583000, 0.008845, var=[0.03891610210263137, 0.03896840995500989, 0.010365420671641248]), GPS(-43.520600, 172.583000, 0.000000, var=[-1.0, -1.0, -1.0]), [-6.22753827e-02  6.77589414e-03  2.63710836e+01], GPS(-43.520600, 172.583000, 15.008845, var=[-1, -1, -1]), GPS(-43.520600, 172.583000, 26.391840, var=[1.0, 1.0, 1.0]), 0.0194475993909286, OFFBOARD
05:30:01:529472, [5, 5, 5, 5]5, [-0.00298162 -0.01661237  0.00869172], GPS(-43.520600, 172.583000, 0.008692, var=[0.03840852395378398, 0.03846976797239538, 0.01020399840709243]), GPS(-43.520600, 172.583000, 0.000000, var=[-1.0, -1.0, -1.0]), [-5.77926568e-02  9.97019863e-03  2.63719406e+01], GPS(-43.520600, 172.583000, 15.008692, var=[-1, -1, -1]), GPS(-43.520600, 172.583000, 26.396840, var=[1.0, 1.0, 1.0]), 0.01898438003708363, OFFBOARD
05:30:02:032296, [5, 5, 5, 5]5, [-0.00140776 -0.01680376  0.00809649], GPS(-43.520600, 172.583000, 0.008096, var=[0.040000113904059456, 0.04007109101155862, 0.010709931153697696]), GPS(-43.520600, 172.583000, 0.000000, var=[-1.0, -1.0, -1.0]), [-5.43343565e-02  1.16074670e-02  2.63722321e+01], GPS(-43.520600, 172.583000, 15.008096, var=[-1, -1, -1]), GPS(-43.520600, 172.583000, 26.403840, var=[1.0, 1.0, 1.0]), 0.018705646258229895, OFFBOARD
05:30:02:288694, [5, 5, 5, 5]5, [-0.00183896 -0.01768464  0.00669396], GPS(-43.520600, 172.583000, 0.006694, var=[0.03839932632374471, 0.03847237362889456, 0.010187418095325196]), GPS(-43.520600, 172.583000, 0.000000, var=[-1.0, -1.0, -1.0]), [-4.76990242e-02  1.39873796e-02  2.63760908e+01], GPS(-43.520600, 172.583000, 15.006694, var=[-1, -1, -1]), GPS(-43.520600, 172.583000, 26.408840, var=[1.0, 1.0, 1.0]), 0.01899835603603171, OFFBOARD
05:30:03:094943, [5, 5, 5, 5]5, [ 0.00053295 -0.01943594  0.0046275 ], GPS(-43.520600, 172.583000, 0.004627, var=[0.03967963942985868, 0.03975881954976714, 0.01059842288920066]), GPS(-43.520600, 172.583000, 0.000000, var=[-1.0, -1.0, -1.0]), [-3.94289095e-02  1.64361475e-02  2.63799341e+01], GPS(-43.520600, 172.583000, 15.004627, var=[-1, -1, -1]), GPS(-43.520600, 172.583000, 26.405840, var=[1.0, 1.0, 1.0]), 0.01998633850519789, OFFBOARD
05:30:03:354592, [5, 5, 5, 5]5, [ 0.00152923 -0.01447003  0.00150823], GPS(-43.520600, 172.583000, 0.001508, var=[0.03840180209987517, 0.03847756384988302, 0.01017761022255945]), GPS(-43.520600, 172.583000, 0.000000, var=[-1.0, -1.0, -1.0]), [-3.35871623e-02  1.70958525e-02  2.63836146e+01], GPS(-43.520600, 172.583000, 15.001508, var=[-1, -1, -1]), GPS(-43.520600, 172.583000, 26.405840, var=[1.0, 1.0, 1.0]), 0.01462856884284054, OFFBOARD
05:30:04:434184, [5, 5, 5, 5]5, [ 0.00479751  0.00042591 -0.00107922], GPS(-43.520600, 172.583000, -0.001079, var=[0.039253578477110945, 0.03932066769807997, 0.010428913291071259]), GPS(-43.520600, 172.583000, 0.000000, var=[-1.0, -1.0, -1.0]), [-2.08899292e-02  1.68757332e-02  2.63913938e+01], GPS(-43.520600, 172.583000, 14.998921, var=[-1, -1, -1]), GPS(-43.520600, 172.583000, 26.418840, var=[1.0, 1.0, 1.0]), 0.004935812108656499, OFFBOARD
05:30:04:729813, [5, 5, 5, 5]5, [ 0.00388233  0.00620651 -0.00178574], GPS(-43.520600, 172.583000, -0.001786, var=[0.03810539323595844, 0.0381651113787514, 0.010060429419137016]), GPS(-43.520600, 172.583000, 0.000000, var=[-1.0, -1.0, -1.0]), [-1.61576979e-02  1.61968465e-02  2.63951042e+01], GPS(-43.520600, 172.583000, 14.998214, var=[-1, -1, -1]), GPS(-43.520600, 172.583000, 26.421840, var=[1.0, 1.0, 1.0]), 0.007535387007323242, OFFBOARD
05:30:05:549491, [5, 5, 5, 5]5, [ 0.00347555  0.01409546 -0.00204562], GPS(-43.520600, 172.583000, -0.002046, var=[0.03873926617269353, 0.03878751741566608, 0.01025129997848759]), GPS(-43.520600, 172.583000, 0.000000, var=[-1.0, -1.0, -1.0]), [-6.50768620e-03  1.64651908e-02  2.64011267e+01], GPS(-43.520600, 172.583000, 14.997954, var=[-1, -1, -1]), GPS(-43.520600, 172.583000, 26.417840, var=[1.0, 1.0, 1.0]), 0.01466103354222823, OFFBOARD
05:30:05:828006, [5, 5, 5, 5]5, [ 0.00536633  0.01566429 -0.0031668 ], GPS(-43.520600, 172.583000, -0.003167, var=[0.037399555837534515, 0.037439520340410586, 0.009830420129292203]), GPS(-43.520600, 172.583000, 0.000000, var=[-1.0, -1.0, -1.0]), [-2.24513540e-03  1.71087246e-02  2.64038979e+01], GPS(-43.520600, 172.583000, 14.996833, var=[-1, -1, -1]), GPS(-43.520600, 172.583000, 26.417840, var=[1.0, 1.0, 1.0]), 0.016858111920441666, OFFBOARD
05:30:06:462003, [5, 5, 5, 5]5, [ 0.0056384   0.01676501 -0.00588197], GPS(-43.520600, 172.583000, -0.005882, var=[0.03920640205822271, 0.03923629816891305, 0.010400585765438274]), GPS(-43.520600, 172.583000, 0.000000, var=[-1.0, -1.0, -1.0]), [3.06557464e-03 1.84185502e-02 2.64075588e+01], GPS(-43.520600, 172.583000, 14.994118, var=[-1, -1, -1]), GPS(-43.520600, 172.583000, 26.419840, var=[1.0, 1.0, 1.0]), 0.018640131413837087, OFFBOARD
05:30:06:695512, [5, 5, 5, 5]5, [ 0.00632073  0.01979243 -0.00729467], GPS(-43.520600, 172.583000, -0.007295, var=[0.03740753166550902, 0.037426760962064216, 0.009826200837147027]), GPS(-43.520600, 172.583000, 0.000000, var=[-1.0, -1.0, -1.0]), [6.25845647e-03 2.01723123e-02 2.64102622e+01], GPS(-43.520600, 172.583000, 14.992705, var=[-1, -1, -1]), GPS(-43.520600, 172.583000, 26.419840, var=[1.0, 1.0, 1.0]), 0.02202054134665744, OFFBOARD
05:30:07:741861, [5, 5, 5, 5]5, [ 0.00273922  0.01846732 -0.01209132], GPS(-43.520600, 172.583000, -0.012091, var=[0.03889778962574526, 0.03888579145841517, 0.010300558101979896]), GPS(-43.520600, 172.583000, 0.000000, var=[-1.0, -1.0, -1.0]), [1.36707172e-02 2.66102786e-02 2.64170198e+01], GPS(-43.520600, 172.583000, 14.987909, var=[-1, -1, -1]), GPS(-43.520600, 172.583000, 26.431840, var=[1.0, 1.0, 1.0]), 0.022242872258340537, OFFBOARD
05:30:08:073751, [5, 5, 5, 5]5, [ 0.00236016  0.01377619 -0.01032464], GPS(-43.520600, 172.583000, -0.010325, var=[0.03835299938420239, 0.03832820246318796, 0.010117831477388761]), GPS(-43.520600, 172.583000, 0.000000, var=[-1.0, -1.0, -1.0]), [1.55631452e-02 2.90456891e-02 2.64197190e+01], GPS(-43.520600, 172.583000, 14.989675, var=[-1, -1, -1]), GPS(-43.520600, 172.583000, 26.439840, var=[1.0, 1.0, 1.0]), 0.01737675929076582, OFFBOARD
05:30:08:891129, [5, 5, 5, 5]5, [ 0.00091169  0.00590793 -0.00757283], GPS(-43.520600, 172.583000, -0.007573, var=[0.039519768352136185, 0.03947363432984561, 0.010472206625384313]), GPS(-43.520600, 172.583000, 0.000000, var=[-1.0, -1.0, -1.0]), [2.13231687e-02 3.19763258e-02 2.64262964e+01], GPS(-43.520600, 172.583000, 14.992427, var=[-1, -1, -1]), GPS(-43.520600, 172.583000, 26.449840, var=[1.0, 1.0, 1.0]), 0.009647933406914168, OFFBOARD
05:30:09:297950, [5, 5, 5, 5]5, [ 0.00582361 -0.00042695 -0.00709349], GPS(-43.520600, 172.583000, -0.007093, var=[0.03907094948541966, 0.03901850349302652, 0.010324959697981086]), GPS(-43.520600, 172.583000, 0.000000, var=[-1.0, -1.0, -1.0]), [2.34380670e-02 3.27784204e-02 2.64308404e+01], GPS(-43.520600, 172.583000, 14.992907, var=[-1, -1, -1]), GPS(-43.520600, 172.583000, 26.451840, var=[1.0, 1.0, 1.0]), 0.009187724333379556, OFFBOARD
05:30:09:902705, [5, 5, 5, 5]5, [ 0.00954068 -0.00637452 -0.00589436], GPS(-43.520600, 172.583000, -0.005894, var=[0.04053221951951311, 0.04047233441067293, 0.010773035326538206]), GPS(-43.520600, 172.583000, 0.000000, var=[-1.0, -1.0, -1.0]), [2.63731072e-02 3.34782159e-02 2.64357667e+01], GPS(-43.520600, 172.583000, 14.994106, var=[-1, -1, -1]), GPS(-43.520600, 172.583000, 26.463840, var=[1.0, 1.0, 1.0]), 0.012899706960045165, OFFBOARD
05:30:10:315150, [5, 5, 5, 5]5, [ 0.01341528 -0.00352823 -0.00662274], GPS(-43.520600, 172.583000, -0.006623, var=[0.03997201625694672, 0.039911666958055786, 0.010580140766968517]), GPS(-43.520600, 172.583000, 0.000000, var=[-1.0, -1.0, -1.0]), [ 0.0278582   0.03205717 26.44210426], GPS(-43.520600, 172.583000, 14.993377, var=[-1, -1, -1]), GPS(-43.520600, 172.583000, 26.475839, var=[1.0, 1.0, 1.0]), 0.015371361108959683, OFFBOARD
05:30:10:838380, [5, 5, 5, 5]5, [ 0.01394092 -0.00398001 -0.00621267], GPS(-43.520600, 172.583000, -0.006213, var=[0.040122099984749526, 0.040061712738498796, 0.01061985914564725]), GPS(-43.520600, 172.583000, 0.000000, var=[-1.0, -1.0, -1.0]), [ 0.03002798  0.02813197 26.4492303 ], GPS(-43.520600, 172.583000, 14.993787, var=[-1, -1, -1]), GPS(-43.520600, 172.583000, 26.485839, var=[1.0, 1.0, 1.0]), 0.015772984435626476, OFFBOARD
05:30:10:935165, [5, 5, 5, 5]5, [ 0.01506396 -0.00391462 -0.00735531], GPS(-43.520600, 172.583000, -0.007355, var=[0.040781665716772955, 0.0407205988485574, 0.010823863526603512]), GPS(-43.520600, 172.583000, 0.000000, var=[-1.0, -1.0, -1.0]), [ 0.03100229  0.02666629 26.45205309], GPS(-43.520600, 172.583000, 14.992645, var=[-1, -1, -1]), GPS(-43.520600, 172.583000, 26.486839, var=[1.0, 1.0, 1.0]), 0.017214748290623947, OFFBOARD
05:30:11:904986, [5, 5, 5, 5]5, [ 0.02516006 -0.00282123 -0.00549052], GPS(-43.520600, 172.583000, -0.005491, var=[0.04019866575362449, 0.040145346447816484, 0.01062556909917338]), GPS(-43.520600, 172.583000, 0.000000, var=[-1.0, -1.0, -1.0]), [3.79485032e-02 1.20415894e-02 2.64666910e+01], GPS(-43.520600, 172.583000, 14.994509, var=[-1, -1, -1]), GPS(-43.520600, 172.583001, 26.491839, var=[1.0, 1.0, 1.0]), 0.025906247969868453, OFFBOARD
05:30:12:007595, [5, 5, 5, 5]5, [ 0.02602563 -0.00026405 -0.00630731], GPS(-43.520600, 172.583000, -0.006307, var=[0.04050417581127315, 0.04045177743039334, 0.010715955999876675]), GPS(-43.520600, 172.583000, 0.000000, var=[-1.0, -1.0, -1.0]), [3.90249382e-02 1.07635962e-02 2.64689737e+01], GPS(-43.520600, 172.583000, 14.993693, var=[-1, -1, -1]), GPS(-43.520600, 172.583001, 26.490839, var=[1.0, 1.0, 1.0]), 0.02678031606772915, OFFBOARD
05:30:13:371391, [5, 5, 5, 5]5, [ 0.03300589  0.02352121 -0.00374267], GPS(-43.520600, 172.583000, -0.003743, var=[0.04064308226558351, 0.04058571580484129, 0.010712548540201317]), GPS(-43.520600, 172.583000, 0.000000, var=[-1.0, -1.0, -1.0]), [ 5.11485800e-02 -1.97865562e-03  2.64857010e+01], GPS(-43.520600, 172.583000, 14.996257, var=[-1, -1, -1]), GPS(-43.520600, 172.583001, 26.498839, var=[1.0, 1.0, 1.0]), 0.04070188712781275, OFFBOARD
05:30:13:462144, [5, 5, 5, 5]5, [ 0.03336548  0.02621729 -0.0037102 ], GPS(-43.520600, 172.583000, -0.003710, var=[0.040620032262574934, 0.040561396443979936, 0.01070194684476974]), GPS(-43.520600, 172.583000, 0.000000, var=[-1.0, -1.0, -1.0]), [ 5.24564487e-02 -2.57679970e-03  2.64871159e+01], GPS(-43.520600, 172.583000, 14.996290, var=[-1, -1, -1]), GPS(-43.520600, 172.583001, 26.498839, var=[1.0, 1.0, 1.0]), 0.042595387418432315, OFFBOARD
05:30:14:009456, [5, 5, 5, 5]5, [ 0.03079284  0.03292112 -0.00544398], GPS(-43.520600, 172.583000, -0.005444, var=[0.041040056052492974, 0.040973995825353986, 0.010825149429245158]), GPS(-43.520600, 172.583000, 0.000000, var=[-1.0, -1.0, -1.0]), [ 5.77560410e-02 -5.02078935e-03  2.64934274e+01], GPS(-43.520600, 172.583000, 14.994556, var=[-1, -1, -1]), GPS(-43.520600, 172.583001, 26.498840, var=[1.0, 1.0, 1.0]), 0.04540524580897346, OFFBOARD
05:30:14:115370, [5, 5, 5, 5]5, [ 0.02992914  0.03415793 -0.00550395], GPS(-43.520600, 172.583000, -0.005504, var=[0.041218986209308875, 0.041150533582541296, 0.010875884809843262]), GPS(-43.520600, 172.583000, 0.000000, var=[-1.0, -1.0, -1.0]), [ 5.90557930e-02 -5.25815199e-03  2.64948144e+01], GPS(-43.520600, 172.583000, 14.994496, var=[-1, -1, -1]), GPS(-43.520600, 172.583001, 26.497840, var=[1.0, 1.0, 1.0]), 0.04574724589756968, OFFBOARD
05:30:15:110556, [5, 5, 5, 5]5, [ 0.02358026  0.03517291 -0.00374969], GPS(-43.520600, 172.583000, -0.003750, var=[0.04076585378165718, 0.04068136429879723, 0.010715818245985383]), GPS(-43.520600, 172.583000, 0.000000, var=[-1.0, -1.0, -1.0]), [ 6.62326703e-02 -4.00302560e-03  2.64999152e+01], GPS(-43.520600, 172.583000, 14.996250, var=[-1, -1, -1]), GPS(-43.520600, 172.583001, 26.483840, var=[1.0, 1.0, 1.0]), 0.04251143805385557, OFFBOARD
05:30:15:436249, [5, 5, 5, 5]5, [ 0.02129543  0.03527645 -0.00164918], GPS(-43.520600, 172.583000, -0.001649, var=[0.040428943930400224, 0.04033607889863765, 0.010596434585324672]), GPS(-43.520600, 172.583000, 0.000000, var=[-1.0, -1.0, -1.0]), [ 6.68339109e-02 -2.07221690e-04  2.64994637e+01], GPS(-43.520600, 172.583000, 14.998351, var=[-1, -1, -1]), GPS(-43.520600, 172.583001, 26.476840, var=[1.0, 1.0, 1.0]), 0.04123885216065453, OFFBOARD
05:30:16:447689, [5, 5, 5, 5]5, [ 0.00900081  0.02935259 -0.000294  ], GPS(-43.520600, 172.583000, -0.000294, var=[0.04032683419480838, 0.04021579596372216, 0.010556027793925553]), GPS(-43.520600, 172.583000, 0.000000, var=[-1.0, -1.0, -1.0]), [6.49198825e-02 1.18272265e-02 2.64954017e+01], GPS(-43.520600, 172.583000, 14.999706, var=[-1, -1, -1]), GPS(-43.520600, 172.583000, 26.452840, var=[1.0, 1.0, 1.0]), 0.03070301971349625, OFFBOARD
05:30:16:846754, [5, 5, 5, 5]5, [0.00768022 0.0211892  0.00229775], GPS(-43.520600, 172.583000, 0.002298, var=[0.039749261588288606, 0.03963422759767191, 0.010376745442103867]), GPS(-43.520600, 172.583000, 0.000000, var=[-1.0, -1.0, -1.0]), [6.24969865e-02 1.64102155e-02 2.64895483e+01], GPS(-43.520600, 172.583000, 15.002298, var=[-1, -1, -1]), GPS(-43.520600, 172.583000, 26.441840, var=[1.0, 1.0, 1.0]), 0.02265497396102367, OFFBOARD
05:30:17:413065, [5, 5, 5, 5]5, [0.00440232 0.01151224 0.00445125], GPS(-43.520600, 172.583000, 0.004451, var=[0.04080423262097399, 0.04068497938702252, 0.010703915516038342]), GPS(-43.520600, 172.583000, 0.000000, var=[-1.0, -1.0, -1.0]), [5.89354106e-02 1.93094449e-02 2.64839360e+01], GPS(-43.520600, 172.583000, 15.004451, var=[-1, -1, -1]), GPS(-43.520600, 172.583000, 26.437840, var=[1.0, 1.0, 1.0]), 0.013104414030213268, OFFBOARD
05:30:17:799202, [5, 5, 5, 5]5, [-0.00115217  0.00631758  0.0092872 ], GPS(-43.520600, 172.583000, 0.009287, var=[0.03966403730726892, 0.03955174984417258, 0.010349667769762204]), GPS(-43.520600, 172.583000, 0.000000, var=[-1.0, -1.0, -1.0]), [5.37082115e-02 2.10215097e-02 2.64761741e+01], GPS(-43.520600, 172.583000, 15.009287, var=[-1, -1, -1]), GPS(-43.520600, 172.583000, 26.432840, var=[1.0, 1.0, 1.0]), 0.011291208811197188, OFFBOARD
05:30:18:559437, [5, 5, 5, 5]5, [-0.01042127 -0.00173101  0.01153198], GPS(-43.520600, 172.583000, 0.011532, var=[0.04070525907222912, 0.04060602898566953, 0.010687222158549288]), GPS(-43.520600, 172.583000, 0.000000, var=[-1.0, -1.0, -1.0]), [4.51824245e-02 2.39586934e-02 2.64660457e+01], GPS(-43.520600, 172.583000, 15.011532, var=[-1, -1, -1]), GPS(-43.520600, 172.583000, 26.415840, var=[1.0, 1.0, 1.0]), 0.01563924043900383, OFFBOARD
05:30:18:815623, [5, 5, 5, 5]5, [-0.01393194 -0.01244755  0.01507336], GPS(-43.520600, 172.583000, 0.015073, var=[0.039268455698350226, 0.039186590016856315, 0.010240735269986862]), GPS(-43.520600, 172.583000, 0.000000, var=[-1.0, -1.0, -1.0]), [3.84709933e-02 2.53541049e-02 2.64573823e+01], GPS(-43.520600, 172.583000, 15.015073, var=[-1, -1, -1]), GPS(-43.520600, 172.583000, 26.412840, var=[1.0, 1.0, 1.0]), 0.02400514038965328, OFFBOARD
05:30:19:690253, [5, 5, 5, 5]5, [-0.02425543 -0.02847645  0.0178092 ], GPS(-43.520600, 172.583000, 0.017809, var=[0.04000983417997069, 0.03996662200097387, 0.01050351025145109]), GPS(-43.520600, 172.583000, 0.000000, var=[-1.0, -1.0, -1.0]), [2.61789512e-02 2.71065079e-02 2.64436058e+01], GPS(-43.520600, 172.583000, 15.017809, var=[-1, -1, -1]), GPS(-43.520600, 172.583000, 26.402840, var=[1.0, 1.0, 1.0]), 0.04142948192289261, OFFBOARD
05:30:20:074347, [5, 5, 5, 5]5, [-0.02659327 -0.03203198  0.01700472], GPS(-43.520600, 172.583000, 0.017005, var=[0.03923666159551312, 0.03921969707906337, 0.010267688771797855]), GPS(-43.520600, 172.583000, 0.000000, var=[-1.0, -1.0, -1.0]), [1.85473946e-02 2.60735731e-02 2.64367994e+01], GPS(-43.520600, 172.583000, 15.017005, var=[-1, -1, -1]), GPS(-43.520600, 172.582999, 26.391839, var=[1.0, 1.0, 1.0]), 0.04497121779507802, OFFBOARD
05:30:20:790318, [5, 5, 5, 5]5, [-0.02997588 -0.04046068  0.01845484], GPS(-43.520600, 172.583000, 0.018455, var=[0.04055169360527116, 0.04057409495243267, 0.01069856059510776]), GPS(-43.520600, 172.583000, 0.000000, var=[-1.0, -1.0, -1.0]), [5.87304870e-03 2.17455562e-02 2.64258042e+01], GPS(-43.520600, 172.583000, 15.018455, var=[-1, -1, -1]), GPS(-43.520600, 172.582999, 26.384839, var=[1.0, 1.0, 1.0]), 0.05363022416143138, OFFBOARD
05:30:21:175979, [5, 5, 5, 5]5, [-0.03189771 -0.0378933   0.01754896], GPS(-43.520600, 172.583000, 0.017549, var=[0.03984644224185214, 0.039895582535121675, 0.010478780627378904]), GPS(-43.520600, 172.583000, 0.000000, var=[-1.0, -1.0, -1.0]), [-4.67235735e-03  1.60606450e-02  2.64189025e+01], GPS(-43.520600, 172.583000, 15.017549, var=[-1, -1, -1]), GPS(-43.520600, 172.582999, 26.387839, var=[1.0, 1.0, 1.0]), 0.05254837781496253, OFFBOARD
05:30:22:162042, [5, 5, 5, 5]5, [-0.03492767 -0.03089547  0.01653663], GPS(-43.520600, 172.583000, 0.016537, var=[0.03978180018985039, 0.039879849885130485, 0.01047631219856209]), GPS(-43.520600, 172.583000, 0.000000, var=[-1.0, -1.0, -1.0]), [-2.79011556e-02  1.73819097e-04  2.64069976e+01], GPS(-43.520600, 172.583000, 15.016537, var=[-1, -1, -1]), GPS(-43.520601, 172.582999, 26.392838, var=[1.0, 1.0, 1.0]), 0.04947658535598216, OFFBOARD
05:30:22:471606, [5, 5, 5, 5]5, [-0.03647006 -0.03262822  0.01518783], GPS(-43.520600, 172.583000, 0.015188, var=[0.038356857124649486, 0.0384634006032923, 0.0100437629488603]), GPS(-43.520600, 172.583000, 0.000000, var=[-1.0, -1.0, -1.0]), [-3.66702254e-02 -7.42160489e-03  2.64039636e+01], GPS(-43.520600, 172.583000, 15.015188, var=[-1, -1, -1]), GPS(-43.520601, 172.582999, 26.391838, var=[1.0, 1.0, 1.0]), 0.05123803230351123, OFFBOARD
05:30:22:996457, [5, 5, 5, 5]5, [-0.03269763 -0.03041229  0.01722847], GPS(-43.520600, 172.583000, 0.017228, var=[0.03982883876952196, 0.03995129582523026, 0.010523749110962296]), GPS(-43.520600, 172.583000, 0.000000, var=[-1.0, -1.0, -1.0]), [-4.53292006e-02 -1.34648344e-02  2.63991197e+01], GPS(-43.520600, 172.583000, 15.017228, var=[-1, -1, -1]), GPS(-43.520601, 172.582999, 26.392838, var=[1.0, 1.0, 1.0]), 0.047862957107581636, OFFBOARD
05:30:23:315368, [5, 5, 5, 5]5, [-0.02587027 -0.02648833  0.01537161], GPS(-43.520600, 172.583000, 0.015372, var=[0.03881108568069595, 0.038940574859313, 0.010204215872419473]), GPS(-43.520600, 172.583000, 0.000000, var=[-1.0, -1.0, -1.0]), [-5.39979262e-02 -1.95423883e-02  2.63972976e+01], GPS(-43.520600, 172.583000, 15.015372, var=[-1, -1, -1]), GPS(-43.520601, 172.582999, 26.394838, var=[1.0, 1.0, 1.0]), 0.04008976026349921, OFFBOARD
05:30:24:097735, [5, 5, 5, 5]5, [-0.01521639 -0.01929029  0.01342062], GPS(-43.520600, 172.583000, 0.013421, var=[0.03982342402460799, 0.0399711425426812, 0.010547779942187483]), GPS(-43.520600, 172.583000, 0.000000, var=[-1.0, -1.0, -1.0]), [-0.06892157 -0.02730788 26.39355301], GPS(-43.520600, 172.583000, 15.013421, var=[-1, -1, -1]), GPS(-43.520600, 172.582999, 26.396839, var=[1.0, 1.0, 1.0]), 0.02799583992888955, OFFBOARD
05:30:24:444562, [5, 5, 5, 5]5, [-0.0062148  -0.0136933   0.01016645], GPS(-43.520600, 172.583000, 0.010166, var=[0.03936411837047619, 0.03951634113612221, 0.010400666824007683]), GPS(-43.520600, 172.583000, 0.000000, var=[-1.0, -1.0, -1.0]), [-0.07638633 -0.02855427 26.39351506], GPS(-43.520600, 172.583000, 15.010166, var=[-1, -1, -1]), GPS(-43.520600, 172.582999, 26.395839, var=[1.0, 1.0, 1.0]), 0.018151776062449946, OFFBOARD
05:30:25:427593, [5, 5, 5, 5]5, [ 0.00716366 -0.00482518  0.00610777], GPS(-43.520600, 172.583000, 0.006108, var=[0.03945369130350113, 0.039606421596871826, 0.01044522390957921]), GPS(-43.520600, 172.583000, 0.000000, var=[-1.0, -1.0, -1.0]), [-0.09010423 -0.02640934 26.39055131], GPS(-43.520600, 172.583000, 15.006108, var=[-1, -1, -1]), GPS(-43.520600, 172.582999, 26.394839, var=[1.0, 1.0, 1.0]), 0.010578528760005187, OFFBOARD
05:30:25:763245, [5, 5, 5, 5]5, [ 0.00923703 -0.00342956  0.00497211], GPS(-43.520600, 172.583000, 0.004972, var=[0.03840600580939345, 0.03854953192484551, 0.010123848163318206]), GPS(-43.520600, 172.583000, 0.000000, var=[-1.0, -1.0, -1.0]), [-9.25308997e-02 -2.32499834e-02  2.63901861e+01], GPS(-43.520600, 172.583000, 15.004972, var=[-1, -1, -1]), GPS(-43.520600, 172.582999, 26.398839, var=[1.0, 1.0, 1.0]), 0.01103659175466933, OFFBOARD
05:30:26:354847, [5, 5, 5, 5]5, [0.01734367 0.0039292  0.00654122], GPS(-43.520600, 172.583000, 0.006541, var=[0.040154351634189664, 0.04029349189970772, 0.010683234594143757]), GPS(-43.520600, 172.583000, 0.000000, var=[-1.0, -1.0, -1.0]), [-9.62973219e-02 -2.12063190e-02  2.63882507e+01], GPS(-43.520600, 172.583000, 15.006541, var=[-1, -1, -1]), GPS(-43.520600, 172.582999, 26.406839, var=[1.0, 1.0, 1.0]), 0.018948060992334252, OFFBOARD
05:30:26:634876, [5, 5, 5, 5]5, [0.01735166 0.00433314 0.00756657], GPS(-43.520600, 172.583000, 0.007567, var=[0.03821758509197077, 0.0383413750885827, 0.010070803899415575]), GPS(-43.520600, 172.583000, 0.000000, var=[-1.0, -1.0, -1.0]), [-9.36002419e-02 -1.80530191e-02  2.63889108e+01], GPS(-43.520600, 172.583000, 15.007567, var=[-1, -1, -1]), GPS(-43.520600, 172.582999, 26.405839, var=[1.0, 1.0, 1.0]), 0.019419299964293944, OFFBOARD
05:30:27:710243, [5, 5, 5, 5]5, [0.02209149 0.00602108 0.00751007], GPS(-43.520600, 172.583000, 0.007510, var=[0.03944267901753472, 0.03954102969664816, 0.010463932272780032]), GPS(-43.520600, 172.583000, 0.000000, var=[-1.0, -1.0, -1.0]), [-9.03206758e-02 -9.34318041e-03  2.63899519e+01], GPS(-43.520600, 172.583000, 15.007510, var=[-1, -1, -1]), GPS(-43.520600, 172.583000, 26.414840, var=[1.0, 1.0, 1.0]), 0.024097481182447984, OFFBOARD
05:30:28:020163, [5, 5, 5, 5]5, [0.01964958 0.00723205 0.00719041], GPS(-43.520600, 172.583000, 0.007190, var=[0.03823098951519666, 0.03831722964700286, 0.010083881246694428]), GPS(-43.520600, 172.583000, 0.000000, var=[-1.0, -1.0, -1.0]), [-8.58207020e-02 -5.92536819e-03  2.63924707e+01], GPS(-43.520600, 172.583000, 15.007190, var=[-1, -1, -1]), GPS(-43.520600, 172.583000, 26.420840, var=[1.0, 1.0, 1.0]), 0.022138440733204482, OFFBOARD
05:30:28:554252, [5, 5, 5, 5]5, [0.01911251 0.01022276 0.00640693], GPS(-43.520600, 172.583000, 0.006407, var=[0.03989326451455516, 0.0399726891432426, 0.010614403202972815]), GPS(-43.520600, 172.583000, 0.000000, var=[-1.0, -1.0, -1.0]), [-8.45323365e-02 -3.56508194e-03  2.63941316e+01], GPS(-43.520600, 172.583000, 15.006407, var=[-1, -1, -1]), GPS(-43.520600, 172.583000, 26.420840, var=[1.0, 1.0, 1.0]), 0.02260180810826508, OFFBOARD
05:30:28:844587, [5, 5, 5, 5]5, [0.01810966 0.00920372 0.00522546], GPS(-43.520600, 172.583000, 0.005225, var=[0.038921065745202786, 0.03899158046568557, 0.010294146344768332]), GPS(-43.520600, 172.583000, 0.000000, var=[-1.0, -1.0, -1.0]), [-7.96168485e-02 -5.25884196e-04  2.63971752e+01], GPS(-43.520600, 172.583000, 15.005225, var=[-1, -1, -1]), GPS(-43.520600, 172.583000, 26.419840, var=[1.0, 1.0, 1.0]), 0.02097554702274176, OFFBOARD
05:30:29:918953, [5, 5, 5, 5]5, [0.01439553 0.00504552 0.00152183], GPS(-43.520600, 172.583000, 0.001522, var=[0.03984820102529145, 0.03990423155036451, 0.010579745923979901]), GPS(-43.520600, 172.583000, 0.000000, var=[-1.0, -1.0, -1.0]), [-7.04039874e-02  8.35334978e-03  2.64008942e+01], GPS(-43.520600, 172.583000, 15.001522, var=[-1, -1, -1]), GPS(-43.520600, 172.583000, 26.403840, var=[1.0, 1.0, 1.0]), 0.015329856171207502, OFFBOARD
05:30:30:294916, [5, 5, 5, 5]5, [ 0.01004235  0.00763318 -0.00168856], GPS(-43.520600, 172.583000, -0.001689, var=[0.03929537791104832, 0.039345799179555295, 0.01039692350750496]), GPS(-43.520600, 172.583000, 0.000000, var=[-1.0, -1.0, -1.0]), [-6.61834764e-02  1.38300880e-02  2.64015050e+01], GPS(-43.520600, 172.583000, 14.998311, var=[-1, -1, -1]), GPS(-43.520600, 172.583000, 26.397840, var=[1.0, 1.0, 1.0]), 0.012726569438051205, OFFBOARD
05:30:31:091097, [5, 5, 5, 5]5, [ 0.00592459  0.01119973 -0.006367  ], GPS(-43.520600, 172.583000, -0.006367, var=[0.040479916534674726, 0.04052299202436712, 0.010748985793318828]), GPS(-43.520600, 172.583000, 0.000000, var=[-1.0, -1.0, -1.0]), [-6.07049362e-02  2.28707209e-02  2.63995556e+01], GPS(-43.520600, 172.583000, 14.993633, var=[-1, -1, -1]), GPS(-43.520600, 172.583000, 26.383840, var=[1.0, 1.0, 1.0]), 0.014180032196395074, OFFBOARD
05:30:31:495766, [5, 5, 5, 5]5, [ 0.00255903  0.0137551  -0.0062562 ], GPS(-43.520600, 172.583000, -0.006256, var=[0.039774625671300044, 0.03981234119844955, 0.010516891925703035]), GPS(-43.520600, 172.583000, 0.000000, var=[-1.0, -1.0, -1.0]), [-0.05772127  0.02783674 26.39655697], GPS(-43.520600, 172.583000, 14.993744, var=[-1, -1, -1]), GPS(-43.520600, 172.583000, 26.384840, var=[1.0, 1.0, 1.0]), 0.015326167278240004, OFFBOARD
05:30:31:857377, [5, 5, 5, 5]5, [-0.00067861  0.01390527 -0.00752883], GPS(-43.520600, 172.583000, -0.007529, var=[0.04066644218855167, 0.04070134488532565, 0.010795206094914883]), GPS(-43.520600, 172.583000, 0.000000, var=[-1.0, -1.0, -1.0]), [-0.05655962  0.03068894 26.3954709 ], GPS(-43.520600, 172.583000, 14.992471, var=[-1, -1, -1]), GPS(-43.520600, 172.583000, 26.381840, var=[1.0, 1.0, 1.0]), 0.015827197212773293, OFFBOARD
05:30:32:254442, [5, 5, 5, 5]5, [-0.00749023  0.00666028 -0.00491668], GPS(-43.520600, 172.583000, -0.004917, var=[0.040417693547367246, 0.04044550234289632, 0.01069930582703548]), GPS(-43.520600, 172.583000, 0.000000, var=[-1.0, -1.0, -1.0]), [-0.05312959  0.03416079 26.39076982], GPS(-43.520600, 172.583000, 14.995083, var=[-1, -1, -1]), GPS(-43.520600, 172.583000, 26.369840, var=[1.0, 1.0, 1.0]), 0.011164079371504975, OFFBOARD
05:30:32:964544, [5, 5, 5, 5]5, [-0.01711654 -0.00189845 -0.00569393], GPS(-43.520600, 172.583000, -0.005694, var=[0.04113916931074089, 0.04115516798966163, 0.010918786990574615]), GPS(-43.520600, 172.583000, 0.000000, var=[-1.0, -1.0, -1.0]), [-0.04834983  0.03884259 26.38337928], GPS(-43.520600, 172.583000, 14.994306, var=[-1, -1, -1]), GPS(-43.520600, 172.583000, 26.352840, var=[1.0, 1.0, 1.0]), 0.018138385158146482, OFFBOARD
05:30:33:074283, [5, 5, 5, 5]5, [-0.01819895 -0.00319042 -0.00501735], GPS(-43.520600, 172.583000, -0.005017, var=[0.04076379067517957, 0.04077808681635152, 0.010794921016414782]), GPS(-43.520600, 172.583000, 0.000000, var=[-1.0, -1.0, -1.0]), [-0.04760906  0.03929796 26.38172366], GPS(-43.520600, 172.583000, 14.994983, var=[-1, -1, -1]), GPS(-43.520600, 172.583000, 26.349840, var=[1.0, 1.0, 1.0]), 0.019145607861232383, OFFBOARD
05:30:34:145357, [5, 5, 5, 5]5, [-0.03780945 -0.01534354 -0.00545699], GPS(-43.520600, 172.583000, -0.005457, var=[0.040377997776409096, 0.04037706639280978, 0.010667071054777977]), GPS(-43.520600, 172.583000, 0.000000, var=[-1.0, -1.0, -1.0]), [-0.04075345  0.04090056 26.36961112], GPS(-43.520600, 172.583000, 14.994543, var=[-1, -1, -1]), GPS(-43.520600, 172.583000, 26.363840, var=[1.0, 1.0, 1.0]), 0.04116743648603482, OFFBOARD
05:30:34:587927, [5, 5, 5, 5]5, [-0.04104685 -0.02113501 -0.00341583], GPS(-43.520600, 172.582999, -0.003416, var=[0.03937159123304263, 0.039366945062732125, 0.010349301402434584]), GPS(-43.520600, 172.583000, 0.000000, var=[-1.0, -1.0, -1.0]), [-0.03851468  0.03992613 26.36679135], GPS(-43.520600, 172.582999, 14.996584, var=[-1, -1, -1]), GPS(-43.520600, 172.583000, 26.370840, var=[1.0, 1.0, 1.0]), 0.046294709941224574, OFFBOARD
05:30:35:394739, [5, 5, 5, 5]5, [-0.04550334 -0.03649164  0.00125242], GPS(-43.520600, 172.582999, 0.001252, var=[0.03888568429342343, 0.03887712507754213, 0.0102088325790159]), GPS(-43.520600, 172.583000, 0.000000, var=[-1.0, -1.0, -1.0]), [-0.03783404  0.03697075 26.36402682], GPS(-43.520600, 172.582999, 15.001252, var=[-1, -1, -1]), GPS(-43.520600, 172.582999, 26.378839, var=[1.0, 1.0, 1.0]), 0.058341771184053925, OFFBOARD
05:30:35:518902, [5, 5, 5, 5]5, [-0.04531058 -0.03823676  0.001185  ], GPS(-43.520600, 172.582999, 0.001185, var=[0.03877653397105493, 0.038767882579033415, 0.010177407208691034]), GPS(-43.520600, 172.583000, 0.000000, var=[-1.0, -1.0, -1.0]), [-0.03803794  0.03648358 26.36414009], GPS(-43.520600, 172.582999, 15.001185, var=[-1, -1, -1]), GPS(-43.520600, 172.582999, 26.380839, var=[1.0, 1.0, 1.0]), 0.05930010670171005, OFFBOARD
05:30:36:348973, [5, 5, 5, 5]5, [-0.0391617  -0.043784    0.00147434], GPS(-43.520600, 172.583000, 0.001474, var=[0.039356551679093625, 0.039350397715729166, 0.010371400080318722]), GPS(-43.520600, 172.583000, 0.000000, var=[-1.0, -1.0, -1.0]), [-0.03768898  0.03183409 26.36429655], GPS(-43.520600, 172.583000, 15.001474, var=[-1, -1, -1]), GPS(-43.520600, 172.582999, 26.378839, var=[1.0, 1.0, 1.0]), 0.0587609670920833, OFFBOARD
05:30:36:671005, [5, 5, 5, 5]5, [-0.03587126 -0.03778702 -0.00240106], GPS(-43.520600, 172.583000, -0.002401, var=[0.038196540510794456, 0.038193122062480586, 0.010016165840286053]), GPS(-43.520600, 172.583000, 0.000000, var=[-1.0, -1.0, -1.0]), [-0.0378336   0.02697971 26.36718082], GPS(-43.520600, 172.583000, 14.997599, var=[-1, -1, -1]), GPS(-43.520600, 172.582999, 26.382839, var=[1.0, 1.0, 1.0]), 0.052157178617614326, OFFBOARD
05:30:37:644976, [5, 5, 5, 5]5, [-0.02620748 -0.0246072  -0.00423523], GPS(-43.520600, 172.583000, -0.004235, var=[0.0390793947371235, 0.03908021912681929, 0.010303495616187224]), GPS(-43.520600, 172.583000, 0.000000, var=[-1.0, -1.0, -1.0]), [-3.58884982e-02  1.61698459e-02  2.63693124e+01], GPS(-43.520600, 172.583000, 14.995765, var=[-1, -1, -1]), GPS(-43.520600, 172.583000, 26.377839, var=[1.0, 1.0, 1.0]), 0.036197842342063795, OFFBOARD
05:30:37:750888, [5, 5, 5, 5]5, [-0.02527311 -0.02213131 -0.00491384], GPS(-43.520600, 172.583000, -0.004914, var=[0.038887607135248504, 0.03888897771651517, 0.010244622313449412]), GPS(-43.520600, 172.583000, 0.000000, var=[-1.0, -1.0, -1.0]), [-3.54533322e-02  1.46321567e-02  2.63697101e+01], GPS(-43.520600, 172.583000, 14.995086, var=[-1, -1, -1]), GPS(-43.520600, 172.583000, 26.375839, var=[1.0, 1.0, 1.0]), 0.033951001932668805, OFFBOARD
05:30:38:420953, [5, 5, 5, 5]5, [-0.01843937 -0.00956058 -0.00689762], GPS(-43.520600, 172.583000, -0.006898, var=[0.040061966346863195, 0.04006345255914938, 0.010624359302015432]), GPS(-43.520600, 172.583000, 0.000000, var=[-1.0, -1.0, -1.0]), [-3.32715593e-02  7.84647906e-03  2.63703641e+01], GPS(-43.520600, 172.583000, 14.993102, var=[-1, -1, -1]), GPS(-43.520600, 172.583000, 26.379839, var=[1.0, 1.0, 1.0]), 0.021885894295017354, OFFBOARD
05:30:38:782059, [5, 5, 5, 5]5, [-0.01181073  0.0033289  -0.00627397], GPS(-43.520600, 172.583000, -0.006274, var=[0.03928528418186464, 0.039282915133200126, 0.01037398891509715]), GPS(-43.520600, 172.583000, 0.000000, var=[-1.0, -1.0, -1.0]), [-3.05459031e-02  4.50367081e-03  2.63710632e+01], GPS(-43.520600, 172.583000, 14.993726, var=[-1, -1, -1]), GPS(-43.520600, 172.583000, 26.379839, var=[1.0, 1.0, 1.0]), 0.01378178756876128, OFFBOARD
05:30:39:714270, [5, 5, 5, 5]5, [ 0.00301844  0.02340248 -0.00370948], GPS(-43.520600, 172.583000, -0.003709, var=[0.03961322882405721, 0.03959357218694467, 0.010484600187942488]), GPS(-43.520600, 172.583000, 0.000000, var=[-1.0, -1.0, -1.0]), [-2.25906784e-02  1.53048956e-03  2.63710860e+01], GPS(-43.520600, 172.583000, 14.996291, var=[-1, -1, -1]), GPS(-43.520600, 172.583000, 26.381840, var=[1.0, 1.0, 1.0]), 0.023886129192917094, OFFBOARD
05:30:40:066365, [5, 5, 5, 5]5, [ 0.00459365  0.02569336 -0.0010748 ], GPS(-43.520600, 172.583000, -0.001075, var=[0.038649977449884625, 0.03862077750758499, 0.010182326640210015]), GPS(-43.520600, 172.583000, 0.000000, var=[-1.0, -1.0, -1.0]), [-1.75842526e-02  2.03357279e-03  2.63710818e+01], GPS(-43.520600, 172.583000, 14.998925, var=[-1, -1, -1]), GPS(-43.520600, 172.583000, 26.383840, var=[1.0, 1.0, 1.0]), 0.026122889039067104, OFFBOARD
05:30:40:992340, [5, 5, 5, 5]5, [ 0.00328794  0.02795245 -0.00104335], GPS(-43.520600, 172.583000, -0.001043, var=[0.039626331274573136, 0.039575416756652895, 0.010489927537066273]), GPS(-43.520600, 172.583000, 0.000000, var=[-1.0, -1.0, -1.0]), [-5.47502339e-03  5.09627614e-03  2.63734796e+01], GPS(-43.520600, 172.583000, 14.998957, var=[-1, -1, -1]), GPS(-43.520600, 172.583001, 26.387840, var=[1.0, 1.0, 1.0]), 0.0281644902874093, OFFBOARD
05:30:41:405705, [5, 5, 5, 5]5, [ 0.00222599  0.02511367 -0.00105091], GPS(-43.520600, 172.583000, -0.001051, var=[0.03929656420615034, 0.0392342366091855, 0.010384217589636752]), GPS(-43.520600, 172.583000, 0.000000, var=[-1.0, -1.0, -1.0]), [2.98301666e-03 8.97112069e-03 2.63750474e+01], GPS(-43.520600, 172.583000, 14.998949, var=[-1, -1, -1]), GPS(-43.520600, 172.583001, 26.386840, var=[1.0, 1.0, 1.0]), 0.025234023382325454, OFFBOARD
05:30:41:862971, [5, 5, 5, 5]5, [ 0.00027754  0.02082947 -0.00157989], GPS(-43.520600, 172.583000, -0.001580, var=[0.03997853116769501, 0.03990165477007391, 0.01059474907379862]), GPS(-43.520600, 172.583000, 0.000000, var=[-1.0, -1.0, -1.0]), [1.19405640e-02 1.22663135e-02 2.63772593e+01], GPS(-43.520600, 172.583000, 14.998420, var=[-1, -1, -1]), GPS(-43.520600, 172.583001, 26.397840, var=[1.0, 1.0, 1.0]), 0.020891148012184935, OFFBOARD
05:30:42:294918, [5, 5, 5, 5]5, [-0.00072941  0.01781001 -0.00109896], GPS(-43.520600, 172.583000, -0.001099, var=[0.03908756525142322, 0.039001458740270396, 0.010312497352292579]), GPS(-43.520600, 172.583000, 0.000000, var=[-1.0, -1.0, -1.0]), [1.88208161e-02 1.46932367e-02 2.63799292e+01], GPS(-43.520600, 172.583000, 14.998901, var=[-1, -1, -1]), GPS(-43.520600, 172.583001, 26.401840, var=[1.0, 1.0, 1.0]), 0.017858785003924675, OFFBOARD
05:30:42:877303, [5, 5, 5, 5]5, [-0.00173622  0.01502338 -0.00098298], GPS(-43.520600, 172.583000, -0.000983, var=[0.04026966890109767, 0.04016935709568475, 0.010686585823773657]), GPS(-43.520600, 172.583000, 0.000000, var=[-1.0, -1.0, -1.0]), [2.54755382e-02 1.60129675e-02 2.63827768e+01], GPS(-43.520600, 172.583000, 14.999017, var=[-1, -1, -1]), GPS(-43.520600, 172.583000, 26.398840, var=[1.0, 1.0, 1.0]), 0.015155281283539311, OFFBOARD
05:30:43:138815, [5, 5, 5, 5]5, [-0.00116049  0.00952878 -0.00107653], GPS(-43.520600, 172.583000, -0.001077, var=[0.038951584468110714, 0.038846807641199035, 0.010260673794967912]), GPS(-43.520600, 172.583000, 0.000000, var=[-1.0, -1.0, -1.0]), [2.77050004e-02 1.55385823e-02 2.63851986e+01], GPS(-43.520600, 172.583000, 14.998923, var=[-1, -1, -1]), GPS(-43.520600, 172.583000, 26.400840, var=[1.0, 1.0, 1.0]), 0.009659358704909896, OFFBOARD
05:30:44:154805, [5, 5, 5, 5]5, [0.0034375  0.00197105 0.00067982], GPS(-43.520600, 172.583000, 0.000680, var=[0.039109901021840456, 0.03899716113083338, 0.010317269161125858]), GPS(-43.520600, 172.583000, 0.000000, var=[-1.0, -1.0, -1.0]), [3.03717580e-02 1.27468396e-02 2.63895385e+01], GPS(-43.520600, 172.583000, 15.000680, var=[-1, -1, -1]), GPS(-43.520600, 172.583000, 26.403839, var=[1.0, 1.0, 1.0]), 0.004020397156278043, OFFBOARD
05:30:44:560779, [5, 5, 5, 5]5, [ 0.00409718  0.00420377 -0.00049108], GPS(-43.520600, 172.583000, -0.000491, var=[0.03875174000388806, 0.0386406462250439, 0.010204406953150499]), GPS(-43.520600, 172.583000, 0.000000, var=[-1.0, -1.0, -1.0]), [2.82718345e-02 9.91880871e-03 2.63924692e+01], GPS(-43.520600, 172.583000, 14.999509, var=[-1, -1, -1]), GPS(-43.520600, 172.583000, 26.403839, var=[1.0, 1.0, 1.0]), 0.005890647341893976, OFFBOARD
05:30:45:107827, [5, 5, 5, 5]5, [ 0.00394124  0.00461157 -0.00163965], GPS(-43.520600, 172.583000, -0.001640, var=[0.039377184994182225, 0.03926657607253609, 0.01039815762479386]), GPS(-43.520600, 172.583000, 0.000000, var=[-1.0, -1.0, -1.0]), [2.58256035e-02 7.18197245e-03 2.63955037e+01], GPS(-43.520600, 172.583000, 14.998360, var=[-1, -1, -1]), GPS(-43.520600, 172.583000, 26.409839, var=[1.0, 1.0, 1.0]), 0.006283986871462788, OFFBOARD
05:30:45:561905, [5, 5, 5, 5]5, [ 0.00708063  0.005122   -0.00372256], GPS(-43.520600, 172.583000, -0.003723, var=[0.03944216720678251, 0.039334567006176865, 0.010415892935365567]), GPS(-43.520600, 172.583000, 0.000000, var=[-1.0, -1.0, -1.0]), [2.29925905e-02 4.62560033e-03 2.63995494e+01], GPS(-43.520600, 172.583000, 14.996277, var=[-1, -1, -1]), GPS(-43.520600, 172.583000, 26.413839, var=[1.0, 1.0, 1.0]), 0.009498824679476419, OFFBOARD
05:30:45:967174, [5, 5, 5, 5]5, [ 0.00732051  0.00310484 -0.00565751], GPS(-43.520600, 172.583000, -0.005658, var=[0.03984590072254184, 0.03974094450542818, 0.010542099532253603]), GPS(-43.520600, 172.583000, 0.000000, var=[-1.0, -1.0, -1.0]), [2.10492359e-02 2.78284808e-03 2.64031230e+01], GPS(-43.520600, 172.583000, 14.994342, var=[-1, -1, -1]), GPS(-43.520600, 172.583000, 26.417839, var=[1.0, 1.0, 1.0]), 0.009758962986238186, OFFBOARD
05:30:46:087480, [5, 5, 5, 5]5, [ 0.00846711  0.00278638 -0.00694329], GPS(-43.520600, 172.583000, -0.006943, var=[0.040153444409429466, 0.04004926230625782, 0.010636623943354663]), GPS(-43.520600, 172.583000, 0.000000, var=[-1.0, -1.0, -1.0]), [2.04599452e-02 2.16069699e-03 2.64047192e+01], GPS(-43.520600, 172.583000, 14.993057, var=[-1, -1, -1]), GPS(-43.520600, 172.583000, 26.416839, var=[1.0, 1.0, 1.0]), 0.011298894912577524, OFFBOARD
05:30:47:101624, [5, 5, 5, 5]5, [ 0.01447621 -0.00059899 -0.00896446], GPS(-43.520600, 172.583000, -0.008964, var=[0.04011983819095051, 0.04002878166589074, 0.010622899374282182]), GPS(-43.520600, 172.583000, 0.000000, var=[-1.0, -1.0, -1.0]), [ 1.80917561e-02 -2.45867188e-03  2.64134041e+01], GPS(-43.520600, 172.583000, 14.991036, var=[-1, -1, -1]), GPS(-43.520600, 172.583000, 26.431839, var=[1.0, 1.0, 1.0]), 0.01703763774669168, OFFBOARD
05:30:47:464576, [5, 5, 5, 5]5, [ 0.01600449  0.00233872 -0.0076311 ], GPS(-43.520600, 172.583000, -0.007631, var=[0.038986219134458384, 0.03890225260782749, 0.010260626579560376]), GPS(-43.520600, 172.583000, 0.000000, var=[-1.0, -1.0, -1.0]), [ 1.77972107e-02 -3.98631675e-03  2.64179093e+01], GPS(-43.520600, 172.583000, 14.992369, var=[-1, -1, -1]), GPS(-43.520600, 172.583000, 26.448839, var=[1.0, 1.0, 1.0]), 0.017884259239248527, OFFBOARD
05:30:48:091755, [5, 5, 5, 5]5, [ 0.01558411  0.00317518 -0.00600646], GPS(-43.520600, 172.583000, -0.006006, var=[0.039135798809410156, 0.039058547870170185, 0.010319758818659088]), GPS(-43.520600, 172.583000, 0.000000, var=[-1.0, -1.0, -1.0]), [ 1.88043212e-02 -6.00096701e-03  2.64255738e+01], GPS(-43.520600, 172.583000, 14.993994, var=[-1, -1, -1]), GPS(-43.520600, 172.583000, 26.457839, var=[1.0, 1.0, 1.0]), 0.017000698216524633, OFFBOARD
05:30:48:197636, [5, 5, 5, 5]5, [ 0.01677306  0.00247743 -0.00657715], GPS(-43.520600, 172.583000, -0.006577, var=[0.03935998245563899, 0.03928396245609366, 0.010389547342772278]), GPS(-43.520600, 172.583000, 0.000000, var=[-1.0, -1.0, -1.0]), [ 1.91040241e-02 -6.43164589e-03  2.64276722e+01], GPS(-43.520600, 172.583000, 14.993423, var=[-1, -1, -1]), GPS(-43.520600, 172.583000, 26.457839, var=[1.0, 1.0, 1.0]), 0.018186042316768607, OFFBOARD
05:30:49:467478, [5, 5, 5, 5]5, [ 0.03372817 -0.00256211  0.00086764], GPS(-43.520600, 172.583000, 0.000868, var=[0.03934194891334367, 0.03928452070959034, 0.010382608699829453]), GPS(-43.520600, 172.583000, 0.000000, var=[-1.0, -1.0, -1.0]), [ 1.69627499e-02 -6.41828542e-03  2.64421223e+01], GPS(-43.520600, 172.583000, 15.000868, var=[-1, -1, -1]), GPS(-43.520600, 172.583000, 26.464840, var=[1.0, 1.0, 1.0]), 0.03383646465049128, OFFBOARD
05:30:49:822592, [5, 5, 5, 5]5, [ 0.03785762  0.00699404 -0.00334119], GPS(-43.520600, 172.583000, -0.003341, var=[0.03860522417161324, 0.038554247076213646, 0.010154398268465325]), GPS(-43.520600, 172.583000, 0.000000, var=[-1.0, -1.0, -1.0]), [ 1.62526961e-02 -4.93989723e-03  2.64497212e+01], GPS(-43.520600, 172.583000, 14.996659, var=[-1, -1, -1]), GPS(-43.520600, 172.583000, 26.473840, var=[1.0, 1.0, 1.0]), 0.03864297374666123, OFFBOARD
05:30:50:398340, [5, 5, 5, 5]5, [ 0.04192937  0.0151428  -0.00390486], GPS(-43.520600, 172.583001, -0.003905, var=[0.039864562282338756, 0.039818895192301404, 0.010549115994984197]), GPS(-43.520600, 172.583000, 0.000000, var=[-1.0, -1.0, -1.0]), [ 1.62751295e-02 -2.49684308e-03  2.64575867e+01], GPS(-43.520600, 172.583001, 14.996095, var=[-1, -1, -1]), GPS(-43.520600, 172.583000, 26.476840, var=[1.0, 1.0, 1.0]), 0.044750693193572375, OFFBOARD
05:30:50:675354, [5, 5, 5, 5]5, [ 0.04677143  0.01566147 -0.00294944], GPS(-43.520600, 172.583001, -0.002949, var=[0.03846056582503334, 0.03842137645671867, 0.010104538384856166]), GPS(-43.520600, 172.583000, 0.000000, var=[-1.0, -1.0, -1.0]), [1.64609970e-02 1.02276593e-04 2.64615688e+01], GPS(-43.520600, 172.583001, 14.997051, var=[-1, -1, -1]), GPS(-43.520600, 172.583000, 26.470840, var=[1.0, 1.0, 1.0]), 0.04941201390399336, OFFBOARD
05:30:51:300177, [5, 5, 5, 5]5, [ 0.05080834  0.01535185 -0.00269506], GPS(-43.520600, 172.583001, -0.002695, var=[0.03988516816517898, 0.039853309837759296, 0.010560560086344362]), GPS(-43.520600, 172.583000, 0.000000, var=[-1.0, -1.0, -1.0]), [1.76025949e-02 3.33311424e-03 2.64672052e+01], GPS(-43.520600, 172.583001, 14.997305, var=[-1, -1, -1]), GPS(-43.520600, 172.583000, 26.474840, var=[1.0, 1.0, 1.0]), 0.05314537158310179, OFFBOARD
05:30:51:420206, [5, 5, 5, 5]5, [ 0.05103604  0.01624118 -0.00295808], GPS(-43.520600, 172.583001, -0.002958, var=[0.04027702111732098, 0.04024727751450715, 0.010679514163359017]), GPS(-43.520600, 172.583000, 0.000000, var=[-1.0, -1.0, -1.0]), [1.80625699e-02 4.58850692e-03 2.64687984e+01], GPS(-43.520600, 172.583001, 14.997042, var=[-1, -1, -1]), GPS(-43.520600, 172.583000, 26.473840, var=[1.0, 1.0, 1.0]), 0.05363957264930509, OFFBOARD
05:30:52:400206, [5, 5, 5, 5]5, [0.04977178 0.02012396 0.00033422], GPS(-43.520600, 172.583001, 0.000334, var=[0.040411473183016855, 0.04040402843717832, 0.010698689513515776]), GPS(-43.520600, 172.583000, 0.000000, var=[-1.0, -1.0, -1.0]), [2.17726842e-02 1.61998866e-02 2.64762588e+01], GPS(-43.520600, 172.583001, 15.000334, var=[-1, -1, -1]), GPS(-43.520599, 172.583000, 26.481840, var=[1.0, 1.0, 1.0]), 0.05368720385605839, OFFBOARD
05:30:52:526140, [5, 5, 5, 5]5, [0.04974303 0.02060975 0.00181468], GPS(-43.520600, 172.583001, 0.001815, var=[0.040888115046897607, 0.04088444993943434, 0.010845598007464957]), GPS(-43.520600, 172.583000, 0.000000, var=[-1.0, -1.0, -1.0]), [2.23988040e-02 1.80155352e-02 2.64770202e+01], GPS(-43.520600, 172.583001, 15.001815, var=[-1, -1, -1]), GPS(-43.520599, 172.583000, 26.481840, var=[1.0, 1.0, 1.0]), 0.053874150510133625, OFFBOARD
05:30:53:712682, [5, 5, 5, 5]5, [0.03403253 0.00841055 0.00601127], GPS(-43.520600, 172.583000, 0.006011, var=[0.0396707113642034, 0.039703792141343654, 0.010443126034296191]), GPS(-43.520600, 172.583000, 0.000000, var=[-1.0, -1.0, -1.0]), [ 0.02921342  0.03523786 26.48231681], GPS(-43.520600, 172.583000, 15.006011, var=[-1, -1, -1]), GPS(-43.520600, 172.583000, 26.473840, var=[1.0, 1.0, 1.0]), 0.03556804745572806, OFFBOARD
05:30:54:120235, [5, 5, 5, 5]5, [0.03008926 0.00709324 0.00877527], GPS(-43.520600, 172.583000, 0.008775, var=[0.038940253878998854, 0.03898322988935104, 0.010215430799213852]), GPS(-43.520600, 172.583000, 0.000000, var=[-1.0, -1.0, -1.0]), [ 0.03036145  0.03875023 26.48239505], GPS(-43.520600, 172.583000, 15.008775, var=[-1, -1, -1]), GPS(-43.520600, 172.583000, 26.479840, var=[1.0, 1.0, 1.0]), 0.03213538088828915, OFFBOARD
05:30:54:908552, [5, 5, 5, 5]5, [0.02377208 0.00711927 0.01095323], GPS(-43.520600, 172.583000, 0.010953, var=[0.039626593998646376, 0.039686376143206935, 0.010420525448117217]), GPS(-43.520600, 172.583000, 0.000000, var=[-1.0, -1.0, -1.0]), [ 0.03243671  0.04268357 26.48614401], GPS(-43.520600, 172.583000, 15.010953, var=[-1, -1, -1]), GPS(-43.520600, 172.583000, 26.484840, var=[1.0, 1.0, 1.0]), 0.02712506038677042, OFFBOARD
05:30:55:023826, [5, 5, 5, 5]5, [0.02296839 0.00730486 0.01111828], GPS(-43.520600, 172.583000, 0.011118, var=[0.0395700912138775, 0.0396319953513982, 0.010402175131536578]), GPS(-43.520600, 172.583000, 0.000000, var=[-1.0, -1.0, -1.0]), [ 0.03269957  0.04314973 26.4866502 ], GPS(-43.520600, 172.583000, 15.011118, var=[-1, -1, -1]), GPS(-43.520600, 172.583000, 26.482840, var=[1.0, 1.0, 1.0]), 0.026542871543438613, OFFBOARD
05:30:55:681394, [5, 5, 5, 5]5, [0.01612065 0.00448048 0.0103491 ], GPS(-43.520600, 172.583000, 0.010349, var=[0.0403524069155426, 0.040425256506852504, 0.010647652250298255]), GPS(-43.520600, 172.583000, 0.000000, var=[-1.0, -1.0, -1.0]), [ 0.03396826  0.04444145 26.48986301], GPS(-43.520600, 172.583000, 15.010349, var=[-1, -1, -1]), GPS(-43.520600, 172.583000, 26.477840, var=[1.0, 1.0, 1.0]), 0.019673679588991234, OFFBOARD
05:30:56:013095, [5, 5, 5, 5]5, [0.0132068  0.00462317 0.01007664], GPS(-43.520600, 172.583000, 0.010077, var=[0.039349975684538616, 0.03942525987276786, 0.01032295853600131]), GPS(-43.520600, 172.583000, 0.000000, var=[-1.0, -1.0, -1.0]), [ 0.03289624  0.04434037 26.49022481], GPS(-43.520600, 172.583000, 15.010077, var=[-1, -1, -1]), GPS(-43.520600, 172.583000, 26.476840, var=[1.0, 1.0, 1.0]), 0.017243321551858738, OFFBOARD
05:30:57:003687, [5, 5, 5, 5]5, [0.00393882 0.00501735 0.00984888], GPS(-43.520600, 172.583000, 0.009849, var=[0.03948754475373833, 0.03956748713244869, 0.010363466607687027]), GPS(-43.520600, 172.583000, 0.000000, var=[-1.0, -1.0, -1.0]), [ 0.02855215  0.04228704 26.49007419], GPS(-43.520600, 172.583000, 15.009849, var=[-1, -1, -1]), GPS(-43.520600, 172.583000, 26.463840, var=[1.0, 1.0, 1.0]), 0.01173407055161069, OFFBOARD
05:30:57:471310, [5, 5, 5, 5]5, [0.00122166 0.00524423 0.00956169], GPS(-43.520600, 172.583000, 0.009562, var=[0.03897843214891092, 0.03905717506964227, 0.01020504815250648]), GPS(-43.520600, 172.583000, 0.000000, var=[-1.0, -1.0, -1.0]), [2.50728461e-02 4.07038655e-02 2.64876750e+01], GPS(-43.520600, 172.583000, 15.009562, var=[-1, -1, -1]), GPS(-43.520600, 172.583000, 26.451840, var=[1.0, 1.0, 1.0]), 0.010973618608351894, OFFBOARD
05:30:58:038191, [5, 5, 5, 5]5, [-0.00254752  0.0027553   0.00926123], GPS(-43.520600, 172.583000, 0.009261, var=[0.040367489064997805, 0.040447574201790105, 0.010634876100432792]), GPS(-43.520600, 172.583000, 0.000000, var=[-1.0, -1.0, -1.0]), [2.16282728e-02 3.82948215e-02 2.64854951e+01], GPS(-43.520600, 172.583000, 15.009261, var=[-1, -1, -1]), GPS(-43.520600, 172.583000, 26.449839, var=[1.0, 1.0, 1.0]), 0.009992599595849562, OFFBOARD
05:30:58:365463, [5, 5, 5, 5]5, [-0.00611807  0.00340052  0.00938335], GPS(-43.520600, 172.583000, 0.009383, var=[0.03926526932817094, 0.03934228766342495, 0.0102863730940798]), GPS(-43.520600, 172.583000, 0.000000, var=[-1.0, -1.0, -1.0]), [1.82807580e-02 3.57407913e-02 2.64814057e+01], GPS(-43.520600, 172.583000, 15.009383, var=[-1, -1, -1]), GPS(-43.520600, 172.583000, 26.444840, var=[1.0, 1.0, 1.0]), 0.011706476435579339, OFFBOARD
05:30:59:285929, [5, 5, 5, 5]5, [-0.01194434  0.00370246  0.00940461], GPS(-43.520600, 172.583000, 0.009405, var=[0.039937082360225064, 0.04001311024447414, 0.01050049922183697]), GPS(-43.520600, 172.583000, 0.000000, var=[-1.0, -1.0, -1.0]), [1.14925271e-02 3.20253592e-02 2.64757189e+01], GPS(-43.520600, 172.583000, 15.009405, var=[-1, -1, -1]), GPS(-43.520600, 172.583000, 26.447840, var=[1.0, 1.0, 1.0]), 0.01564679872679132, OFFBOARD
05:30:59:695288, [5, 5, 5, 5]5, [-0.01400889 -0.00106159  0.01344199], GPS(-43.520600, 172.583000, 0.013442, var=[0.039490201391744716, 0.039563748013926994, 0.010362844083620133]), GPS(-43.520600, 172.583000, 0.000000, var=[-1.0, -1.0, -1.0]), [7.21639878e-03 2.99333052e-02 2.64708020e+01], GPS(-43.520600, 172.583000, 15.013442, var=[-1, -1, -1]), GPS(-43.520600, 172.583000, 26.446839, var=[1.0, 1.0, 1.0]), 0.019443845208530826, OFFBOARD
05:31:00:406874, [5, 5, 5, 5]5, [-0.01484309 -0.00510104  0.01644654], GPS(-43.520600, 172.583000, 0.016447, var=[0.03999728479385496, 0.04006712688819445, 0.010526457445610407]), GPS(-43.520600, 172.583000, 0.000000, var=[-1.0, -1.0, -1.0]), [7.46566878e-04 2.41048790e-02 2.64652366e+01], GPS(-43.520600, 172.583000, 15.016447, var=[-1, -1, -1]), GPS(-43.520600, 172.583000, 26.443839, var=[1.0, 1.0, 1.0]), 0.02273381626843646, OFFBOARD
STOP: 10/01/2021 05:31:01:230195
