START: 09/15/2021 09:20:14:196937
TIME,            RX_ID,          STATE,          TIMESTAMP,          SEQ_NO,          RX_COORDS,          RANGE_READING,          TARGET_COORDS,          
09:20:25:885558, 1, 1, 1631654425.8430915, 0, GPS(-43.520554, 172.582938, 21.377900, var=[1.0, 1.0, 1.0]), 37.54943601159584, GPS(-43.520600, 172.583000, 0.000000, var=[-1.0, -1.0, -1.0])
09:20:25:885774, 3, 1, 1631654425.879317, 0, GPS(-43.520644, 172.582938, 21.394756, var=[1.0, 1.0, 1.0]), 37.51699577760766, GPS(-43.520600, 172.583000, 0.000000, var=[-1.0, -1.0, -1.0])
09:20:25:885993, 4, 1, 1631654425.8606508, 0, GPS(-43.520645, 172.583062, 21.414781, var=[1.0, 1.0, 1.0]), 37.54818676627875, GPS(-43.520600, 172.583000, 0.000000, var=[-1.0, -1.0, -1.0])
09:20:25:886092, 2, 1, 1631654425.8713977, 0, GPS(-43.520554, 172.583063, 21.392926, var=[1.0, 1.0, 1.0]), 37.5806165752833, GPS(-43.520600, 172.583000, 0.000000, var=[-1.0, -1.0, -1.0])
09:20:26:847048, 1, 1, 1631654426.8445272, 1, GPS(-43.520554, 172.582938, 21.401900, var=[1.0, 1.0, 1.0]), 48.942109150944276, GPS(-43.520600, 172.583000, 0.000000, var=[-1.0, -1.0, -1.0])
09:20:26:864462, 4, 1, 1631654426.8619716, 1, GPS(-43.520645, 172.583062, 21.440781, var=[1.0, 1.0, 1.0]), 48.94139772885376, GPS(-43.520600, 172.583000, 0.000000, var=[-1.0, -1.0, -1.0])
09:20:26:874858, 2, 1, 1631654426.872935, 1, GPS(-43.520554, 172.583063, 21.402926, var=[1.0, 1.0, 1.0]), 48.9549003169961, GPS(-43.520600, 172.583000, 0.000000, var=[-1.0, -1.0, -1.0])
09:20:26:882658, 3, 1, 1631654426.8804588, 1, GPS(-43.520644, 172.582938, 21.399756, var=[1.0, 1.0, 1.0]), 48.89208488717853, GPS(-43.520600, 172.583000, 0.000000, var=[-1.0, -1.0, -1.0])
09:20:27:848654, 1, 1, 1631654427.8464046, 2, GPS(-43.520553, 172.582938, 21.416901, var=[1.0, 1.0, 1.0]), 48.973616013166534, GPS(-43.520600, 172.583000, 0.000000, var=[-1.0, -1.0, -1.0])
09:20:27:865031, 4, 1, 1631654427.8631403, 2, GPS(-43.520644, 172.583062, 21.436782, var=[1.0, 1.0, 1.0]), 48.94914593814837, GPS(-43.520600, 172.583000, 0.000000, var=[-1.0, -1.0, -1.0])
09:20:27:876580, 2, 1, 1631654427.8748825, 2, GPS(-43.520554, 172.583063, 21.414926, var=[1.0, 1.0, 1.0]), 48.982787326170865, GPS(-43.520600, 172.583000, 0.000000, var=[-1.0, -1.0, -1.0])
09:20:27:883736, 3, 1, 1631654427.8819282, 2, GPS(-43.520644, 172.582937, 21.407756, var=[1.0, 1.0, 1.0]), 48.91486527089379, GPS(-43.520600, 172.583000, 0.000000, var=[-1.0, -1.0, -1.0])
09:20:28:849102, 1, 1, 1631654428.8468933, 3, GPS(-43.520553, 172.582938, 21.437901, var=[1.0, 1.0, 1.0]), 49.01052563243066, GPS(-43.520600, 172.583000, 0.000000, var=[-1.0, -1.0, -1.0])
09:20:28:867188, 4, 1, 1631654428.864655, 3, GPS(-43.520644, 172.583062, 21.427782, var=[1.0, 1.0, 1.0]), 48.95759379682865, GPS(-43.520600, 172.583000, 0.000000, var=[-1.0, -1.0, -1.0])
09:20:28:878579, 2, 1, 1631654428.8764703, 3, GPS(-43.520554, 172.583063, 21.413927, var=[1.0, 1.0, 1.0]), 48.99957143877412, GPS(-43.520600, 172.583000, 0.000000, var=[-1.0, -1.0, -1.0])
09:20:28:884587, 3, 1, 1631654428.8822083, 3, GPS(-43.520644, 172.582938, 21.418756, var=[1.0, 1.0, 1.0]), 48.93630434037539, GPS(-43.520600, 172.583000, 0.000000, var=[-1.0, -1.0, -1.0])
09:20:29:849000, 1, 1, 1631654429.847054, 4, GPS(-43.520554, 172.582938, 21.428900, var=[1.0, 1.0, 1.0]), 49.008759051393625, GPS(-43.520600, 172.583000, 0.000000, var=[-1.0, -1.0, -1.0])
09:20:29:867461, 4, 1, 1631654429.8654914, 4, GPS(-43.520645, 172.583062, 21.431781, var=[1.0, 1.0, 1.0]), 48.97633644277146, GPS(-43.520600, 172.583000, 0.000000, var=[-1.0, -1.0, -1.0])
09:20:29:879939, 2, 1, 1631654429.8776677, 4, GPS(-43.520554, 172.583063, 21.411926, var=[1.0, 1.0, 1.0]), 49.00700796112987, GPS(-43.520600, 172.583000, 0.000000, var=[-1.0, -1.0, -1.0])
09:20:29:885387, 3, 1, 1631654429.8837142, 4, GPS(-43.520644, 172.582938, 21.409756, var=[1.0, 1.0, 1.0]), 48.937815655006474, GPS(-43.520600, 172.583000, 0.000000, var=[-1.0, -1.0, -1.0])
09:20:30:849224, 1, 1, 1631654430.847865, 5, GPS(-43.520554, 172.582938, 21.423900, var=[1.0, 1.0, 1.0]), 49.00024296758664, GPS(-43.520600, 172.583000, 0.000000, var=[-1.0, -1.0, -1.0])
09:20:30:868240, 4, 1, 1631654430.8670099, 5, GPS(-43.520645, 172.583062, 21.438781, var=[1.0, 1.0, 1.0]), 48.979959312804354, GPS(-43.520600, 172.583000, 0.000000, var=[-1.0, -1.0, -1.0])
09:20:30:881126, 2, 1, 1631654430.879218, 5, GPS(-43.520554, 172.583063, 21.406926, var=[1.0, 1.0, 1.0]), 48.992382229881144, GPS(-43.520600, 172.583000, 0.000000, var=[-1.0, -1.0, -1.0])
09:20:30:887591, 3, 1, 1631654430.8856018, 5, GPS(-43.520644, 172.582938, 21.407756, var=[1.0, 1.0, 1.0]), 48.93950981707797, GPS(-43.520600, 172.583000, 0.000000, var=[-1.0, -1.0, -1.0])
09:20:31:850115, 1, 1, 1631654431.8479536, 6, GPS(-43.520554, 172.582938, 21.413900, var=[1.0, 1.0, 1.0]), 48.99168764020017, GPS(-43.520600, 172.583000, 0.000000, var=[-1.0, -1.0, -1.0])
09:20:31:870164, 4, 1, 1631654431.868557, 6, GPS(-43.520645, 172.583062, 21.436781, var=[1.0, 1.0, 1.0]), 48.97964012205023, GPS(-43.520600, 172.583000, 0.000000, var=[-1.0, -1.0, -1.0])
09:20:31:882273, 2, 1, 1631654431.8800488, 6, GPS(-43.520554, 172.583063, 21.417926, var=[1.0, 1.0, 1.0]), 49.003737175328546, GPS(-43.520600, 172.583000, 0.000000, var=[-1.0, -1.0, -1.0])
09:20:31:888766, 3, 1, 1631654431.8869255, 6, GPS(-43.520644, 172.582938, 21.411756, var=[1.0, 1.0, 1.0]), 48.94727545844886, GPS(-43.520600, 172.583000, 0.000000, var=[-1.0, -1.0, -1.0])
09:20:32:850393, 1, 1, 1631654432.8493664, 7, GPS(-43.520554, 172.582938, 21.417900, var=[1.0, 1.0, 1.0]), 49.002721224270765, GPS(-43.520600, 172.583000, 0.000000, var=[-1.0, -1.0, -1.0])
09:20:32:871004, 4, 1, 1631654432.869893, 7, GPS(-43.520645, 172.583062, 21.440781, var=[1.0, 1.0, 1.0]), 48.99208129404245, GPS(-43.520600, 172.583000, 0.000000, var=[-1.0, -1.0, -1.0])
09:20:32:882106, 2, 1, 1631654432.8810833, 7, GPS(-43.520554, 172.583062, 21.415926, var=[1.0, 1.0, 1.0]), 49.00622476963813, GPS(-43.520600, 172.583000, 0.000000, var=[-1.0, -1.0, -1.0])
09:20:32:888804, 3, 1, 1631654432.8877552, 7, GPS(-43.520644, 172.582938, 21.412756, var=[1.0, 1.0, 1.0]), 48.9562064559986, GPS(-43.520600, 172.583000, 0.000000, var=[-1.0, -1.0, -1.0])
STOP: 09/15/2021 09:22:01:059344
