START: 09/01/2021 17:10:11:985709
TIME,            RX_ID,          STATE,          TIMESTAMP,          SEQ_NO,          RX_COORDS,          RANGE_READING,          TARGET_COORDS,          
17:10:36:679543, 3, 1, 1630473036.6583061, 0, GPS(-43.520645, 172.582938, 21.565755, var=[1.0, 1.0, 1.0]), 37.69405374406712, GPS(-43.520600, 172.583000, 0.000000, var=[-1.0, -1.0, -1.0])
17:10:47:039733, 4, 1, 1630473036.6762261, 0, GPS(-43.520645, 172.583062, 21.563781, var=[1.0, 1.0, 1.0]), 37.683287480021846, GPS(-43.520600, 172.583000, 0.000000, var=[-1.0, -1.0, -1.0])
17:10:48:286873, 1, 1, 1630473036.667803, 0, GPS(-43.520555, 172.582938, 21.566899, var=[1.0, 1.0, 1.0]), 37.718361247019104, GPS(-43.520600, 172.583000, 0.000000, var=[-1.0, -1.0, -1.0])
17:10:48:287835, 2, 1, 1630473036.6700437, 0, GPS(-43.520555, 172.583062, 21.561925, var=[1.0, 1.0, 1.0]), 37.70295480942781, GPS(-43.520600, 172.583000, 0.000000, var=[-1.0, -1.0, -1.0])
17:10:48:288949, 3, 2, 1630473047.4236288, 1, GPS(-43.520645, 172.582938, 21.577755, var=[1.0, 1.0, 1.0]), 37.703026033825566, GPS(-43.520600, 172.583000, 0.000000, var=[-1.0, -1.0, -1.0])
17:10:48:289667, 4, 2, 1630473045.5448463, 1, GPS(-43.520645, 172.583062, 21.572781, var=[1.0, 1.0, 1.0]), 37.69053034952145, GPS(-43.520600, 172.583000, 0.000000, var=[-1.0, -1.0, -1.0])
17:10:48:290331, 1, 2, 1630473047.6483612, 1, GPS(-43.520554, 172.582937, 21.571899, var=[1.0, 1.0, 1.0]), 37.72737572976321, GPS(-43.520600, 172.583000, 0.000000, var=[-1.0, -1.0, -1.0])
17:10:48:290964, 2, 2, 1630473047.863682, 1, GPS(-43.520554, 172.583062, 21.567925, var=[1.0, 1.0, 1.0]), 37.711133436773025, GPS(-43.520600, 172.583000, 0.000000, var=[-1.0, -1.0, -1.0])
17:10:48:291669, 4, 3, 1630473048.0709069, 2, GPS(-43.520645, 172.583062, 21.563781, var=[1.0, 1.0, 1.0]), 37.67312243860505, GPS(-43.520600, 172.583000, 0.000000, var=[-1.0, -1.0, -1.0])
17:10:48:292478, 4, 3, 1630473048.0710487, 3, GPS(-43.520645, 172.583062, 21.563781, var=[1.0, 1.0, 1.0]), 37.53218737850892, GPS(-43.520600, 172.583010, 0.000000, var=[-1.0, -1.0, -1.0])
17:10:48:293427, 4, 3, 1630473048.0711236, 4, GPS(-43.520645, 172.583062, 21.563781, var=[1.0, 1.0, 1.0]), 37.53218737850892, GPS(-43.520600, 172.583010, 0.000000, var=[-1.0, -1.0, -1.0])
17:10:48:294235, 4, 3, 1630473048.0711896, 5, GPS(-43.520645, 172.583062, 21.563781, var=[1.0, 1.0, 1.0]), 37.46226709959263, GPS(-43.520600, 172.583020, 0.000000, var=[-1.0, -1.0, -1.0])
17:10:48:295066, 4, 3, 1630473048.0712602, 6, GPS(-43.520645, 172.583062, 21.563781, var=[1.0, 1.0, 1.0]), 37.46331613646545, GPS(-43.520600, 172.583030, 0.000000, var=[-1.0, -1.0, -1.0])
17:10:48:295840, 4, 3, 1630473048.0713232, 7, GPS(-43.520645, 172.583062, 21.563781, var=[1.0, 1.0, 1.0]), 37.487935428428045, GPS(-43.520602, 172.583040, 0.000000, var=[-1.0, -1.0, -1.0])
17:10:48:297004, 4, 3, 1630473048.071393, 8, GPS(-43.520645, 172.583062, 21.563781, var=[1.0, 1.0, 1.0]), 37.8854052387037, GPS(-43.520600, 172.583060, 0.000000, var=[-1.0, -1.0, -1.0])
17:10:48:297718, 4, 3, 1630473048.0714545, 9, GPS(-43.520645, 172.583062, 21.563781, var=[1.0, 1.0, 1.0]), 38.16156630935248, GPS(-43.520600, 172.583070, 0.000000, var=[-1.0, -1.0, -1.0])
17:10:48:540919, 4, 3, 1630473048.5408037, 10, GPS(-43.520645, 172.583062, 21.558781, var=[1.0, 1.0, 1.0]), 49.467278797845495, GPS(-43.520605, 172.583080, 0.000000, var=[-1.0, -1.0, -1.0])
17:10:49:541687, 4, 3, 1630473049.5415661, 11, GPS(-43.520646, 172.583063, 21.612780, var=[1.0, 1.0, 1.0]), 49.71183284771341, GPS(-43.520610, 172.583090, 0.000000, var=[-1.0, -1.0, -1.0])
17:10:50:542491, 4, 3, 1630473050.5423198, 12, GPS(-43.520668, 172.583096, 21.588751, var=[1.0, 1.0, 1.0]), 50.38219879717683, GPS(-43.520610, 172.583100, 0.000000, var=[-1.0, -1.0, -1.0])
17:10:51:542765, 4, 4, 1630473051.542651, 13, GPS(-43.520687, 172.583123, 21.519727, var=[1.0, 1.0, 1.0]), 51.278184934079974, GPS(-43.520610, 172.583110, 0.000000, var=[-1.0, -1.0, -1.0])
17:10:52:543770, 4, 4, 1630473052.5436623, 14, GPS(-43.520693, 172.583128, 21.522717, var=[1.0, 1.0, 1.0]), 51.53711825354914, GPS(-43.520611, 172.583110, 0.000000, var=[-1.0, -1.0, -1.0])
17:10:53:544813, 4, 4, 1630473053.5446243, 15, GPS(-43.520693, 172.583125, 21.522717, var=[1.0, 1.0, 1.0]), 51.79417578846809, GPS(-43.520610, 172.583120, 0.000000, var=[-1.0, -1.0, -1.0])
17:10:54:545000, 4, 4, 1630473054.5448515, 16, GPS(-43.520691, 172.583123, 21.533719, var=[1.0, 1.0, 1.0]), 52.023308943518856, GPS(-43.520610, 172.583130, 0.000000, var=[-1.0, -1.0, -1.0])
17:10:55:545998, 4, 4, 1630473055.5457878, 17, GPS(-43.520690, 172.583123, 21.537721, var=[1.0, 1.0, 1.0]), 52.31915744163105, GPS(-43.520610, 172.583140, 0.000000, var=[-1.0, -1.0, -1.0])
17:10:56:546902, 4, 4, 1630473056.5467436, 18, GPS(-43.520690, 172.583123, 21.543721, var=[1.0, 1.0, 1.0]), 52.553093407766255, GPS(-43.520614, 172.583150, 0.000000, var=[-1.0, -1.0, -1.0])
17:10:57:547964, 4, 4, 1630473057.547806, 19, GPS(-43.520690, 172.583124, 21.550721, var=[1.0, 1.0, 1.0]), 53.1333356531136, GPS(-43.520610, 172.583160, 0.000000, var=[-1.0, -1.0, -1.0])
17:10:58:549536, 4, 4, 1630473058.5490994, 20, GPS(-43.520690, 172.583124, 21.550721, var=[1.0, 1.0, 1.0]), 53.600332922566665, GPS(-43.520610, 172.583170, 0.000000, var=[-1.0, -1.0, -1.0])
17:10:59:549173, 4, 4, 1630473059.5490196, 21, GPS(-43.520690, 172.583124, 21.540721, var=[1.0, 1.0, 1.0]), 53.591207333760906, GPS(-43.520610, 172.583170, 0.000000, var=[-1.0, -1.0, -1.0])
17:11:00:549515, 4, 4, 1630473060.549304, 22, GPS(-43.520690, 172.583124, 21.535721, var=[1.0, 1.0, 1.0]), 54.10128074231324, GPS(-43.520610, 172.583180, 0.000000, var=[-1.0, -1.0, -1.0])
17:11:01:550409, 4, 4, 1630473061.55026, 23, GPS(-43.520690, 172.583124, 21.510722, var=[1.0, 1.0, 1.0]), 54.079047082956684, GPS(-43.520610, 172.583180, 0.000000, var=[-1.0, -1.0, -1.0])
17:11:02:550858, 4, 4, 1630473062.5507462, 24, GPS(-43.520690, 172.583123, 21.481722, var=[1.0, 1.0, 1.0]), 54.28694229803728, GPS(-43.520620, 172.583190, 0.000000, var=[-1.0, -1.0, -1.0])
17:11:03:551866, 4, 4, 1630473063.5516632, 25, GPS(-43.520690, 172.583123, 21.460722, var=[1.0, 1.0, 1.0]), 55.437940963727, GPS(-43.520623, 172.583210, 0.000000, var=[-1.0, -1.0, -1.0])
17:11:04:552309, 4, 4, 1630473064.552194, 26, GPS(-43.520690, 172.583123, 21.445722, var=[1.0, 1.0, 1.0]), 56.182538008675294, GPS(-43.520620, 172.583220, 0.000000, var=[-1.0, -1.0, -1.0])
17:11:05:552903, 4, 4, 1630473065.5527909, 27, GPS(-43.520690, 172.583124, 21.438722, var=[1.0, 1.0, 1.0]), 56.892557399256084, GPS(-43.520620, 172.583230, 0.000000, var=[-1.0, -1.0, -1.0])
17:11:06:553642, 4, 4, 1630473066.5534773, 28, GPS(-43.520690, 172.583124, 21.432722, var=[1.0, 1.0, 1.0]), 57.65315266479931, GPS(-43.520620, 172.583240, 0.000000, var=[-1.0, -1.0, -1.0])
17:11:07:554930, 4, 4, 1630473067.5547948, 29, GPS(-43.520690, 172.583124, 21.435722, var=[1.0, 1.0, 1.0]), 57.72627406690084, GPS(-43.520628, 172.583243, 0.000000, var=[-1.0, -1.0, -1.0])
17:11:08:555133, 4, 4, 1630473068.5549402, 30, GPS(-43.520690, 172.583124, 21.418722, var=[1.0, 1.0, 1.0]), 57.70193091946598, GPS(-43.520628, 172.583243, 0.000000, var=[-1.0, -1.0, -1.0])
17:11:09:896221, 4, 4, 1630473069.895956, 31, GPS(-43.520690, 172.583124, 21.414722, var=[1.0, 1.0, 1.0]), 57.69525594434427, GPS(-43.520628, 172.583243, 0.000000, var=[-1.0, -1.0, -1.0])
STOP: 09/01/2021 17:11:09:898569
