START: 09/16/2021 21:46:12:309187
TIME,            RX_ID,          STATE,          TIMESTAMP,          SEQ_NO,          RX_COORDS,          RANGE_READING,          TARGET_COORDS,          
21:46:27:938585, 3, 1, 1631785587.9154484, 0, GPS(-43.520643, 172.582937, 21.445758, var=[1.0, 1.0, 1.0]), 37.545585501456955, GPS(-43.520600, 172.583000, 0.000000, var=[-1.0, -1.0, -1.0])
21:46:27:939533, 1, 1, 1631785587.930843, 0, GPS(-43.520556, 172.582940, 21.601898, var=[1.0, 1.0, 1.0]), 37.68706877712478, GPS(-43.520600, 172.583000, 0.000000, var=[-1.0, -1.0, -1.0])
21:46:27:948503, 2, 1, 1631785587.9462736, 0, GPS(-43.520554, 172.583062, 21.556925, var=[1.0, 1.0, 1.0]), 37.69786833526899, GPS(-43.520600, 172.583000, 0.000000, var=[-1.0, -1.0, -1.0])
21:46:27:963159, 4, 1, 1631785587.9608471, 0, GPS(-43.520643, 172.583062, 21.430783, var=[1.0, 1.0, 1.0]), 37.52667397522584, GPS(-43.520600, 172.583000, 0.000000, var=[-1.0, -1.0, -1.0])
21:46:28:919679, 3, 1, 1631785588.9170148, 1, GPS(-43.520643, 172.582936, 21.444758, var=[1.0, 1.0, 1.0]), 49.12731930477962, GPS(-43.520600, 172.583000, 0.000000, var=[-1.0, -1.0, -1.0])
21:46:28:933964, 1, 1, 1631785588.9318566, 1, GPS(-43.520556, 172.582939, 21.587898, var=[1.0, 1.0, 1.0]), 49.25866061682781, GPS(-43.520600, 172.583000, 0.000000, var=[-1.0, -1.0, -1.0])
21:46:28:950480, 2, 1, 1631785588.9462988, 1, GPS(-43.520554, 172.583062, 21.548925, var=[1.0, 1.0, 1.0]), 49.27179240267265, GPS(-43.520600, 172.583000, 0.000000, var=[-1.0, -1.0, -1.0])
21:46:28:964106, 4, 1, 1631785588.961993, 1, GPS(-43.520643, 172.583062, 21.424783, var=[1.0, 1.0, 1.0]), 49.09999472925731, GPS(-43.520600, 172.583000, 0.000000, var=[-1.0, -1.0, -1.0])
21:46:29:261614, 2, 1, 1631785589.2587392, 0, GPS(-43.520554, 172.583062, 21.543925, var=[1.0, 1.0, 1.0]), 49.265028651979534, GPS(-43.520600, 172.583000, 0.000000, var=[-1.0, -1.0, -1.0])
STOP: 09/16/2021 21:46:29:263223
