START: 09/17/2021 10:12:02:707095
TIME,            RX_ID,          STATE,          TIMESTAMP,          SEQ_NO,          RX_COORDS,          RANGE_READING,          TARGET_COORDS,          
10:12:30:332852, 1, 1, 1631830350.3084211, 0, GPS(-43.520555, 172.582937, 21.557899, var=[1.0, 1.0, 1.0]), 37.711608146060875, GPS(-43.520600, 172.583000, 0.000000, var=[-1.0, -1.0, -1.0])
10:12:30:354265, 4, 1, 1631830350.3540795, 0, GPS(-43.520645, 172.583062, 21.564781, var=[1.0, 1.0, 1.0]), 37.68423812833933, GPS(-43.520600, 172.583000, 0.000000, var=[-1.0, -1.0, -1.0])
10:12:30:442916, 2, 1, 1631830350.442723, 0, GPS(-43.520555, 172.583062, 21.562925, var=[1.0, 1.0, 1.0]), 37.697889113622615, GPS(-43.520600, 172.583000, 0.000000, var=[-1.0, -1.0, -1.0])
10:12:30:450593, 3, 1, 1631830350.4504614, 0, GPS(-43.520645, 172.582938, 21.571755, var=[1.0, 1.0, 1.0]), 37.70089786044993, GPS(-43.520600, 172.583000, 0.000000, var=[-1.0, -1.0, -1.0])
10:12:31:144231, 1, 1, 1631830351.1440709, 1, GPS(-43.520555, 172.582937, 21.558899, var=[1.0, 1.0, 1.0]), 49.3320346364978, GPS(-43.520600, 172.583000, 0.000000, var=[-1.0, -1.0, -1.0])
10:12:31:144292, 4, 1, 1631830351.1440825, 1, GPS(-43.520645, 172.583062, 21.565781, var=[1.0, 1.0, 1.0]), 49.29864334880962, GPS(-43.520600, 172.583000, 0.000000, var=[-1.0, -1.0, -1.0])
10:12:31:144326, 3, 1, 1631830351.1440969, 1, GPS(-43.520645, 172.582937, 21.564755, var=[1.0, 1.0, 1.0]), 49.31192608055933, GPS(-43.520600, 172.583000, 0.000000, var=[-1.0, -1.0, -1.0])
10:12:31:144356, 2, 1, 1631830351.1440923, 1, GPS(-43.520555, 172.583062, 21.556925, var=[1.0, 1.0, 1.0]), 49.31055380933806, GPS(-43.520600, 172.583000, 0.000000, var=[-1.0, -1.0, -1.0])
10:12:32:144645, 1, 1, 1631830352.144514, 2, GPS(-43.520555, 172.582937, 21.560899, var=[1.0, 1.0, 1.0]), 49.3414673580305, GPS(-43.520600, 172.583000, 0.000000, var=[-1.0, -1.0, -1.0])
10:12:32:144850, 3, 1, 1631830352.144738, 2, GPS(-43.520645, 172.582938, 21.570755, var=[1.0, 1.0, 1.0]), 49.32827598797976, GPS(-43.520600, 172.583000, 0.000000, var=[-1.0, -1.0, -1.0])
10:12:32:145260, 2, 1, 1631830352.1450343, 2, GPS(-43.520555, 172.583062, 21.553925, var=[1.0, 1.0, 1.0]), 49.31771273330625, GPS(-43.520600, 172.583000, 0.000000, var=[-1.0, -1.0, -1.0])
10:12:32:145679, 1, 1, 1631830352.145584, 3, GPS(-43.520555, 172.582937, 21.560899, var=[1.0, 1.0, 1.0]), 49.3414673580305, GPS(-43.520600, 172.583000, 0.000000, var=[-1.0, -1.0, -1.0])
10:12:32:145731, 2, 1, 1631830352.1455946, 3, GPS(-43.520555, 172.583062, 21.553925, var=[1.0, 1.0, 1.0]), 49.31771273330625, GPS(-43.520600, 172.583000, 0.000000, var=[-1.0, -1.0, -1.0])
10:12:32:145766, 3, 1, 1631830352.1456094, 3, GPS(-43.520645, 172.582938, 21.570755, var=[1.0, 1.0, 1.0]), 49.32827598797976, GPS(-43.520600, 172.583000, 0.000000, var=[-1.0, -1.0, -1.0])
10:12:32:145794, 4, 1, 1631830352.145598, 2, GPS(-43.520645, 172.583062, 21.563781, var=[1.0, 1.0, 1.0]), 49.315170716788984, GPS(-43.520600, 172.583000, 0.000000, var=[-1.0, -1.0, -1.0])
10:12:33:145848, 2, 1, 1631830353.1457162, 4, GPS(-43.520555, 172.583062, 21.564925, var=[1.0, 1.0, 1.0]), 49.31797548363541, GPS(-43.520600, 172.583000, 0.000000, var=[-1.0, -1.0, -1.0])
10:12:33:146567, 4, 1, 1631830353.1463227, 3, GPS(-43.520645, 172.583062, 21.567780, var=[1.0, 1.0, 1.0]), 49.31508124496515, GPS(-43.520600, 172.583000, 0.000000, var=[-1.0, -1.0, -1.0])
10:12:33:147902, 3, 1, 1631830353.1464121, 4, GPS(-43.520645, 172.582938, 21.556755, var=[1.0, 1.0, 1.0]), 49.31105853313083, GPS(-43.520600, 172.583000, 0.000000, var=[-1.0, -1.0, -1.0])
10:12:33:147966, 1, 1, 1631830353.1466985, 4, GPS(-43.520555, 172.582937, 21.553898, var=[1.0, 1.0, 1.0]), 49.322881042421784, GPS(-43.520600, 172.583000, 0.000000, var=[-1.0, -1.0, -1.0])
10:12:33:148014, 2, 1, 1631830353.14747, 5, GPS(-43.520555, 172.583062, 21.564925, var=[1.0, 1.0, 1.0]), 49.31797548363541, GPS(-43.520600, 172.583000, 0.000000, var=[-1.0, -1.0, -1.0])
10:12:33:148059, 4, 1, 1631830353.1474638, 4, GPS(-43.520645, 172.583062, 21.567780, var=[1.0, 1.0, 1.0]), 49.31508124496515, GPS(-43.520600, 172.583000, 0.000000, var=[-1.0, -1.0, -1.0])
10:12:33:149747, 3, 1, 1631830353.1474714, 5, GPS(-43.520645, 172.582938, 21.555755, var=[1.0, 1.0, 1.0]), 49.31010857085201, GPS(-43.520600, 172.583000, 0.000000, var=[-1.0, -1.0, -1.0])
10:12:33:149783, 1, 1, 1631830353.1474557, 5, GPS(-43.520555, 172.582937, 21.553898, var=[1.0, 1.0, 1.0]), 49.322881042421784, GPS(-43.520600, 172.583000, 0.000000, var=[-1.0, -1.0, -1.0])
10:12:34:148082, 1, 1, 1631830354.1479585, 6, GPS(-43.520555, 172.582937, 21.555899, var=[1.0, 1.0, 1.0]), 49.33696331997206, GPS(-43.520600, 172.583000, 0.000000, var=[-1.0, -1.0, -1.0])
10:12:34:148158, 4, 1, 1631830354.1479683, 5, GPS(-43.520645, 172.583062, 21.551780, var=[1.0, 1.0, 1.0]), 49.313857605718965, GPS(-43.520600, 172.583000, 0.000000, var=[-1.0, -1.0, -1.0])
10:12:34:149441, 3, 1, 1631830354.1480036, 6, GPS(-43.520645, 172.582937, 21.548754, var=[1.0, 1.0, 1.0]), 49.325925254888595, GPS(-43.520600, 172.583000, 0.000000, var=[-1.0, -1.0, -1.0])
10:12:34:149493, 2, 1, 1631830354.1480076, 6, GPS(-43.520555, 172.583062, 21.563924, var=[1.0, 1.0, 1.0]), 49.330312263008935, GPS(-43.520600, 172.583000, 0.000000, var=[-1.0, -1.0, -1.0])
10:12:35:148157, 2, 1, 1631830355.1480272, 7, GPS(-43.520555, 172.583062, 21.578925, var=[1.0, 1.0, 1.0]), 49.35011292595392, GPS(-43.520600, 172.583000, 0.000000, var=[-1.0, -1.0, -1.0])
10:12:35:148311, 4, 1, 1631830355.1482182, 6, GPS(-43.520645, 172.583062, 21.570781, var=[1.0, 1.0, 1.0]), 49.33013509039831, GPS(-43.520600, 172.583000, 0.000000, var=[-1.0, -1.0, -1.0])
10:12:35:176416, 4, 1, 1631830355.1762998, 7, GPS(-43.520645, 172.583062, 21.570781, var=[1.0, 1.0, 1.0]), 49.341138320062285, GPS(-43.520600, 172.583000, 0.000000, var=[-1.0, -1.0, -1.0])
10:12:35:185147, 1, 1, 1631830355.1850119, 7, GPS(-43.520555, 172.582938, 21.559899, var=[1.0, 1.0, 1.0]), 49.35264381660322, GPS(-43.520600, 172.583000, 0.000000, var=[-1.0, -1.0, -1.0])
10:12:35:185229, 1, 1, 1631830355.1851668, 8, GPS(-43.520555, 172.582938, 21.559899, var=[1.0, 1.0, 1.0]), 49.35264381660322, GPS(-43.520600, 172.583000, 0.000000, var=[-1.0, -1.0, -1.0])
10:12:35:189353, 3, 1, 1631830355.189236, 7, GPS(-43.520645, 172.582938, 21.559754, var=[1.0, 1.0, 1.0]), 49.34400863224866, GPS(-43.520600, 172.583000, 0.000000, var=[-1.0, -1.0, -1.0])
10:12:35:190926, 3, 1, 1631830355.1895652, 8, GPS(-43.520645, 172.582938, 21.560754, var=[1.0, 1.0, 1.0]), 49.34495848127524, GPS(-43.520600, 172.583000, 0.000000, var=[-1.0, -1.0, -1.0])
10:12:35:190979, 2, 1, 1631830355.1893618, 8, GPS(-43.520555, 172.583062, 21.578925, var=[1.0, 1.0, 1.0]), 49.36111615561789, GPS(-43.520600, 172.583000, 0.000000, var=[-1.0, -1.0, -1.0])
10:12:36:178135, 4, 1, 1631830356.1779869, 8, GPS(-43.520645, 172.583062, 21.563781, var=[1.0, 1.0, 1.0]), 49.33205204504428, GPS(-43.520600, 172.583000, 0.000000, var=[-1.0, -1.0, -1.0])
10:12:36:204985, 4, 1, 1631830356.2047923, 9, GPS(-43.520645, 172.583062, 21.569781, var=[1.0, 1.0, 1.0]), 49.3247455644875, GPS(-43.520600, 172.583000, 0.000000, var=[-1.0, -1.0, -1.0])
10:12:36:207356, 3, 1, 1631830356.2071393, 9, GPS(-43.520645, 172.582938, 21.566755, var=[1.0, 1.0, 1.0]), 49.32674027539383, GPS(-43.520600, 172.583000, 0.000000, var=[-1.0, -1.0, -1.0])
10:12:36:209164, 3, 1, 1631830356.2090714, 10, GPS(-43.520645, 172.582938, 21.566755, var=[1.0, 1.0, 1.0]), 49.32674027539383, GPS(-43.520600, 172.583000, 0.000000, var=[-1.0, -1.0, -1.0])
10:12:36:210163, 1, 1, 1631830356.210055, 9, GPS(-43.520555, 172.582938, 21.561899, var=[1.0, 1.0, 1.0]), 49.34290434030221, GPS(-43.520600, 172.583000, 0.000000, var=[-1.0, -1.0, -1.0])
10:12:36:210362, 1, 1, 1631830356.2102897, 10, GPS(-43.520555, 172.582938, 21.561899, var=[1.0, 1.0, 1.0]), 49.34290434030221, GPS(-43.520600, 172.583000, 0.000000, var=[-1.0, -1.0, -1.0])
10:12:36:217632, 2, 1, 1631830356.217496, 9, GPS(-43.520555, 172.583062, 21.569925, var=[1.0, 1.0, 1.0]), 49.34696432487488, GPS(-43.520600, 172.583000, 0.000000, var=[-1.0, -1.0, -1.0])
10:12:36:218775, 2, 1, 1631830356.2176647, 10, GPS(-43.520555, 172.583062, 21.569925, var=[1.0, 1.0, 1.0]), 49.34696432487488, GPS(-43.520600, 172.583000, 0.000000, var=[-1.0, -1.0, -1.0])
10:12:37:206899, 4, 1, 1631830357.2067683, 10, GPS(-43.520645, 172.583062, 21.582781, var=[1.0, 1.0, 1.0]), 49.33611948976609, GPS(-43.520600, 172.583000, 0.000000, var=[-1.0, -1.0, -1.0])
10:12:37:231944, 3, 1, 1631830357.2317905, 11, GPS(-43.520645, 172.582938, 21.582755, var=[1.0, 1.0, 1.0]), 49.33694616302785, GPS(-43.520600, 172.583000, 0.000000, var=[-1.0, -1.0, -1.0])
10:12:37:232024, 3, 1, 1631830357.2319396, 12, GPS(-43.520645, 172.582938, 21.582755, var=[1.0, 1.0, 1.0]), 49.33694616302785, GPS(-43.520600, 172.583000, 0.000000, var=[-1.0, -1.0, -1.0])
10:12:37:237640, 4, 1, 1631830357.2374783, 11, GPS(-43.520645, 172.583062, 21.582781, var=[1.0, 1.0, 1.0]), 49.3321030840508, GPS(-43.520600, 172.583000, 0.000000, var=[-1.0, -1.0, -1.0])
10:12:37:240889, 1, 1, 1631830357.2407084, 11, GPS(-43.520555, 172.582938, 21.571899, var=[1.0, 1.0, 1.0]), 49.347398995023255, GPS(-43.520600, 172.583000, 0.000000, var=[-1.0, -1.0, -1.0])
10:12:37:241133, 1, 1, 1631830357.2410529, 12, GPS(-43.520555, 172.582938, 21.571899, var=[1.0, 1.0, 1.0]), 49.347398995023255, GPS(-43.520600, 172.583000, 0.000000, var=[-1.0, -1.0, -1.0])
10:12:37:242591, 2, 1, 1631830357.242482, 11, GPS(-43.520555, 172.583062, 21.580925, var=[1.0, 1.0, 1.0]), 49.35241048755829, GPS(-43.520600, 172.583000, 0.000000, var=[-1.0, -1.0, -1.0])
10:12:37:243880, 2, 1, 1631830357.242691, 12, GPS(-43.520555, 172.583062, 21.580925, var=[1.0, 1.0, 1.0]), 49.35241048755829, GPS(-43.520600, 172.583000, 0.000000, var=[-1.0, -1.0, -1.0])
10:12:38:232706, 3, 1, 1631830358.2325413, 13, GPS(-43.520645, 172.582938, 21.578755, var=[1.0, 1.0, 1.0]), 49.3335037888333, GPS(-43.520600, 172.583000, 0.000000, var=[-1.0, -1.0, -1.0])
10:12:38:239584, 4, 1, 1631830358.2394242, 12, GPS(-43.520645, 172.583062, 21.580781, var=[1.0, 1.0, 1.0]), 49.33187294604376, GPS(-43.520600, 172.583000, 0.000000, var=[-1.0, -1.0, -1.0])
10:12:38:266630, 1, 1, 1631830358.266431, 13, GPS(-43.520555, 172.582938, 21.568899, var=[1.0, 1.0, 1.0]), 49.35255418800103, GPS(-43.520600, 172.583000, 0.000000, var=[-1.0, -1.0, -1.0])
10:12:38:266780, 1, 1, 1631830358.2667043, 14, GPS(-43.520555, 172.582938, 21.568899, var=[1.0, 1.0, 1.0]), 49.35255418800103, GPS(-43.520600, 172.583000, 0.000000, var=[-1.0, -1.0, -1.0])
10:12:38:271838, 2, 1, 1631830358.2716408, 13, GPS(-43.520554, 172.583062, 21.567925, var=[1.0, 1.0, 1.0]), 49.34877238414627, GPS(-43.520600, 172.583000, 0.000000, var=[-1.0, -1.0, -1.0])
10:12:38:271941, 2, 1, 1631830358.2718368, 14, GPS(-43.520554, 172.583062, 21.567925, var=[1.0, 1.0, 1.0]), 49.34877238414627, GPS(-43.520600, 172.583000, 0.000000, var=[-1.0, -1.0, -1.0])
10:12:38:274546, 3, 1, 1631830358.2744074, 14, GPS(-43.520645, 172.582938, 21.577755, var=[1.0, 1.0, 1.0]), 49.33954060231875, GPS(-43.520600, 172.583000, 0.000000, var=[-1.0, -1.0, -1.0])
10:12:38:282753, 4, 1, 1631830358.2826169, 13, GPS(-43.520645, 172.583062, 21.582781, var=[1.0, 1.0, 1.0]), 49.340761317783645, GPS(-43.520600, 172.583000, 0.000000, var=[-1.0, -1.0, -1.0])
10:12:39:249067, 4, 1, 1631830359.248655, 14, GPS(-43.520645, 172.583062, 21.580781, var=[1.0, 1.0, 1.0]), 49.337092152528534, GPS(-43.520600, 172.583000, 0.000000, var=[-1.0, -1.0, -1.0])
10:12:39:250266, 3, 1, 1631830359.248679, 15, GPS(-43.520645, 172.582938, 21.578755, var=[1.0, 1.0, 1.0]), 49.33806560053077, GPS(-43.520600, 172.583000, 0.000000, var=[-1.0, -1.0, -1.0])
10:12:39:250318, 2, 1, 1631830359.2486992, 15, GPS(-43.520554, 172.583062, 21.570925, var=[1.0, 1.0, 1.0]), 49.349854147391795, GPS(-43.520600, 172.583000, 0.000000, var=[-1.0, -1.0, -1.0])
10:12:39:250361, 1, 1, 1631830359.2486675, 15, GPS(-43.520554, 172.582938, 21.579899, var=[1.0, 1.0, 1.0]), 49.36726611561256, GPS(-43.520600, 172.583000, 0.000000, var=[-1.0, -1.0, -1.0])
10:12:40:249655, 3, 1, 1631830360.2495208, 16, GPS(-43.520645, 172.582938, 21.574755, var=[1.0, 1.0, 1.0]), 49.34263631728194, GPS(-43.520600, 172.583000, 0.000000, var=[-1.0, -1.0, -1.0])
10:12:40:249713, 2, 1, 1631830360.2495258, 16, GPS(-43.520554, 172.583062, 21.574925, var=[1.0, 1.0, 1.0]), 49.357367198974934, GPS(-43.520600, 172.583000, 0.000000, var=[-1.0, -1.0, -1.0])
10:12:40:250105, 1, 1, 1631830360.2500231, 16, GPS(-43.520554, 172.582938, 21.578899, var=[1.0, 1.0, 1.0]), 49.37711924403274, GPS(-43.520600, 172.583000, 0.000000, var=[-1.0, -1.0, -1.0])
10:12:40:250393, 1, 1, 1631830360.250295, 17, GPS(-43.520554, 172.582938, 21.578899, var=[1.0, 1.0, 1.0]), 49.37711924403274, GPS(-43.520600, 172.583000, 0.000000, var=[-1.0, -1.0, -1.0])
10:12:40:250454, 2, 1, 1631830360.2503304, 17, GPS(-43.520554, 172.583062, 21.574925, var=[1.0, 1.0, 1.0]), 49.357367198974934, GPS(-43.520600, 172.583000, 0.000000, var=[-1.0, -1.0, -1.0])
10:12:40:250487, 4, 1, 1631830360.2503128, 15, GPS(-43.520645, 172.583062, 21.575781, var=[1.0, 1.0, 1.0]), 49.33715107489151, GPS(-43.520600, 172.583000, 0.000000, var=[-1.0, -1.0, -1.0])
10:12:40:251726, 3, 1, 1631830360.2503278, 17, GPS(-43.520645, 172.582938, 21.574755, var=[1.0, 1.0, 1.0]), 49.34263631728194, GPS(-43.520600, 172.583000, 0.000000, var=[-1.0, -1.0, -1.0])
10:12:41:251078, 3, 1, 1631830361.250945, 18, GPS(-43.520645, 172.582938, 21.573755, var=[1.0, 1.0, 1.0]), 49.3499191200561, GPS(-43.520600, 172.583000, 0.000000, var=[-1.0, -1.0, -1.0])
10:12:41:251147, 1, 1, 1631830361.2510605, 18, GPS(-43.520555, 172.582937, 21.577899, var=[1.0, 1.0, 1.0]), 49.37950217638232, GPS(-43.520600, 172.583000, 0.000000, var=[-1.0, -1.0, -1.0])
10:12:41:251279, 4, 1, 1631830361.2512035, 16, GPS(-43.520645, 172.583062, 21.572781, var=[1.0, 1.0, 1.0]), 49.33655029910469, GPS(-43.520600, 172.583000, 0.000000, var=[-1.0, -1.0, -1.0])
10:12:41:252536, 4, 1, 1631830361.2518132, 17, GPS(-43.520645, 172.583062, 21.572781, var=[1.0, 1.0, 1.0]), 49.33655029910469, GPS(-43.520600, 172.583000, 0.000000, var=[-1.0, -1.0, -1.0])
10:12:41:253899, 1, 1, 1631830361.2517729, 19, GPS(-43.520555, 172.582937, 21.577899, var=[1.0, 1.0, 1.0]), 49.37950217638232, GPS(-43.520600, 172.583000, 0.000000, var=[-1.0, -1.0, -1.0])
10:12:41:253951, 3, 1, 1631830361.2518184, 19, GPS(-43.520645, 172.582938, 21.573755, var=[1.0, 1.0, 1.0]), 49.3499191200561, GPS(-43.520600, 172.583000, 0.000000, var=[-1.0, -1.0, -1.0])
10:12:41:253998, 2, 1, 1631830361.251816, 18, GPS(-43.520555, 172.583062, 21.564925, var=[1.0, 1.0, 1.0]), 49.3511738657061, GPS(-43.520600, 172.583000, 0.000000, var=[-1.0, -1.0, -1.0])
10:12:42:252336, 3, 1, 1631830362.2521772, 20, GPS(-43.520645, 172.582938, 21.569755, var=[1.0, 1.0, 1.0]), 49.332710577478956, GPS(-43.520600, 172.583000, 0.000000, var=[-1.0, -1.0, -1.0])
10:12:42:252734, 1, 2, 1631830362.2525988, 20, GPS(-43.520555, 172.582937, 21.568899, var=[1.0, 1.0, 1.0]), 49.361770850785035, GPS(-43.520600, 172.583000, 0.000000, var=[-1.0, -1.0, -1.0])
10:12:42:252798, 4, 1, 1631830362.2526104, 18, GPS(-43.520645, 172.583062, 21.568781, var=[1.0, 1.0, 1.0]), 49.32353625306304, GPS(-43.520600, 172.583000, 0.000000, var=[-1.0, -1.0, -1.0])
10:12:42:255170, 2, 1, 1631830362.2526295, 19, GPS(-43.520554, 172.583062, 21.563925, var=[1.0, 1.0, 1.0]), 49.33995906157101, GPS(-43.520600, 172.583000, 0.000000, var=[-1.0, -1.0, -1.0])
10:12:42:255214, 3, 1, 1631830362.2526422, 21, GPS(-43.520645, 172.582938, 21.569755, var=[1.0, 1.0, 1.0]), 49.332710577478956, GPS(-43.520600, 172.583000, 0.000000, var=[-1.0, -1.0, -1.0])
10:12:43:253528, 3, 2, 1631830363.2533526, 22, GPS(-43.520645, 172.582938, 21.566755, var=[1.0, 1.0, 1.0]), 49.335292527189985, GPS(-43.520600, 172.583000, 0.000000, var=[-1.0, -1.0, -1.0])
10:12:43:253606, 4, 1, 1631830363.2534597, 19, GPS(-43.520645, 172.583062, 21.561781, var=[1.0, 1.0, 1.0]), 49.325214143452435, GPS(-43.520600, 172.583000, 0.000000, var=[-1.0, -1.0, -1.0])
10:12:43:255078, 1, 2, 1631830363.254036, 21, GPS(-43.520555, 172.582937, 21.558899, var=[1.0, 1.0, 1.0]), 49.355285390542136, GPS(-43.520600, 172.583000, 0.000000, var=[-1.0, -1.0, -1.0])
10:12:43:255123, 2, 2, 1631830363.2539768, 20, GPS(-43.520555, 172.583062, 21.565925, var=[1.0, 1.0, 1.0]), 49.339908269196314, GPS(-43.520600, 172.583000, 0.000000, var=[-1.0, -1.0, -1.0])
10:12:43:282735, 2, 2, 1631830363.282601, 21, GPS(-43.520555, 172.583062, 21.565925, var=[1.0, 1.0, 1.0]), 49.33085366927587, GPS(-43.520600, 172.583000, 0.000000, var=[-1.0, -1.0, -1.0])
10:12:43:284902, 3, 2, 1631830363.2847927, 23, GPS(-43.520645, 172.582938, 21.566755, var=[1.0, 1.0, 1.0]), 49.32623792726953, GPS(-43.520600, 172.583000, 0.000000, var=[-1.0, -1.0, -1.0])
10:12:43:285598, 4, 1, 1631830363.2854996, 20, GPS(-43.520645, 172.583062, 21.559781, var=[1.0, 1.0, 1.0]), 49.314258519096356, GPS(-43.520600, 172.583000, 0.000000, var=[-1.0, -1.0, -1.0])
10:12:43:329487, 1, 2, 1631830363.3293245, 22, GPS(-43.520555, 172.582937, 21.557899, var=[1.0, 1.0, 1.0]), 49.34528166159593, GPS(-43.520600, 172.583000, 0.000000, var=[-1.0, -1.0, -1.0])
10:12:44:284546, 2, 2, 1631830364.2844224, 22, GPS(-43.520555, 172.583062, 21.554925, var=[1.0, 1.0, 1.0]), 49.32571068257975, GPS(-43.520600, 172.583000, 0.000000, var=[-1.0, -1.0, -1.0])
10:12:44:285940, 4, 2, 1631830364.2858136, 21, GPS(-43.520645, 172.583062, 21.555781, var=[1.0, 1.0, 1.0]), 49.31111186233813, GPS(-43.520600, 172.583000, 0.000000, var=[-1.0, -1.0, -1.0])
10:12:44:287075, 3, 2, 1631830364.2860703, 24, GPS(-43.520645, 172.582938, 21.548755, var=[1.0, 1.0, 1.0]), 49.312219344131435, GPS(-43.520600, 172.583000, 0.000000, var=[-1.0, -1.0, -1.0])
10:12:44:287131, 3, 2, 1631830364.2870212, 25, GPS(-43.520645, 172.582938, 21.548755, var=[1.0, 1.0, 1.0]), 49.312219344131435, GPS(-43.520600, 172.583000, 0.000000, var=[-1.0, -1.0, -1.0])
10:12:44:287173, 1, 2, 1631830364.2870004, 23, GPS(-43.520555, 172.582937, 21.552899, var=[1.0, 1.0, 1.0]), 49.33626729656156, GPS(-43.520600, 172.583000, 0.000000, var=[-1.0, -1.0, -1.0])
10:12:44:287219, 2, 2, 1631830364.2870252, 23, GPS(-43.520555, 172.583062, 21.554925, var=[1.0, 1.0, 1.0]), 49.32571068257975, GPS(-43.520600, 172.583000, 0.000000, var=[-1.0, -1.0, -1.0])
10:12:44:321848, 4, 2, 1631830364.321695, 22, GPS(-43.520645, 172.583062, 21.555781, var=[1.0, 1.0, 1.0]), 49.302103349920266, GPS(-43.520600, 172.583000, 0.000000, var=[-1.0, -1.0, -1.0])
10:12:45:287529, 3, 2, 1631830365.2873797, 26, GPS(-43.520645, 172.582938, 21.551755, var=[1.0, 1.0, 1.0]), 49.30406117519319, GPS(-43.520600, 172.583000, 0.000000, var=[-1.0, -1.0, -1.0])
10:12:45:288002, 1, 2, 1631830365.287895, 24, GPS(-43.520555, 172.582937, 21.547899, var=[1.0, 1.0, 1.0]), 49.32230665474603, GPS(-43.520600, 172.583000, 0.000000, var=[-1.0, -1.0, -1.0])
10:12:45:288480, 2, 2, 1631830365.2883728, 24, GPS(-43.520555, 172.583062, 21.549925, var=[1.0, 1.0, 1.0]), 49.31242994930219, GPS(-43.520600, 172.583000, 0.000000, var=[-1.0, -1.0, -1.0])
10:12:45:322715, 4, 2, 1631830365.3225665, 23, GPS(-43.520645, 172.583062, 21.543781, var=[1.0, 1.0, 1.0]), 49.29003434881855, GPS(-43.520600, 172.583000, 0.000000, var=[-1.0, -1.0, -1.0])
10:12:45:323920, 4, 2, 1631830365.3230674, 24, GPS(-43.520645, 172.583062, 21.543781, var=[1.0, 1.0, 1.0]), 49.29003434881855, GPS(-43.520600, 172.583000, 0.000000, var=[-1.0, -1.0, -1.0])
10:12:45:324925, 1, 2, 1631830365.3230562, 25, GPS(-43.520555, 172.582937, 21.547899, var=[1.0, 1.0, 1.0]), 49.32230665474603, GPS(-43.520600, 172.583000, 0.000000, var=[-1.0, -1.0, -1.0])
10:12:45:324977, 3, 2, 1631830365.3230789, 27, GPS(-43.520645, 172.582938, 21.550755, var=[1.0, 1.0, 1.0]), 49.30311105720956, GPS(-43.520600, 172.583000, 0.000000, var=[-1.0, -1.0, -1.0])
10:12:45:325023, 2, 2, 1631830365.3230808, 25, GPS(-43.520555, 172.583062, 21.548925, var=[1.0, 1.0, 1.0]), 49.30900336435903, GPS(-43.520600, 172.583000, 0.000000, var=[-1.0, -1.0, -1.0])
10:12:46:323252, 3, 2, 1631830366.323121, 28, GPS(-43.520645, 172.582938, 21.537755, var=[1.0, 1.0, 1.0]), 49.28618792700529, GPS(-43.520600, 172.583000, 0.000000, var=[-1.0, -1.0, -1.0])
10:12:46:323554, 2, 2, 1631830366.323437, 26, GPS(-43.520555, 172.583062, 21.537925, var=[1.0, 1.0, 1.0]), 49.28729183698434, GPS(-43.520600, 172.583000, 0.000000, var=[-1.0, -1.0, -1.0])
10:12:46:325142, 4, 2, 1631830366.323999, 25, GPS(-43.520645, 172.583062, 21.531780, var=[1.0, 1.0, 1.0]), 49.278297228216104, GPS(-43.520600, 172.583000, 0.000000, var=[-1.0, -1.0, -1.0])
10:12:46:326548, 2, 2, 1631830366.3240356, 27, GPS(-43.520555, 172.583062, 21.537925, var=[1.0, 1.0, 1.0]), 49.28729183698434, GPS(-43.520600, 172.583000, 0.000000, var=[-1.0, -1.0, -1.0])
10:12:46:326794, 3, 2, 1631830366.3240392, 29, GPS(-43.520645, 172.582938, 21.537755, var=[1.0, 1.0, 1.0]), 49.28618792700529, GPS(-43.520600, 172.583000, 0.000000, var=[-1.0, -1.0, -1.0])
10:12:46:326886, 1, 2, 1631830366.3240259, 26, GPS(-43.520555, 172.582937, 21.536899, var=[1.0, 1.0, 1.0]), 49.30237660740899, GPS(-43.520600, 172.583000, 0.000000, var=[-1.0, -1.0, -1.0])
10:12:46:326997, 4, 2, 1631830366.3241556, 26, GPS(-43.520645, 172.583062, 21.531780, var=[1.0, 1.0, 1.0]), 49.278297228216104, GPS(-43.520600, 172.583000, 0.000000, var=[-1.0, -1.0, -1.0])
10:12:47:325274, 4, 2, 1631830367.3251307, 27, GPS(-43.520645, 172.583062, 21.528780, var=[1.0, 1.0, 1.0]), 49.268440047051286, GPS(-43.520600, 172.583000, 0.000000, var=[-1.0, -1.0, -1.0])
10:12:47:325348, 3, 2, 1631830367.3251708, 30, GPS(-43.520645, 172.582938, 21.539754, var=[1.0, 1.0, 1.0]), 49.2884488293774, GPS(-43.520600, 172.583000, 0.000000, var=[-1.0, -1.0, -1.0])
10:12:47:325443, 1, 2, 1631830367.3253336, 27, GPS(-43.520555, 172.582937, 21.536898, var=[1.0, 1.0, 1.0]), 49.29224057850225, GPS(-43.520600, 172.583000, 0.000000, var=[-1.0, -1.0, -1.0])
10:12:47:326932, 1, 2, 1631830367.326585, 28, GPS(-43.520555, 172.582937, 21.536898, var=[1.0, 1.0, 1.0]), 49.29224057850225, GPS(-43.520600, 172.583000, 0.000000, var=[-1.0, -1.0, -1.0])
10:12:47:327005, 2, 2, 1631830367.3254437, 28, GPS(-43.520555, 172.583062, 21.532925, var=[1.0, 1.0, 1.0]), 49.275535170406755, GPS(-43.520600, 172.583000, 0.000000, var=[-1.0, -1.0, -1.0])
10:12:47:327061, 4, 2, 1631830367.326591, 28, GPS(-43.520645, 172.583062, 21.528780, var=[1.0, 1.0, 1.0]), 49.268440047051286, GPS(-43.520600, 172.583000, 0.000000, var=[-1.0, -1.0, -1.0])
10:12:47:328723, 3, 2, 1631830367.3266084, 31, GPS(-43.520645, 172.582938, 21.539754, var=[1.0, 1.0, 1.0]), 49.2884488293774, GPS(-43.520600, 172.583000, 0.000000, var=[-1.0, -1.0, -1.0])
10:12:47:328787, 2, 2, 1631830367.3266022, 29, GPS(-43.520555, 172.583062, 21.532925, var=[1.0, 1.0, 1.0]), 49.275535170406755, GPS(-43.520600, 172.583000, 0.000000, var=[-1.0, -1.0, -1.0])
10:12:48:326768, 3, 2, 1631830368.326614, 32, GPS(-43.520645, 172.582938, 21.530754, var=[1.0, 1.0, 1.0]), 49.280641864172566, GPS(-43.520600, 172.583000, 0.000000, var=[-1.0, -1.0, -1.0])
10:12:48:326861, 1, 2, 1631830368.3266456, 29, GPS(-43.520555, 172.582937, 21.536898, var=[1.0, 1.0, 1.0]), 49.28134702042521, GPS(-43.520600, 172.583000, 0.000000, var=[-1.0, -1.0, -1.0])
10:12:48:327811, 2, 2, 1631830368.3277023, 30, GPS(-43.520555, 172.583062, 21.533924, var=[1.0, 1.0, 1.0]), 49.261336822381416, GPS(-43.520600, 172.583000, 0.000000, var=[-1.0, -1.0, -1.0])
10:12:48:328432, 4, 2, 1631830368.3283374, 29, GPS(-43.520645, 172.583062, 21.533780, var=[1.0, 1.0, 1.0]), 49.26789144840026, GPS(-43.520600, 172.583000, 0.000000, var=[-1.0, -1.0, -1.0])
10:12:48:431685, 1, 2, 1631830368.4315267, 30, GPS(-43.520555, 172.582937, 21.538898, var=[1.0, 1.0, 1.0]), 49.287266173217574, GPS(-43.520600, 172.583000, 0.000000, var=[-1.0, -1.0, -1.0])
10:12:48:431788, 3, 2, 1631830368.431574, 33, GPS(-43.520645, 172.582938, 21.532754, var=[1.0, 1.0, 1.0]), 49.28835045047792, GPS(-43.520600, 172.583000, 0.000000, var=[-1.0, -1.0, -1.0])
10:12:48:431842, 4, 2, 1631830368.4315362, 30, GPS(-43.520645, 172.583062, 21.533780, var=[1.0, 1.0, 1.0]), 49.271911436007244, GPS(-43.520600, 172.583000, 0.000000, var=[-1.0, -1.0, -1.0])
10:12:48:433151, 2, 2, 1631830368.4317517, 31, GPS(-43.520555, 172.583062, 21.532924, var=[1.0, 1.0, 1.0]), 49.26440652658649, GPS(-43.520600, 172.583000, 0.000000, var=[-1.0, -1.0, -1.0])
10:12:49:432843, 4, 2, 1631830369.4326973, 31, GPS(-43.520645, 172.583062, 21.527780, var=[1.0, 1.0, 1.0]), 49.27216486805195, GPS(-43.520600, 172.583000, 0.000000, var=[-1.0, -1.0, -1.0])
10:12:49:432980, 2, 2, 1631830369.432839, 32, GPS(-43.520555, 172.583062, 21.530924, var=[1.0, 1.0, 1.0]), 49.25440326030909, GPS(-43.520600, 172.583000, 0.000000, var=[-1.0, -1.0, -1.0])
10:12:49:433128, 3, 2, 1631830369.4330175, 34, GPS(-43.520645, 172.582938, 21.533754, var=[1.0, 1.0, 1.0]), 49.29031069689208, GPS(-43.520600, 172.583000, 0.000000, var=[-1.0, -1.0, -1.0])
10:12:49:433315, 2, 2, 1631830369.433223, 33, GPS(-43.520555, 172.583062, 21.530924, var=[1.0, 1.0, 1.0]), 49.25440326030909, GPS(-43.520600, 172.583000, 0.000000, var=[-1.0, -1.0, -1.0])
10:12:49:433378, 3, 2, 1631830369.433228, 35, GPS(-43.520645, 172.582938, 21.533754, var=[1.0, 1.0, 1.0]), 49.29031069689208, GPS(-43.520600, 172.583000, 0.000000, var=[-1.0, -1.0, -1.0])
10:12:49:433419, 4, 2, 1631830369.4332337, 32, GPS(-43.520645, 172.583062, 21.527780, var=[1.0, 1.0, 1.0]), 49.27216486805195, GPS(-43.520600, 172.583000, 0.000000, var=[-1.0, -1.0, -1.0])
10:12:49:433453, 1, 2, 1631830369.4332242, 31, GPS(-43.520555, 172.582937, 21.532898, var=[1.0, 1.0, 1.0]), 49.27769349230402, GPS(-43.520600, 172.583000, 0.000000, var=[-1.0, -1.0, -1.0])
10:12:50:433557, 2, 2, 1631830370.4334223, 34, GPS(-43.520555, 172.583062, 21.530924, var=[1.0, 1.0, 1.0]), 49.24744867215486, GPS(-43.520600, 172.583000, 0.000000, var=[-1.0, -1.0, -1.0])
10:12:50:434056, 4, 2, 1631830370.433947, 33, GPS(-43.520645, 172.583062, 21.516780, var=[1.0, 1.0, 1.0]), 49.25653783848196, GPS(-43.520600, 172.583000, 0.000000, var=[-1.0, -1.0, -1.0])
10:12:50:434295, 3, 2, 1631830370.4342005, 36, GPS(-43.520646, 172.582938, 21.530754, var=[1.0, 1.0, 1.0]), 49.281195741995035, GPS(-43.520600, 172.583000, 0.000000, var=[-1.0, -1.0, -1.0])
10:12:50:434753, 3, 2, 1631830370.4346497, 37, GPS(-43.520646, 172.582938, 21.530754, var=[1.0, 1.0, 1.0]), 49.281195741995035, GPS(-43.520600, 172.583000, 0.000000, var=[-1.0, -1.0, -1.0])
10:12:50:434795, 2, 2, 1631830370.4346533, 35, GPS(-43.520555, 172.583062, 21.530924, var=[1.0, 1.0, 1.0]), 49.24744867215486, GPS(-43.520600, 172.583000, 0.000000, var=[-1.0, -1.0, -1.0])
10:12:50:434831, 1, 2, 1631830370.4346502, 32, GPS(-43.520555, 172.582937, 21.524898, var=[1.0, 1.0, 1.0]), 49.26378239319032, GPS(-43.520600, 172.583000, 0.000000, var=[-1.0, -1.0, -1.0])
10:12:50:436345, 4, 2, 1631830370.4346557, 34, GPS(-43.520645, 172.583062, 21.516780, var=[1.0, 1.0, 1.0]), 49.25653783848196, GPS(-43.520600, 172.583000, 0.000000, var=[-1.0, -1.0, -1.0])
10:12:51:435255, 3, 2, 1631830371.4351172, 38, GPS(-43.520645, 172.582938, 21.518754, var=[1.0, 1.0, 1.0]), 49.25827014578542, GPS(-43.520600, 172.583000, 0.000000, var=[-1.0, -1.0, -1.0])
10:12:51:435352, 4, 2, 1631830371.435252, 35, GPS(-43.520646, 172.583062, 21.507780, var=[1.0, 1.0, 1.0]), 49.24319366122667, GPS(-43.520600, 172.583000, 0.000000, var=[-1.0, -1.0, -1.0])
10:12:51:435407, 1, 2, 1631830371.4353065, 33, GPS(-43.520555, 172.582937, 21.528898, var=[1.0, 1.0, 1.0]), 49.25917455325545, GPS(-43.520600, 172.583000, 0.000000, var=[-1.0, -1.0, -1.0])
10:12:51:436860, 1, 2, 1631830371.4364767, 34, GPS(-43.520555, 172.582937, 21.528898, var=[1.0, 1.0, 1.0]), 49.25917455325545, GPS(-43.520600, 172.583000, 0.000000, var=[-1.0, -1.0, -1.0])
10:12:51:438318, 2, 2, 1631830371.4356863, 36, GPS(-43.520555, 172.583062, 21.511924, var=[1.0, 1.0, 1.0]), 49.22876979548842, GPS(-43.520600, 172.583000, 0.000000, var=[-1.0, -1.0, -1.0])
10:12:51:438371, 4, 2, 1631830371.4364378, 36, GPS(-43.520646, 172.583062, 21.507780, var=[1.0, 1.0, 1.0]), 49.24319366122667, GPS(-43.520600, 172.583000, 0.000000, var=[-1.0, -1.0, -1.0])
10:12:51:438419, 3, 2, 1631830371.43646, 39, GPS(-43.520645, 172.582938, 21.518754, var=[1.0, 1.0, 1.0]), 49.25827014578542, GPS(-43.520600, 172.583000, 0.000000, var=[-1.0, -1.0, -1.0])
10:12:51:438465, 2, 2, 1631830371.4364781, 37, GPS(-43.520555, 172.583062, 21.511924, var=[1.0, 1.0, 1.0]), 49.22876979548842, GPS(-43.520600, 172.583000, 0.000000, var=[-1.0, -1.0, -1.0])
10:12:52:437054, 1, 2, 1631830372.4369087, 35, GPS(-43.520555, 172.582938, 21.515898, var=[1.0, 1.0, 1.0]), 49.24446041146366, GPS(-43.520600, 172.583000, 0.000000, var=[-1.0, -1.0, -1.0])
10:12:52:438478, 4, 2, 1631830372.436918, 37, GPS(-43.520645, 172.583062, 21.497780, var=[1.0, 1.0, 1.0]), 49.22819103248526, GPS(-43.520600, 172.583000, 0.000000, var=[-1.0, -1.0, -1.0])
10:12:52:438537, 3, 2, 1631830372.4369516, 40, GPS(-43.520645, 172.582938, 21.510754, var=[1.0, 1.0, 1.0]), 49.24586035417919, GPS(-43.520600, 172.583000, 0.000000, var=[-1.0, -1.0, -1.0])
10:12:52:438592, 2, 2, 1631830372.4369519, 38, GPS(-43.520555, 172.583062, 21.502924, var=[1.0, 1.0, 1.0]), 49.22320299749619, GPS(-43.520600, 172.583000, 0.000000, var=[-1.0, -1.0, -1.0])
10:12:53:437256, 4, 2, 1631830373.4370973, 38, GPS(-43.520645, 172.583062, 21.500780, var=[1.0, 1.0, 1.0]), 49.20975712471953, GPS(-43.520600, 172.583000, 0.000000, var=[-1.0, -1.0, -1.0])
10:12:53:437357, 2, 2, 1631830373.437098, 39, GPS(-43.520555, 172.583062, 21.497924, var=[1.0, 1.0, 1.0]), 49.21059566799291, GPS(-43.520600, 172.583000, 0.000000, var=[-1.0, -1.0, -1.0])
10:12:53:437604, 1, 2, 1631830373.4374523, 36, GPS(-43.520555, 172.582938, 21.500898, var=[1.0, 1.0, 1.0]), 49.219877715494135, GPS(-43.520600, 172.583000, 0.000000, var=[-1.0, -1.0, -1.0])
10:12:53:438933, 1, 2, 1631830373.4385643, 37, GPS(-43.520555, 172.582938, 21.500898, var=[1.0, 1.0, 1.0]), 49.219877715494135, GPS(-43.520600, 172.583000, 0.000000, var=[-1.0, -1.0, -1.0])
10:12:53:439853, 3, 2, 1631830373.4375286, 41, GPS(-43.520645, 172.582938, 21.504754, var=[1.0, 1.0, 1.0]), 49.22421315924446, GPS(-43.520600, 172.583000, 0.000000, var=[-1.0, -1.0, -1.0])
10:12:53:439891, 4, 2, 1631830373.4385717, 39, GPS(-43.520645, 172.583062, 21.500780, var=[1.0, 1.0, 1.0]), 49.20975712471953, GPS(-43.520600, 172.583000, 0.000000, var=[-1.0, -1.0, -1.0])
10:12:53:439926, 2, 2, 1631830373.4385803, 40, GPS(-43.520555, 172.583062, 21.497924, var=[1.0, 1.0, 1.0]), 49.21059566799291, GPS(-43.520600, 172.583000, 0.000000, var=[-1.0, -1.0, -1.0])
10:12:53:439958, 3, 2, 1631830373.438589, 42, GPS(-43.520645, 172.582938, 21.504754, var=[1.0, 1.0, 1.0]), 49.22421315924446, GPS(-43.520600, 172.583000, 0.000000, var=[-1.0, -1.0, -1.0])
10:12:54:439493, 1, 2, 1631830374.4390042, 38, GPS(-43.520555, 172.582938, 21.473898, var=[1.0, 1.0, 1.0]), 49.17424844057379, GPS(-43.520600, 172.583000, 0.000000, var=[-1.0, -1.0, -1.0])
10:12:54:441284, 3, 2, 1631830374.4390829, 43, GPS(-43.520645, 172.582938, 21.489754, var=[1.0, 1.0, 1.0]), 49.191095513592764, GPS(-43.520600, 172.583000, 0.000000, var=[-1.0, -1.0, -1.0])
10:12:54:441374, 4, 3, 1631830374.4390805, 40, GPS(-43.520645, 172.583062, 21.475780, var=[1.0, 1.0, 1.0]), 49.16177421632747, GPS(-43.520600, 172.583000, 0.000000, var=[-1.0, -1.0, -1.0])
10:12:54:441457, 2, 2, 1631830374.4391026, 41, GPS(-43.520555, 172.583062, 21.486924, var=[1.0, 1.0, 1.0]), 49.1730613248797, GPS(-43.520600, 172.583000, 0.000000, var=[-1.0, -1.0, -1.0])
10:12:54:441700, 1, 2, 1631830374.4392464, 39, GPS(-43.520555, 172.582938, 21.473898, var=[1.0, 1.0, 1.0]), 49.17424844057379, GPS(-43.520600, 172.583000, 0.000000, var=[-1.0, -1.0, -1.0])
10:12:55:439225, 4, 3, 1631830375.4390943, 41, GPS(-43.520657, 172.583079, 21.519766, var=[1.0, 1.0, 1.0]), 49.852960776769606, GPS(-43.520600, 172.583000, 0.000000, var=[-1.0, -1.0, -1.0])
10:12:55:440488, 1, 2, 1631830375.440383, 40, GPS(-43.520555, 172.582937, 21.457899, var=[1.0, 1.0, 1.0]), 49.165445530115974, GPS(-43.520600, 172.583000, 0.000000, var=[-1.0, -1.0, -1.0])
10:12:55:441624, 2, 2, 1631830375.440995, 42, GPS(-43.520555, 172.583061, 21.460924, var=[1.0, 1.0, 1.0]), 49.142640452634254, GPS(-43.520600, 172.583000, 0.000000, var=[-1.0, -1.0, -1.0])
10:12:55:441697, 3, 2, 1631830375.4406729, 44, GPS(-43.520645, 172.582937, 21.466754, var=[1.0, 1.0, 1.0]), 49.16644367324213, GPS(-43.520600, 172.583000, 0.000000, var=[-1.0, -1.0, -1.0])
10:12:55:465843, 2, 2, 1631830375.4657004, 43, GPS(-43.520555, 172.583061, 21.459924, var=[1.0, 1.0, 1.0]), 49.1046930421403, GPS(-43.520600, 172.583000, 0.000000, var=[-1.0, -1.0, -1.0])
10:12:55:467421, 3, 2, 1631830375.4673185, 45, GPS(-43.520645, 172.582937, 21.466754, var=[1.0, 1.0, 1.0]), 49.12944624820598, GPS(-43.520600, 172.583000, 0.000000, var=[-1.0, -1.0, -1.0])
10:12:55:467929, 4, 3, 1631830375.4678435, 42, GPS(-43.520657, 172.583079, 21.518765, var=[1.0, 1.0, 1.0]), 49.845535776111404, GPS(-43.520600, 172.583000, 0.000000, var=[-1.0, -1.0, -1.0])
10:12:55:474553, 1, 2, 1631830375.4739952, 41, GPS(-43.520555, 172.582937, 21.457899, var=[1.0, 1.0, 1.0]), 49.128448105079826, GPS(-43.520600, 172.583000, 0.000000, var=[-1.0, -1.0, -1.0])
10:12:56:467331, 2, 2, 1631830376.4671652, 44, GPS(-43.520555, 172.583062, 21.435925, var=[1.0, 1.0, 1.0]), 49.089692308722974, GPS(-43.520600, 172.583000, 0.000000, var=[-1.0, -1.0, -1.0])
10:12:56:468355, 3, 3, 1631830376.4682481, 46, GPS(-43.520645, 172.582937, 21.445755, var=[1.0, 1.0, 1.0]), 49.10885894716146, GPS(-43.520600, 172.583000, 0.000000, var=[-1.0, -1.0, -1.0])
10:12:56:469566, 4, 3, 1631830376.4694858, 43, GPS(-43.520681, 172.583114, 21.425734, var=[1.0, 1.0, 1.0]), 51.499360552101464, GPS(-43.520600, 172.583000, 0.000000, var=[-1.0, -1.0, -1.0])
10:12:56:475276, 1, 2, 1631830376.4751534, 42, GPS(-43.520555, 172.582937, 21.434899, var=[1.0, 1.0, 1.0]), 49.11520715072622, GPS(-43.520600, 172.583000, 0.000000, var=[-1.0, -1.0, -1.0])
10:12:56:476487, 1, 2, 1631830376.475848, 43, GPS(-43.520555, 172.582937, 21.434899, var=[1.0, 1.0, 1.0]), 49.11520715072622, GPS(-43.520600, 172.583000, 0.000000, var=[-1.0, -1.0, -1.0])
10:12:56:477554, 3, 3, 1631830376.4758756, 47, GPS(-43.520645, 172.582937, 21.444755, var=[1.0, 1.0, 1.0]), 49.10790976836286, GPS(-43.520600, 172.583000, 0.000000, var=[-1.0, -1.0, -1.0])
10:12:56:477598, 2, 2, 1631830376.4758685, 45, GPS(-43.520555, 172.583062, 21.434925, var=[1.0, 1.0, 1.0]), 49.08874275947037, GPS(-43.520600, 172.583000, 0.000000, var=[-1.0, -1.0, -1.0])
10:12:56:477633, 4, 3, 1631830376.4758651, 44, GPS(-43.520681, 172.583114, 21.425734, var=[1.0, 1.0, 1.0]), 51.499360552101464, GPS(-43.520600, 172.583000, 0.000000, var=[-1.0, -1.0, -1.0])
10:12:57:476213, 3, 3, 1631830377.4760504, 48, GPS(-43.520658, 172.582919, 21.469729, var=[1.0, 1.0, 1.0]), 49.86845592383215, GPS(-43.520600, 172.583000, 0.000000, var=[-1.0, -1.0, -1.0])
10:12:57:476286, 2, 3, 1631830377.4761262, 46, GPS(-43.520555, 172.583062, 21.416925, var=[1.0, 1.0, 1.0]), 49.060906581797084, GPS(-43.520600, 172.583000, 0.000000, var=[-1.0, -1.0, -1.0])
10:12:57:476636, 3, 3, 1631830377.4765418, 49, GPS(-43.520658, 172.582919, 21.469729, var=[1.0, 1.0, 1.0]), 49.86845592383215, GPS(-43.520600, 172.583000, 0.000000, var=[-1.0, -1.0, -1.0])
10:12:57:476711, 2, 3, 1631830377.4765406, 47, GPS(-43.520555, 172.583062, 21.416925, var=[1.0, 1.0, 1.0]), 49.060906581797084, GPS(-43.520600, 172.583000, 0.000000, var=[-1.0, -1.0, -1.0])
10:12:57:476769, 1, 3, 1631830377.4765337, 44, GPS(-43.520555, 172.582937, 21.425899, var=[1.0, 1.0, 1.0]), 49.08804638299052, GPS(-43.520600, 172.583000, 0.000000, var=[-1.0, -1.0, -1.0])
10:12:57:478196, 4, 4, 1631830377.476546, 45, GPS(-43.520691, 172.583127, 21.411720, var=[1.0, 1.0, 1.0]), 52.33152017759747, GPS(-43.520600, 172.583000, 0.000000, var=[-1.0, -1.0, -1.0])
10:12:58:477133, 4, 4, 1631830378.4769545, 46, GPS(-43.520693, 172.583127, 21.412717, var=[1.0, 1.0, 1.0]), 52.37536259706391, GPS(-43.520600, 172.583000, 0.000000, var=[-1.0, -1.0, -1.0])
10:12:58:477464, 3, 3, 1631830378.47737, 50, GPS(-43.520683, 172.582887, 21.408683, var=[1.0, 1.0, 1.0]), 51.540688167995484, GPS(-43.520600, 172.583000, 0.000000, var=[-1.0, -1.0, -1.0])
10:12:58:477622, 2, 3, 1631830378.477527, 48, GPS(-43.520541, 172.583080, 21.474950, var=[1.0, 1.0, 1.0]), 49.86207536006654, GPS(-43.520600, 172.583000, 0.000000, var=[-1.0, -1.0, -1.0])
10:12:58:478085, 1, 3, 1631830378.4779787, 45, GPS(-43.520543, 172.582921, 21.461914, var=[1.0, 1.0, 1.0]), 49.77087330037854, GPS(-43.520600, 172.583000, 0.000000, var=[-1.0, -1.0, -1.0])
10:12:58:479592, 1, 3, 1631830378.4782333, 46, GPS(-43.520543, 172.582921, 21.461914, var=[1.0, 1.0, 1.0]), 49.77087330037854, GPS(-43.520600, 172.583000, 0.000000, var=[-1.0, -1.0, -1.0])
10:12:58:480853, 4, 4, 1631830378.478248, 47, GPS(-43.520693, 172.583127, 21.412717, var=[1.0, 1.0, 1.0]), 52.37536259706391, GPS(-43.520600, 172.583000, 0.000000, var=[-1.0, -1.0, -1.0])
10:12:58:480940, 3, 3, 1631830378.4782581, 51, GPS(-43.520683, 172.582887, 21.408683, var=[1.0, 1.0, 1.0]), 51.540688167995484, GPS(-43.520600, 172.583000, 0.000000, var=[-1.0, -1.0, -1.0])
10:12:58:480996, 2, 3, 1631830378.4782562, 49, GPS(-43.520541, 172.583080, 21.474950, var=[1.0, 1.0, 1.0]), 49.86207536006654, GPS(-43.520600, 172.583000, 0.000000, var=[-1.0, -1.0, -1.0])
10:12:59:478656, 3, 4, 1631830379.4785206, 52, GPS(-43.520693, 172.582873, 21.392665, var=[1.0, 1.0, 1.0]), 52.35778847945828, GPS(-43.520600, 172.583000, 0.000000, var=[-1.0, -1.0, -1.0])
10:12:59:478982, 1, 3, 1631830379.4787545, 47, GPS(-43.520519, 172.582886, 21.401945, var=[1.0, 1.0, 1.0]), 51.47289915216861, GPS(-43.520600, 172.583000, 0.000000, var=[-1.0, -1.0, -1.0])
10:12:59:480504, 1, 3, 1631830379.4796522, 48, GPS(-43.520519, 172.582886, 21.401945, var=[1.0, 1.0, 1.0]), 51.47289915216861, GPS(-43.520600, 172.583000, 0.000000, var=[-1.0, -1.0, -1.0])
10:12:59:480552, 4, 4, 1631830379.4796703, 48, GPS(-43.520692, 172.583124, 21.395719, var=[1.0, 1.0, 1.0]), 52.20849952588584, GPS(-43.520600, 172.583000, 0.000000, var=[-1.0, -1.0, -1.0])
10:12:59:481633, 3, 4, 1631830379.4796855, 53, GPS(-43.520693, 172.582873, 21.392665, var=[1.0, 1.0, 1.0]), 52.35778847945828, GPS(-43.520600, 172.583000, 0.000000, var=[-1.0, -1.0, -1.0])
10:12:59:481673, 2, 3, 1631830379.479687, 50, GPS(-43.520516, 172.583112, 21.385996, var=[1.0, 1.0, 1.0]), 51.49565820039124, GPS(-43.520600, 172.583000, 0.000000, var=[-1.0, -1.0, -1.0])
10:13:00:480484, 4, 4, 1631830380.48027, 49, GPS(-43.520690, 172.583123, 21.390721, var=[1.0, 1.0, 1.0]), 52.121426814858324, GPS(-43.520600, 172.583000, 0.000000, var=[-1.0, -1.0, -1.0])
10:13:00:480639, 1, 4, 1631830380.4803398, 49, GPS(-43.520508, 172.582871, 21.410960, var=[1.0, 1.0, 1.0]), 52.39299646539716, GPS(-43.520600, 172.583000, 0.000000, var=[-1.0, -1.0, -1.0])
10:13:00:482446, 1, 4, 1631830380.4808915, 50, GPS(-43.520508, 172.582871, 21.410960, var=[1.0, 1.0, 1.0]), 52.39299646539716, GPS(-43.520600, 172.583000, 0.000000, var=[-1.0, -1.0, -1.0])
10:13:00:482547, 4, 4, 1631830380.4806068, 50, GPS(-43.520690, 172.583123, 21.390721, var=[1.0, 1.0, 1.0]), 52.121426814858324, GPS(-43.520600, 172.583000, 0.000000, var=[-1.0, -1.0, -1.0])
10:13:00:484297, 2, 4, 1631830380.480632, 51, GPS(-43.520507, 172.583126, 21.378014, var=[1.0, 1.0, 1.0]), 52.327544183249145, GPS(-43.520600, 172.583000, 0.000000, var=[-1.0, -1.0, -1.0])
10:13:00:484365, 3, 4, 1631830380.4806325, 54, GPS(-43.520692, 172.582871, 21.403666, var=[1.0, 1.0, 1.0]), 52.37907076272141, GPS(-43.520600, 172.583000, 0.000000, var=[-1.0, -1.0, -1.0])
10:13:01:481428, 3, 4, 1631830381.4812522, 55, GPS(-43.520690, 172.582873, 21.411670, var=[1.0, 1.0, 1.0]), 52.220505293832815, GPS(-43.520600, 172.583000, 0.000000, var=[-1.0, -1.0, -1.0])
10:13:01:481595, 2, 4, 1631830381.4812524, 52, GPS(-43.520508, 172.583128, 21.393013, var=[1.0, 1.0, 1.0]), 52.36310019062003, GPS(-43.520600, 172.583000, 0.000000, var=[-1.0, -1.0, -1.0])
10:13:01:481715, 1, 4, 1631830381.4813027, 51, GPS(-43.520506, 172.582872, 21.408963, var=[1.0, 1.0, 1.0]), 52.42275736887093, GPS(-43.520600, 172.583000, 0.000000, var=[-1.0, -1.0, -1.0])
10:13:01:482568, 4, 4, 1631830381.4823463, 51, GPS(-43.520690, 172.583124, 21.399722, var=[1.0, 1.0, 1.0]), 52.12102249151714, GPS(-43.520600, 172.583000, 0.000000, var=[-1.0, -1.0, -1.0])
10:13:01:484663, 4, 4, 1631830381.4826176, 52, GPS(-43.520690, 172.583124, 21.399722, var=[1.0, 1.0, 1.0]), 52.12102249151714, GPS(-43.520600, 172.583000, 0.000000, var=[-1.0, -1.0, -1.0])
10:13:01:484736, 1, 4, 1631830381.4826005, 52, GPS(-43.520506, 172.582872, 21.408963, var=[1.0, 1.0, 1.0]), 52.42275736887093, GPS(-43.520600, 172.583000, 0.000000, var=[-1.0, -1.0, -1.0])
10:13:01:485913, 2, 4, 1631830381.4826486, 53, GPS(-43.520508, 172.583128, 21.393013, var=[1.0, 1.0, 1.0]), 52.36310019062003, GPS(-43.520600, 172.583000, 0.000000, var=[-1.0, -1.0, -1.0])
10:13:01:486014, 3, 4, 1631830381.4826615, 56, GPS(-43.520690, 172.582873, 21.411670, var=[1.0, 1.0, 1.0]), 52.220505293832815, GPS(-43.520600, 172.583000, 0.000000, var=[-1.0, -1.0, -1.0])
10:13:02:483047, 1, 4, 1631830382.4829168, 53, GPS(-43.520508, 172.582876, 21.408961, var=[1.0, 1.0, 1.0]), 52.235942261257435, GPS(-43.520600, 172.583000, 0.000000, var=[-1.0, -1.0, -1.0])
10:13:02:483288, 3, 4, 1631830382.4831944, 57, GPS(-43.520689, 172.582875, 21.403671, var=[1.0, 1.0, 1.0]), 52.108919266959816, GPS(-43.520600, 172.583000, 0.000000, var=[-1.0, -1.0, -1.0])
10:13:02:483352, 2, 4, 1631830382.4832242, 54, GPS(-43.520510, 172.583126, 21.393009, var=[1.0, 1.0, 1.0]), 52.1992325896413, GPS(-43.520600, 172.583000, 0.000000, var=[-1.0, -1.0, -1.0])
10:13:02:484690, 4, 4, 1631830382.484592, 53, GPS(-43.520690, 172.583124, 21.397722, var=[1.0, 1.0, 1.0]), 52.12271445923089, GPS(-43.520600, 172.583000, 0.000000, var=[-1.0, -1.0, -1.0])
10:13:02:486000, 4, 4, 1631830382.4847345, 54, GPS(-43.520690, 172.583124, 21.397722, var=[1.0, 1.0, 1.0]), 52.12271445923089, GPS(-43.520600, 172.583000, 0.000000, var=[-1.0, -1.0, -1.0])
10:13:02:486048, 1, 4, 1631830382.4847488, 54, GPS(-43.520508, 172.582876, 21.408961, var=[1.0, 1.0, 1.0]), 52.235942261257435, GPS(-43.520600, 172.583000, 0.000000, var=[-1.0, -1.0, -1.0])
10:13:02:487164, 2, 4, 1631830382.484748, 55, GPS(-43.520510, 172.583126, 21.393009, var=[1.0, 1.0, 1.0]), 52.1992325896413, GPS(-43.520600, 172.583000, 0.000000, var=[-1.0, -1.0, -1.0])
10:13:02:487208, 3, 4, 1631830382.48475, 58, GPS(-43.520689, 172.582875, 21.403671, var=[1.0, 1.0, 1.0]), 52.108919266959816, GPS(-43.520600, 172.583000, 0.000000, var=[-1.0, -1.0, -1.0])
10:13:03:484942, 4, 4, 1631830383.4847882, 55, GPS(-43.520690, 172.583124, 21.409722, var=[1.0, 1.0, 1.0]), 52.126543371122494, GPS(-43.520600, 172.583000, 0.000000, var=[-1.0, -1.0, -1.0])
10:13:03:485844, 1, 4, 1631830383.4857402, 55, GPS(-43.520509, 172.582877, 21.405959, var=[1.0, 1.0, 1.0]), 52.12622704453739, GPS(-43.520600, 172.583000, 0.000000, var=[-1.0, -1.0, -1.0])
10:13:03:487119, 1, 4, 1631830383.4860237, 56, GPS(-43.520509, 172.582877, 21.405959, var=[1.0, 1.0, 1.0]), 52.12622704453739, GPS(-43.520600, 172.583000, 0.000000, var=[-1.0, -1.0, -1.0])
10:13:03:487169, 2, 4, 1631830383.4857733, 56, GPS(-43.520511, 172.583125, 21.389008, var=[1.0, 1.0, 1.0]), 52.11523853069468, GPS(-43.520600, 172.583000, 0.000000, var=[-1.0, -1.0, -1.0])
10:13:03:487205, 3, 4, 1631830383.485895, 59, GPS(-43.520689, 172.582876, 21.396671, var=[1.0, 1.0, 1.0]), 52.08776275842335, GPS(-43.520600, 172.583000, 0.000000, var=[-1.0, -1.0, -1.0])
10:13:03:487238, 4, 4, 1631830383.48603, 56, GPS(-43.520690, 172.583124, 21.409722, var=[1.0, 1.0, 1.0]), 52.126543371122494, GPS(-43.520600, 172.583000, 0.000000, var=[-1.0, -1.0, -1.0])
10:13:03:488804, 3, 4, 1631830383.486089, 60, GPS(-43.520689, 172.582876, 21.396671, var=[1.0, 1.0, 1.0]), 52.08776275842335, GPS(-43.520600, 172.583000, 0.000000, var=[-1.0, -1.0, -1.0])
10:13:03:488864, 2, 4, 1631830383.4860358, 57, GPS(-43.520511, 172.583125, 21.389008, var=[1.0, 1.0, 1.0]), 52.11523853069468, GPS(-43.520600, 172.583000, 0.000000, var=[-1.0, -1.0, -1.0])
10:13:04:487316, 4, 4, 1631830384.4871824, 57, GPS(-43.520689, 172.583124, 21.424723, var=[1.0, 1.0, 1.0]), 52.12250239687832, GPS(-43.520600, 172.583000, 0.000000, var=[-1.0, -1.0, -1.0])
10:13:04:487384, 1, 4, 1631830384.487183, 57, GPS(-43.520510, 172.582876, 21.421958, var=[1.0, 1.0, 1.0]), 52.13715773648321, GPS(-43.520600, 172.583000, 0.000000, var=[-1.0, -1.0, -1.0])
10:13:04:489264, 3, 4, 1631830384.4872036, 61, GPS(-43.520690, 172.582876, 21.401671, var=[1.0, 1.0, 1.0]), 52.105580047869964, GPS(-43.520600, 172.583000, 0.000000, var=[-1.0, -1.0, -1.0])
10:13:04:489385, 2, 4, 1631830384.4871974, 58, GPS(-43.520510, 172.583124, 21.404009, var=[1.0, 1.0, 1.0]), 52.13231681984536, GPS(-43.520600, 172.583000, 0.000000, var=[-1.0, -1.0, -1.0])
10:13:05:487351, 3, 4, 1631830385.4872117, 62, GPS(-43.520690, 172.582876, 21.405671, var=[1.0, 1.0, 1.0]), 52.13142684530578, GPS(-43.520600, 172.583000, 0.000000, var=[-1.0, -1.0, -1.0])
10:13:05:487988, 1, 4, 1631830385.4878829, 58, GPS(-43.520510, 172.582876, 21.421958, var=[1.0, 1.0, 1.0]), 52.172173280273945, GPS(-43.520600, 172.583000, 0.000000, var=[-1.0, -1.0, -1.0])
10:13:05:488412, 2, 4, 1631830385.4883277, 59, GPS(-43.520510, 172.583124, 21.411010, var=[1.0, 1.0, 1.0]), 52.16353710938813, GPS(-43.520600, 172.583000, 0.000000, var=[-1.0, -1.0, -1.0])
10:13:05:489007, 4, 4, 1631830385.4885721, 58, GPS(-43.520689, 172.583124, 21.435723, var=[1.0, 1.0, 1.0]), 52.13532365382535, GPS(-43.520600, 172.583000, 0.000000, var=[-1.0, -1.0, -1.0])
10:13:05:490426, 4, 4, 1631830385.4894207, 59, GPS(-43.520689, 172.583124, 21.435723, var=[1.0, 1.0, 1.0]), 52.13532365382535, GPS(-43.520600, 172.583000, 0.000000, var=[-1.0, -1.0, -1.0])
10:13:05:490473, 1, 4, 1631830385.48939, 59, GPS(-43.520510, 172.582876, 21.421958, var=[1.0, 1.0, 1.0]), 52.172173280273945, GPS(-43.520600, 172.583000, 0.000000, var=[-1.0, -1.0, -1.0])
10:13:05:491490, 3, 4, 1631830385.489413, 63, GPS(-43.520690, 172.582876, 21.405671, var=[1.0, 1.0, 1.0]), 52.13142684530578, GPS(-43.520600, 172.583000, 0.000000, var=[-1.0, -1.0, -1.0])
10:13:05:491547, 2, 4, 1631830385.4896085, 60, GPS(-43.520510, 172.583124, 21.411010, var=[1.0, 1.0, 1.0]), 52.16353710938813, GPS(-43.520600, 172.583000, 0.000000, var=[-1.0, -1.0, -1.0])
10:13:06:490114, 1, 4, 1631830386.4899843, 60, GPS(-43.520510, 172.582876, 21.426958, var=[1.0, 1.0, 1.0]), 52.19251789123143, GPS(-43.520600, 172.583000, 0.000000, var=[-1.0, -1.0, -1.0])
10:13:06:490572, 1, 4, 1631830386.4904766, 61, GPS(-43.520510, 172.582876, 21.426958, var=[1.0, 1.0, 1.0]), 52.19251789123143, GPS(-43.520600, 172.583000, 0.000000, var=[-1.0, -1.0, -1.0])
10:13:06:490643, 4, 4, 1631830386.4905028, 60, GPS(-43.520690, 172.583124, 21.426722, var=[1.0, 1.0, 1.0]), 52.14631371139873, GPS(-43.520600, 172.583000, 0.000000, var=[-1.0, -1.0, -1.0])
10:13:06:492019, 3, 4, 1631830386.4905138, 64, GPS(-43.520690, 172.582876, 21.415671, var=[1.0, 1.0, 1.0]), 52.1528046370656, GPS(-43.520600, 172.583000, 0.000000, var=[-1.0, -1.0, -1.0])
10:13:06:492071, 2, 4, 1631830386.4905097, 61, GPS(-43.520509, 172.583124, 21.416010, var=[1.0, 1.0, 1.0]), 52.18196375716253, GPS(-43.520600, 172.583000, 0.000000, var=[-1.0, -1.0, -1.0])
10:13:07:492077, 3, 4, 1631830387.4919276, 65, GPS(-43.520690, 172.582876, 21.422670, var=[1.0, 1.0, 1.0]), 52.173092811665036, GPS(-43.520600, 172.583000, 0.000000, var=[-1.0, -1.0, -1.0])
10:13:07:492215, 1, 4, 1631830387.4920766, 62, GPS(-43.520510, 172.582876, 21.440957, var=[1.0, 1.0, 1.0]), 52.21077704821201, GPS(-43.520600, 172.583000, 0.000000, var=[-1.0, -1.0, -1.0])
10:13:07:492266, 3, 4, 1631830387.4920943, 66, GPS(-43.520690, 172.582876, 21.422670, var=[1.0, 1.0, 1.0]), 52.173092811665036, GPS(-43.520600, 172.583000, 0.000000, var=[-1.0, -1.0, -1.0])
10:13:07:492302, 2, 4, 1631830387.492098, 62, GPS(-43.520510, 172.583124, 21.439009, var=[1.0, 1.0, 1.0]), 52.197046688412215, GPS(-43.520600, 172.583000, 0.000000, var=[-1.0, -1.0, -1.0])
10:13:07:492335, 4, 4, 1631830387.4920845, 61, GPS(-43.520690, 172.583124, 21.434722, var=[1.0, 1.0, 1.0]), 52.16864738921517, GPS(-43.520600, 172.583000, 0.000000, var=[-1.0, -1.0, -1.0])
10:13:08:492739, 3, 4, 1631830388.4925973, 67, GPS(-43.520690, 172.582876, 21.435670, var=[1.0, 1.0, 1.0]), 52.182399723977575, GPS(-43.520600, 172.583000, 0.000000, var=[-1.0, -1.0, -1.0])
10:13:08:493628, 2, 4, 1631830388.4934573, 63, GPS(-43.520510, 172.583124, 21.436009, var=[1.0, 1.0, 1.0]), 52.18507643005708, GPS(-43.520600, 172.583000, 0.000000, var=[-1.0, -1.0, -1.0])
10:13:08:493966, 3, 4, 1631830388.4938526, 68, GPS(-43.520690, 172.582876, 21.435670, var=[1.0, 1.0, 1.0]), 52.182399723977575, GPS(-43.520600, 172.583000, 0.000000, var=[-1.0, -1.0, -1.0])
10:13:08:494032, 1, 4, 1631830388.493846, 63, GPS(-43.520510, 172.582875, 21.428957, var=[1.0, 1.0, 1.0]), 52.19686960616658, GPS(-43.520600, 172.583000, 0.000000, var=[-1.0, -1.0, -1.0])
10:13:08:494119, 2, 4, 1631830388.4939115, 64, GPS(-43.520510, 172.583124, 21.436009, var=[1.0, 1.0, 1.0]), 52.18507643005708, GPS(-43.520600, 172.583000, 0.000000, var=[-1.0, -1.0, -1.0])
10:13:08:494158, 4, 4, 1631830388.4939039, 62, GPS(-43.520690, 172.583124, 21.435722, var=[1.0, 1.0, 1.0]), 52.166761930970594, GPS(-43.520600, 172.583000, 0.000000, var=[-1.0, -1.0, -1.0])
10:13:09:495158, 1, 4, 1631830389.4950306, 64, GPS(-43.520510, 172.582875, 21.430957, var=[1.0, 1.0, 1.0]), 52.20635579565028, GPS(-43.520600, 172.583000, 0.000000, var=[-1.0, -1.0, -1.0])
10:13:09:495344, 4, 4, 1631830389.4952455, 63, GPS(-43.520690, 172.583124, 21.442722, var=[1.0, 1.0, 1.0]), 52.18593310695528, GPS(-43.520600, 172.583000, 0.000000, var=[-1.0, -1.0, -1.0])
10:13:09:496599, 4, 4, 1631830389.4954703, 64, GPS(-43.520690, 172.583124, 21.442722, var=[1.0, 1.0, 1.0]), 52.18593310695528, GPS(-43.520600, 172.583000, 0.000000, var=[-1.0, -1.0, -1.0])
10:13:09:497772, 2, 4, 1631830389.4953465, 65, GPS(-43.520510, 172.583124, 21.436009, var=[1.0, 1.0, 1.0]), 52.186598106201124, GPS(-43.520600, 172.583000, 0.000000, var=[-1.0, -1.0, -1.0])
10:13:09:497830, 1, 4, 1631830389.495472, 65, GPS(-43.520510, 172.582875, 21.430957, var=[1.0, 1.0, 1.0]), 52.20635579565028, GPS(-43.520600, 172.583000, 0.000000, var=[-1.0, -1.0, -1.0])
10:13:09:497884, 3, 4, 1631830389.4954658, 69, GPS(-43.520690, 172.582876, 21.432670, var=[1.0, 1.0, 1.0]), 52.20069564298838, GPS(-43.520600, 172.583000, 0.000000, var=[-1.0, -1.0, -1.0])
10:13:09:497935, 2, 4, 1631830389.4954813, 66, GPS(-43.520510, 172.583124, 21.436009, var=[1.0, 1.0, 1.0]), 52.186598106201124, GPS(-43.520600, 172.583000, 0.000000, var=[-1.0, -1.0, -1.0])
10:13:10:495815, 1, 4, 1631830390.4956892, 66, GPS(-43.520510, 172.582875, 21.444957, var=[1.0, 1.0, 1.0]), 52.22886376752088, GPS(-43.520600, 172.583000, 0.000000, var=[-1.0, -1.0, -1.0])
10:13:10:496041, 4, 4, 1631830390.495945, 65, GPS(-43.520690, 172.583124, 21.462722, var=[1.0, 1.0, 1.0]), 52.219700466071615, GPS(-43.520600, 172.583000, 0.000000, var=[-1.0, -1.0, -1.0])
10:13:10:497315, 4, 4, 1631830390.4966433, 66, GPS(-43.520690, 172.583124, 21.462722, var=[1.0, 1.0, 1.0]), 52.219700466071615, GPS(-43.520600, 172.583000, 0.000000, var=[-1.0, -1.0, -1.0])
10:13:10:498865, 1, 4, 1631830390.4966443, 67, GPS(-43.520510, 172.582875, 21.444957, var=[1.0, 1.0, 1.0]), 52.22886376752088, GPS(-43.520600, 172.583000, 0.000000, var=[-1.0, -1.0, -1.0])
10:13:10:498921, 2, 4, 1631830390.4966733, 67, GPS(-43.520510, 172.583124, 21.452009, var=[1.0, 1.0, 1.0]), 52.20136220991016, GPS(-43.520600, 172.583000, 0.000000, var=[-1.0, -1.0, -1.0])
10:13:10:498979, 3, 4, 1631830390.4966784, 70, GPS(-43.520690, 172.582876, 21.440670, var=[1.0, 1.0, 1.0]), 52.22565611797158, GPS(-43.520600, 172.583000, 0.000000, var=[-1.0, -1.0, -1.0])
10:13:11:497103, 2, 4, 1631830391.496971, 68, GPS(-43.520510, 172.583123, 21.460009, var=[1.0, 1.0, 1.0]), 52.21292044208049, GPS(-43.520600, 172.583000, 0.000000, var=[-1.0, -1.0, -1.0])
10:13:11:497495, 2, 4, 1631830391.4973533, 69, GPS(-43.520510, 172.583123, 21.460009, var=[1.0, 1.0, 1.0]), 52.21292044208049, GPS(-43.520600, 172.583000, 0.000000, var=[-1.0, -1.0, -1.0])
10:13:11:497574, 1, 4, 1631830391.4973462, 68, GPS(-43.520510, 172.582875, 21.447957, var=[1.0, 1.0, 1.0]), 52.233061179569916, GPS(-43.520600, 172.583000, 0.000000, var=[-1.0, -1.0, -1.0])
10:13:11:497632, 4, 4, 1631830391.497355, 67, GPS(-43.520690, 172.583124, 21.482722, var=[1.0, 1.0, 1.0]), 52.24440889322469, GPS(-43.520600, 172.583000, 0.000000, var=[-1.0, -1.0, -1.0])
10:13:11:499090, 3, 4, 1631830391.4973679, 71, GPS(-43.520690, 172.582876, 21.466670, var=[1.0, 1.0, 1.0]), 52.255350024847864, GPS(-43.520600, 172.583000, 0.000000, var=[-1.0, -1.0, -1.0])
10:13:12:497853, 3, 4, 1631830392.497722, 72, GPS(-43.520690, 172.582876, 21.476670, var=[1.0, 1.0, 1.0]), 52.27635971254392, GPS(-43.520600, 172.583000, 0.000000, var=[-1.0, -1.0, -1.0])
10:13:12:497920, 1, 4, 1631830392.497711, 69, GPS(-43.520510, 172.582876, 21.469957, var=[1.0, 1.0, 1.0]), 52.26211894902957, GPS(-43.520600, 172.583000, 0.000000, var=[-1.0, -1.0, -1.0])
10:13:12:498067, 2, 4, 1631830392.4979544, 70, GPS(-43.520510, 172.583123, 21.476009, var=[1.0, 1.0, 1.0]), 52.243282510129866, GPS(-43.520600, 172.583000, 0.000000, var=[-1.0, -1.0, -1.0])
10:13:12:498511, 4, 4, 1631830392.4983995, 68, GPS(-43.520690, 172.583124, 21.475722, var=[1.0, 1.0, 1.0]), 52.25242045568659, GPS(-43.520600, 172.583000, 0.000000, var=[-1.0, -1.0, -1.0])
10:13:12:500174, 4, 4, 1631830392.4991188, 69, GPS(-43.520690, 172.583124, 21.475722, var=[1.0, 1.0, 1.0]), 52.25242045568659, GPS(-43.520600, 172.583000, 0.000000, var=[-1.0, -1.0, -1.0])
10:13:12:501243, 3, 4, 1631830392.4991014, 73, GPS(-43.520690, 172.582876, 21.476670, var=[1.0, 1.0, 1.0]), 52.27635971254392, GPS(-43.520600, 172.583000, 0.000000, var=[-1.0, -1.0, -1.0])
10:13:12:502191, 2, 4, 1631830392.4991193, 71, GPS(-43.520510, 172.583123, 21.476009, var=[1.0, 1.0, 1.0]), 52.243282510129866, GPS(-43.520600, 172.583000, 0.000000, var=[-1.0, -1.0, -1.0])
10:13:12:503024, 1, 4, 1631830392.4993331, 70, GPS(-43.520510, 172.582876, 21.469957, var=[1.0, 1.0, 1.0]), 52.26211894902957, GPS(-43.520600, 172.583000, 0.000000, var=[-1.0, -1.0, -1.0])
10:13:13:499715, 2, 4, 1631830393.4994006, 72, GPS(-43.520510, 172.583124, 21.478009, var=[1.0, 1.0, 1.0]), 52.25940659835091, GPS(-43.520600, 172.583000, 0.000000, var=[-1.0, -1.0, -1.0])
10:13:13:500910, 2, 4, 1631830393.5004036, 73, GPS(-43.520510, 172.583124, 21.478009, var=[1.0, 1.0, 1.0]), 52.25940659835091, GPS(-43.520600, 172.583000, 0.000000, var=[-1.0, -1.0, -1.0])
10:13:13:501668, 4, 4, 1631830393.500354, 70, GPS(-43.520690, 172.583124, 21.481722, var=[1.0, 1.0, 1.0]), 52.267564900310354, GPS(-43.520600, 172.583000, 0.000000, var=[-1.0, -1.0, -1.0])
10:13:13:503297, 3, 4, 1631830393.5004036, 74, GPS(-43.520690, 172.582876, 21.475670, var=[1.0, 1.0, 1.0]), 52.2750592496067, GPS(-43.520600, 172.583000, 0.000000, var=[-1.0, -1.0, -1.0])
10:13:13:504830, 1, 4, 1631830393.5003533, 71, GPS(-43.520510, 172.582876, 21.469957, var=[1.0, 1.0, 1.0]), 52.27461993173817, GPS(-43.520600, 172.583000, 0.000000, var=[-1.0, -1.0, -1.0])
10:13:14:500585, 4, 4, 1631830394.5003839, 71, GPS(-43.520690, 172.583124, 21.487722, var=[1.0, 1.0, 1.0]), 52.27857152363423, GPS(-43.520600, 172.583000, 0.000000, var=[-1.0, -1.0, -1.0])
10:13:14:505144, 4, 4, 1631830394.5026135, 72, GPS(-43.520690, 172.583124, 21.487722, var=[1.0, 1.0, 1.0]), 52.27857152363423, GPS(-43.520600, 172.583000, 0.000000, var=[-1.0, -1.0, -1.0])
10:13:14:507368, 3, 4, 1631830394.5017908, 75, GPS(-43.520690, 172.582876, 21.480670, var=[1.0, 1.0, 1.0]), 52.28208780557043, GPS(-43.520600, 172.583000, 0.000000, var=[-1.0, -1.0, -1.0])
10:13:14:508611, 2, 4, 1631830394.5021946, 74, GPS(-43.520510, 172.583124, 21.490009, var=[1.0, 1.0, 1.0]), 52.28481190108994, GPS(-43.520600, 172.583000, 0.000000, var=[-1.0, -1.0, -1.0])
10:13:14:510612, 1, 4, 1631830394.5022993, 72, GPS(-43.520510, 172.582876, 21.474957, var=[1.0, 1.0, 1.0]), 52.278509276805046, GPS(-43.520600, 172.583000, 0.000000, var=[-1.0, -1.0, -1.0])
10:13:14:513062, 1, 4, 1631830394.5028691, 73, GPS(-43.520510, 172.582876, 21.474957, var=[1.0, 1.0, 1.0]), 52.278509276805046, GPS(-43.520600, 172.583000, 0.000000, var=[-1.0, -1.0, -1.0])
10:13:14:514443, 3, 4, 1631830394.5026312, 76, GPS(-43.520690, 172.582876, 21.480670, var=[1.0, 1.0, 1.0]), 52.28208780557043, GPS(-43.520600, 172.583000, 0.000000, var=[-1.0, -1.0, -1.0])
10:13:14:515774, 2, 4, 1631830394.5027092, 75, GPS(-43.520510, 172.583124, 21.490009, var=[1.0, 1.0, 1.0]), 52.28481190108994, GPS(-43.520600, 172.583000, 0.000000, var=[-1.0, -1.0, -1.0])
10:13:15:503075, 3, 4, 1631830395.5029268, 77, GPS(-43.520690, 172.582876, 21.481670, var=[1.0, 1.0, 1.0]), 52.29006300012435, GPS(-43.520600, 172.583000, 0.000000, var=[-1.0, -1.0, -1.0])
10:13:15:504326, 3, 4, 1631830395.5033913, 78, GPS(-43.520690, 172.582876, 21.481670, var=[1.0, 1.0, 1.0]), 52.29006300012435, GPS(-43.520600, 172.583000, 0.000000, var=[-1.0, -1.0, -1.0])
10:13:15:505232, 4, 4, 1631830395.503388, 73, GPS(-43.520690, 172.583124, 21.489722, var=[1.0, 1.0, 1.0]), 52.27798322777669, GPS(-43.520600, 172.583000, 0.000000, var=[-1.0, -1.0, -1.0])
10:13:15:507860, 2, 4, 1631830395.5033956, 76, GPS(-43.520510, 172.583124, 21.490009, var=[1.0, 1.0, 1.0]), 52.29194422006269, GPS(-43.520600, 172.583000, 0.000000, var=[-1.0, -1.0, -1.0])
10:13:15:508863, 1, 4, 1631830395.5033917, 74, GPS(-43.520510, 172.582876, 21.487957, var=[1.0, 1.0, 1.0]), 52.29964092048601, GPS(-43.520600, 172.583000, 0.000000, var=[-1.0, -1.0, -1.0])
10:13:16:503684, 2, 4, 1631830396.503488, 77, GPS(-43.520510, 172.583124, 21.486009, var=[1.0, 1.0, 1.0]), 52.28035455444595, GPS(-43.520600, 172.583000, 0.000000, var=[-1.0, -1.0, -1.0])
10:13:16:505117, 3, 4, 1631830396.5035207, 79, GPS(-43.520690, 172.582876, 21.481670, var=[1.0, 1.0, 1.0]), 52.28690188371385, GPS(-43.520600, 172.583000, 0.000000, var=[-1.0, -1.0, -1.0])
10:13:16:506062, 4, 4, 1631830396.503795, 74, GPS(-43.520690, 172.583124, 21.491722, var=[1.0, 1.0, 1.0]), 52.2819936766426, GPS(-43.520600, 172.583000, 0.000000, var=[-1.0, -1.0, -1.0])
10:13:16:508913, 1, 4, 1631830396.5047436, 75, GPS(-43.520510, 172.582876, 21.489957, var=[1.0, 1.0, 1.0]), 52.30246634426544, GPS(-43.520600, 172.583000, 0.000000, var=[-1.0, -1.0, -1.0])
10:13:16:509909, 2, 4, 1631830396.506725, 78, GPS(-43.520510, 172.583124, 21.486009, var=[1.0, 1.0, 1.0]), 52.28035455444595, GPS(-43.520600, 172.583000, 0.000000, var=[-1.0, -1.0, -1.0])
10:13:16:511081, 3, 4, 1631830396.5072687, 80, GPS(-43.520690, 172.582876, 21.481670, var=[1.0, 1.0, 1.0]), 52.28690188371385, GPS(-43.520600, 172.583000, 0.000000, var=[-1.0, -1.0, -1.0])
10:13:16:512569, 4, 4, 1631830396.5073109, 75, GPS(-43.520690, 172.583124, 21.491722, var=[1.0, 1.0, 1.0]), 52.2819936766426, GPS(-43.520600, 172.583000, 0.000000, var=[-1.0, -1.0, -1.0])
10:13:16:515175, 1, 4, 1631830396.5068831, 76, GPS(-43.520510, 172.582876, 21.489957, var=[1.0, 1.0, 1.0]), 52.30246634426544, GPS(-43.520600, 172.583000, 0.000000, var=[-1.0, -1.0, -1.0])
10:13:17:508709, 4, 4, 1631830397.507567, 76, GPS(-43.520690, 172.583124, 21.478721, var=[1.0, 1.0, 1.0]), 52.28114587970885, GPS(-43.520600, 172.583000, 0.000000, var=[-1.0, -1.0, -1.0])
10:13:17:510693, 1, 4, 1631830397.5075717, 77, GPS(-43.520510, 172.582875, 21.487957, var=[1.0, 1.0, 1.0]), 52.30409620208046, GPS(-43.520600, 172.583000, 0.000000, var=[-1.0, -1.0, -1.0])
10:13:17:512046, 2, 4, 1631830397.50758, 79, GPS(-43.520510, 172.583124, 21.483009, var=[1.0, 1.0, 1.0]), 52.26308296485159, GPS(-43.520600, 172.583000, 0.000000, var=[-1.0, -1.0, -1.0])
10:13:17:512842, 3, 4, 1631830397.5075817, 81, GPS(-43.520690, 172.582876, 21.483670, var=[1.0, 1.0, 1.0]), 52.289900713524005, GPS(-43.520600, 172.583000, 0.000000, var=[-1.0, -1.0, -1.0])
10:13:18:507910, 3, 4, 1631830398.5076551, 82, GPS(-43.520690, 172.582876, 21.472669, var=[1.0, 1.0, 1.0]), 52.28969523864964, GPS(-43.520600, 172.583000, 0.000000, var=[-1.0, -1.0, -1.0])
10:13:18:509423, 1, 4, 1631830398.508824, 78, GPS(-43.520510, 172.582876, 21.464957, var=[1.0, 1.0, 1.0]), 52.265959910156624, GPS(-43.520600, 172.583000, 0.000000, var=[-1.0, -1.0, -1.0])
10:13:18:510771, 2, 4, 1631830398.5077353, 80, GPS(-43.520510, 172.583124, 21.468008, var=[1.0, 1.0, 1.0]), 52.23790796725035, GPS(-43.520600, 172.583000, 0.000000, var=[-1.0, -1.0, -1.0])
10:13:18:512309, 4, 4, 1631830398.507944, 77, GPS(-43.520690, 172.583124, 21.458721, var=[1.0, 1.0, 1.0]), 52.26044358440798, GPS(-43.520600, 172.583000, 0.000000, var=[-1.0, -1.0, -1.0])
10:13:18:515712, 3, 4, 1631830398.5097442, 83, GPS(-43.520690, 172.582876, 21.472669, var=[1.0, 1.0, 1.0]), 52.28969523864964, GPS(-43.520600, 172.583000, 0.000000, var=[-1.0, -1.0, -1.0])
10:13:18:517129, 1, 4, 1631830398.5096953, 79, GPS(-43.520510, 172.582876, 21.464957, var=[1.0, 1.0, 1.0]), 52.265959910156624, GPS(-43.520600, 172.583000, 0.000000, var=[-1.0, -1.0, -1.0])
10:13:18:518409, 2, 4, 1631830398.5097728, 81, GPS(-43.520510, 172.583124, 21.468008, var=[1.0, 1.0, 1.0]), 52.23790796725035, GPS(-43.520600, 172.583000, 0.000000, var=[-1.0, -1.0, -1.0])
10:13:18:519802, 4, 4, 1631830398.5097737, 78, GPS(-43.520690, 172.583124, 21.458721, var=[1.0, 1.0, 1.0]), 52.26044358440798, GPS(-43.520600, 172.583000, 0.000000, var=[-1.0, -1.0, -1.0])
10:13:19:510064, 2, 4, 1631830399.5099065, 82, GPS(-43.520511, 172.583124, 21.469008, var=[1.0, 1.0, 1.0]), 52.21711647294376, GPS(-43.520600, 172.583000, 0.000000, var=[-1.0, -1.0, -1.0])
10:13:19:511269, 4, 4, 1631830399.5101771, 79, GPS(-43.520690, 172.583124, 21.468721, var=[1.0, 1.0, 1.0]), 52.26012741753059, GPS(-43.520600, 172.583000, 0.000000, var=[-1.0, -1.0, -1.0])
10:13:19:513228, 3, 4, 1631830399.5099034, 84, GPS(-43.520690, 172.582876, 21.462669, var=[1.0, 1.0, 1.0]), 52.26520089207469, GPS(-43.520600, 172.583000, 0.000000, var=[-1.0, -1.0, -1.0])
10:13:19:514370, 1, 4, 1631830399.5115209, 80, GPS(-43.520511, 172.582876, 21.464956, var=[1.0, 1.0, 1.0]), 52.23256321797742, GPS(-43.520600, 172.583000, 0.000000, var=[-1.0, -1.0, -1.0])
10:13:19:538520, 2, 4, 1631830399.5383794, 83, GPS(-43.520511, 172.583124, 21.469008, var=[1.0, 1.0, 1.0]), 52.215106717709325, GPS(-43.520600, 172.583000, 0.000000, var=[-1.0, -1.0, -1.0])
10:13:19:539775, 3, 4, 1631830399.5395634, 85, GPS(-43.520690, 172.582876, 21.462669, var=[1.0, 1.0, 1.0]), 52.263191136840256, GPS(-43.520600, 172.583000, 0.000000, var=[-1.0, -1.0, -1.0])
10:13:19:544145, 4, 4, 1631830399.5440469, 80, GPS(-43.520690, 172.583124, 21.469721, var=[1.0, 1.0, 1.0]), 52.25895243361366, GPS(-43.520600, 172.583000, 0.000000, var=[-1.0, -1.0, -1.0])
10:13:19:582165, 1, 4, 1631830399.5820398, 81, GPS(-43.520511, 172.582876, 21.464956, var=[1.0, 1.0, 1.0]), 52.23055346274299, GPS(-43.520600, 172.583000, 0.000000, var=[-1.0, -1.0, -1.0])
10:13:20:540451, 2, 4, 1631830400.5402696, 84, GPS(-43.520511, 172.583124, 21.462008, var=[1.0, 1.0, 1.0]), 52.21669564855743, GPS(-43.520600, 172.583000, 0.000000, var=[-1.0, -1.0, -1.0])
10:13:20:541545, 3, 4, 1631830400.540485, 86, GPS(-43.520690, 172.582876, 21.468669, var=[1.0, 1.0, 1.0]), 52.272534198842095, GPS(-43.520600, 172.583000, 0.000000, var=[-1.0, -1.0, -1.0])
10:13:20:545515, 4, 4, 1631830400.5454068, 81, GPS(-43.520690, 172.583124, 21.458721, var=[1.0, 1.0, 1.0]), 52.2454252911581, GPS(-43.520600, 172.583000, 0.000000, var=[-1.0, -1.0, -1.0])
10:13:20:547488, 4, 4, 1631830400.545627, 82, GPS(-43.520690, 172.583124, 21.458721, var=[1.0, 1.0, 1.0]), 52.2454252911581, GPS(-43.520600, 172.583000, 0.000000, var=[-1.0, -1.0, -1.0])
10:13:20:548463, 1, 4, 1631830400.545632, 82, GPS(-43.520511, 172.582876, 21.454956, var=[1.0, 1.0, 1.0]), 52.212768960744754, GPS(-43.520600, 172.583000, 0.000000, var=[-1.0, -1.0, -1.0])
10:13:20:551130, 2, 4, 1631830400.545653, 85, GPS(-43.520511, 172.583124, 21.462008, var=[1.0, 1.0, 1.0]), 52.21669564855743, GPS(-43.520600, 172.583000, 0.000000, var=[-1.0, -1.0, -1.0])
10:13:20:555055, 3, 4, 1631830400.5456593, 87, GPS(-43.520690, 172.582876, 21.468669, var=[1.0, 1.0, 1.0]), 52.272534198842095, GPS(-43.520600, 172.583000, 0.000000, var=[-1.0, -1.0, -1.0])
10:13:21:546101, 3, 4, 1631830401.5459702, 88, GPS(-43.520690, 172.582876, 21.453669, var=[1.0, 1.0, 1.0]), 52.23989542269953, GPS(-43.520600, 172.583000, 0.000000, var=[-1.0, -1.0, -1.0])
10:13:21:547359, 3, 4, 1631830401.5467172, 89, GPS(-43.520690, 172.582876, 21.453669, var=[1.0, 1.0, 1.0]), 52.23989542269953, GPS(-43.520600, 172.583000, 0.000000, var=[-1.0, -1.0, -1.0])
10:13:21:548172, 1, 4, 1631830401.5460703, 83, GPS(-43.520510, 172.582876, 21.436957, var=[1.0, 1.0, 1.0]), 52.19368651277057, GPS(-43.520600, 172.583000, 0.000000, var=[-1.0, -1.0, -1.0])
10:13:21:548903, 4, 4, 1631830401.546389, 83, GPS(-43.520690, 172.583124, 21.441721, var=[1.0, 1.0, 1.0]), 52.21617301625383, GPS(-43.520600, 172.583000, 0.000000, var=[-1.0, -1.0, -1.0])
10:13:21:551401, 2, 4, 1631830401.5467224, 86, GPS(-43.520510, 172.583124, 21.442008, var=[1.0, 1.0, 1.0]), 52.197905138402035, GPS(-43.520600, 172.583000, 0.000000, var=[-1.0, -1.0, -1.0])
10:13:21:552399, 4, 4, 1631830401.5467076, 84, GPS(-43.520690, 172.583124, 21.441721, var=[1.0, 1.0, 1.0]), 52.21617301625383, GPS(-43.520600, 172.583000, 0.000000, var=[-1.0, -1.0, -1.0])
10:13:21:553488, 1, 4, 1631830401.546733, 84, GPS(-43.520510, 172.582876, 21.436957, var=[1.0, 1.0, 1.0]), 52.19368651277057, GPS(-43.520600, 172.583000, 0.000000, var=[-1.0, -1.0, -1.0])
10:13:22:547194, 4, 4, 1631830402.5470662, 85, GPS(-43.520690, 172.583124, 21.455722, var=[1.0, 1.0, 1.0]), 52.210260505314814, GPS(-43.520600, 172.583000, 0.000000, var=[-1.0, -1.0, -1.0])
10:13:22:548181, 2, 4, 1631830402.5480251, 87, GPS(-43.520510, 172.583124, 21.435009, var=[1.0, 1.0, 1.0]), 52.19102515295856, GPS(-43.520600, 172.583000, 0.000000, var=[-1.0, -1.0, -1.0])
10:13:22:548889, 1, 4, 1631830402.5474868, 85, GPS(-43.520510, 172.582876, 21.422957, var=[1.0, 1.0, 1.0]), 52.18530419882532, GPS(-43.520600, 172.583000, 0.000000, var=[-1.0, -1.0, -1.0])
10:13:22:550620, 3, 4, 1631830402.5477834, 90, GPS(-43.520690, 172.582876, 21.438670, var=[1.0, 1.0, 1.0]), 52.19721451375889, GPS(-43.520600, 172.583000, 0.000000, var=[-1.0, -1.0, -1.0])
10:13:22:577574, 1, 4, 1631830402.5774293, 86, GPS(-43.520510, 172.582876, 21.422957, var=[1.0, 1.0, 1.0]), 52.17230363672264, GPS(-43.520600, 172.583000, 0.000000, var=[-1.0, -1.0, -1.0])
10:13:22:579222, 3, 4, 1631830402.5791066, 91, GPS(-43.520690, 172.582876, 21.438670, var=[1.0, 1.0, 1.0]), 52.184213951656204, GPS(-43.520600, 172.583000, 0.000000, var=[-1.0, -1.0, -1.0])
10:13:22:581183, 4, 4, 1631830402.5810826, 86, GPS(-43.520690, 172.583124, 21.455722, var=[1.0, 1.0, 1.0]), 52.19725994321213, GPS(-43.520600, 172.583000, 0.000000, var=[-1.0, -1.0, -1.0])
10:13:22:615831, 2, 4, 1631830402.615701, 88, GPS(-43.520510, 172.583124, 21.434009, var=[1.0, 1.0, 1.0]), 52.1771899708601, GPS(-43.520600, 172.583000, 0.000000, var=[-1.0, -1.0, -1.0])
10:13:23:579506, 3, 4, 1631830403.5793142, 92, GPS(-43.520690, 172.582876, 21.441670, var=[1.0, 1.0, 1.0]), 52.17688521733348, GPS(-43.520600, 172.583000, 0.000000, var=[-1.0, -1.0, -1.0])
10:13:23:580898, 1, 4, 1631830403.5794435, 87, GPS(-43.520510, 172.582876, 21.422958, var=[1.0, 1.0, 1.0]), 52.18412914569595, GPS(-43.520600, 172.583000, 0.000000, var=[-1.0, -1.0, -1.0])
10:13:23:582243, 4, 4, 1631830403.5815332, 87, GPS(-43.520690, 172.583124, 21.440722, var=[1.0, 1.0, 1.0]), 52.16863329727542, GPS(-43.520600, 172.583000, 0.000000, var=[-1.0, -1.0, -1.0])
10:13:23:584790, 4, 4, 1631830403.5825777, 88, GPS(-43.520690, 172.583124, 21.440722, var=[1.0, 1.0, 1.0]), 52.16863329727542, GPS(-43.520600, 172.583000, 0.000000, var=[-1.0, -1.0, -1.0])
10:13:23:586946, 2, 4, 1631830403.5825963, 89, GPS(-43.520510, 172.583124, 21.428009, var=[1.0, 1.0, 1.0]), 52.18520299353076, GPS(-43.520600, 172.583000, 0.000000, var=[-1.0, -1.0, -1.0])
10:13:23:588380, 3, 4, 1631830403.5826094, 93, GPS(-43.520690, 172.582876, 21.441670, var=[1.0, 1.0, 1.0]), 52.17688521733348, GPS(-43.520600, 172.583000, 0.000000, var=[-1.0, -1.0, -1.0])
10:13:23:589396, 1, 4, 1631830403.583061, 88, GPS(-43.520510, 172.582876, 21.422958, var=[1.0, 1.0, 1.0]), 52.18412914569595, GPS(-43.520600, 172.583000, 0.000000, var=[-1.0, -1.0, -1.0])
10:13:24:584702, 4, 4, 1631830404.5836496, 89, GPS(-43.520689, 172.583124, 21.437723, var=[1.0, 1.0, 1.0]), 52.15827502065689, GPS(-43.520600, 172.583000, 0.000000, var=[-1.0, -1.0, -1.0])
10:13:24:585482, 1, 4, 1631830404.5836394, 89, GPS(-43.520509, 172.582876, 21.422958, var=[1.0, 1.0, 1.0]), 52.203485351882776, GPS(-43.520600, 172.583000, 0.000000, var=[-1.0, -1.0, -1.0])
10:13:24:588122, 2, 4, 1631830404.5836604, 90, GPS(-43.520509, 172.583124, 21.444010, var=[1.0, 1.0, 1.0]), 52.21981210597607, GPS(-43.520600, 172.583000, 0.000000, var=[-1.0, -1.0, -1.0])
10:13:24:589162, 3, 4, 1631830404.583662, 94, GPS(-43.520690, 172.582876, 21.438671, var=[1.0, 1.0, 1.0]), 52.164539323410054, GPS(-43.520600, 172.583000, 0.000000, var=[-1.0, -1.0, -1.0])
10:13:25:583836, 4, 4, 1631830405.5836809, 90, GPS(-43.520689, 172.583124, 21.427723, var=[1.0, 1.0, 1.0]), 52.13325020977429, GPS(-43.520600, 172.583000, 0.000000, var=[-1.0, -1.0, -1.0])
10:13:25:585110, 1, 4, 1631830405.583689, 90, GPS(-43.520509, 172.582876, 21.422959, var=[1.0, 1.0, 1.0]), 52.20729672040829, GPS(-43.520600, 172.583000, 0.000000, var=[-1.0, -1.0, -1.0])
10:13:25:587281, 2, 4, 1631830405.5855353, 91, GPS(-43.520509, 172.583124, 21.440010, var=[1.0, 1.0, 1.0]), 52.21713909286002, GPS(-43.520600, 172.583000, 0.000000, var=[-1.0, -1.0, -1.0])
10:13:25:588200, 3, 4, 1631830405.585477, 95, GPS(-43.520689, 172.582876, 21.432671, var=[1.0, 1.0, 1.0]), 52.13738604096141, GPS(-43.520600, 172.583000, 0.000000, var=[-1.0, -1.0, -1.0])
10:13:25:625359, 1, 4, 1631830405.6252167, 91, GPS(-43.520509, 172.582876, 21.422959, var=[1.0, 1.0, 1.0]), 52.204420453006115, GPS(-43.520600, 172.583000, 0.000000, var=[-1.0, -1.0, -1.0])
10:13:25:628853, 4, 4, 1631830405.628744, 91, GPS(-43.520689, 172.583124, 21.427723, var=[1.0, 1.0, 1.0]), 52.13037394237212, GPS(-43.520600, 172.583000, 0.000000, var=[-1.0, -1.0, -1.0])
10:13:25:630948, 2, 4, 1631830405.6298053, 92, GPS(-43.520509, 172.583124, 21.440010, var=[1.0, 1.0, 1.0]), 52.21426282545785, GPS(-43.520600, 172.583000, 0.000000, var=[-1.0, -1.0, -1.0])
10:13:25:631823, 3, 4, 1631830405.6295764, 96, GPS(-43.520689, 172.582876, 21.432671, var=[1.0, 1.0, 1.0]), 52.13450977355924, GPS(-43.520600, 172.583000, 0.000000, var=[-1.0, -1.0, -1.0])
10:13:26:625943, 1, 4, 1631830406.6258068, 92, GPS(-43.520509, 172.582876, 21.429959, var=[1.0, 1.0, 1.0]), 52.21362570806642, GPS(-43.520600, 172.583000, 0.000000, var=[-1.0, -1.0, -1.0])
10:13:26:628906, 4, 4, 1631830406.628783, 92, GPS(-43.520689, 172.583124, 21.419723, var=[1.0, 1.0, 1.0]), 52.116401581688876, GPS(-43.520600, 172.583000, 0.000000, var=[-1.0, -1.0, -1.0])
10:13:26:664293, 2, 4, 1631830406.6641612, 93, GPS(-43.520509, 172.583124, 21.425010, var=[1.0, 1.0, 1.0]), 52.18553256279302, GPS(-43.520600, 172.583000, 0.000000, var=[-1.0, -1.0, -1.0])
10:13:26:665324, 2, 4, 1631830406.6643393, 94, GPS(-43.520509, 172.583124, 21.425010, var=[1.0, 1.0, 1.0]), 52.18553256279302, GPS(-43.520600, 172.583000, 0.000000, var=[-1.0, -1.0, -1.0])
10:13:26:668107, 4, 4, 1631830406.6679857, 93, GPS(-43.520689, 172.583124, 21.419723, var=[1.0, 1.0, 1.0]), 52.10430800509437, GPS(-43.520600, 172.583000, 0.000000, var=[-1.0, -1.0, -1.0])
10:13:26:669139, 3, 4, 1631830406.66884, 97, GPS(-43.520689, 172.582876, 21.432671, var=[1.0, 1.0, 1.0]), 52.12456122825593, GPS(-43.520600, 172.583000, 0.000000, var=[-1.0, -1.0, -1.0])
10:13:26:669997, 3, 4, 1631830406.669062, 98, GPS(-43.520689, 172.582876, 21.432671, var=[1.0, 1.0, 1.0]), 52.12456122825593, GPS(-43.520600, 172.583000, 0.000000, var=[-1.0, -1.0, -1.0])
10:13:26:671063, 1, 4, 1631830406.6701934, 93, GPS(-43.520509, 172.582876, 21.429959, var=[1.0, 1.0, 1.0]), 52.20153213147191, GPS(-43.520600, 172.583000, 0.000000, var=[-1.0, -1.0, -1.0])
10:13:27:665675, 2, 4, 1631830407.665541, 95, GPS(-43.520509, 172.583124, 21.409010, var=[1.0, 1.0, 1.0]), 52.17533472901425, GPS(-43.520600, 172.583000, 0.000000, var=[-1.0, -1.0, -1.0])
10:13:27:668285, 4, 4, 1631830407.6681693, 94, GPS(-43.520689, 172.583124, 21.414723, var=[1.0, 1.0, 1.0]), 52.10327116988219, GPS(-43.520600, 172.583000, 0.000000, var=[-1.0, -1.0, -1.0])
10:13:27:671061, 3, 4, 1631830407.670959, 99, GPS(-43.520689, 172.582876, 21.424671, var=[1.0, 1.0, 1.0]), 52.12102351534497, GPS(-43.520600, 172.583000, 0.000000, var=[-1.0, -1.0, -1.0])
10:13:27:672108, 1, 4, 1631830407.6712606, 94, GPS(-43.520509, 172.582876, 21.420959, var=[1.0, 1.0, 1.0]), 52.18966048701026, GPS(-43.520600, 172.583000, 0.000000, var=[-1.0, -1.0, -1.0])
10:13:27:673935, 1, 4, 1631830407.6721678, 95, GPS(-43.520509, 172.582876, 21.420959, var=[1.0, 1.0, 1.0]), 52.18966048701026, GPS(-43.520600, 172.583000, 0.000000, var=[-1.0, -1.0, -1.0])
10:13:27:674928, 4, 4, 1631830407.6721816, 95, GPS(-43.520689, 172.583124, 21.414723, var=[1.0, 1.0, 1.0]), 52.10327116988219, GPS(-43.520600, 172.583000, 0.000000, var=[-1.0, -1.0, -1.0])
10:13:27:677396, 2, 4, 1631830407.6721902, 96, GPS(-43.520509, 172.583124, 21.409010, var=[1.0, 1.0, 1.0]), 52.17533472901425, GPS(-43.520600, 172.583000, 0.000000, var=[-1.0, -1.0, -1.0])
10:13:27:678619, 3, 4, 1631830407.6722245, 100, GPS(-43.520689, 172.582876, 21.424671, var=[1.0, 1.0, 1.0]), 52.12102351534497, GPS(-43.520600, 172.583000, 0.000000, var=[-1.0, -1.0, -1.0])
10:13:28:672399, 4, 4, 1631830408.6722744, 96, GPS(-43.520689, 172.583124, 21.410723, var=[1.0, 1.0, 1.0]), 52.10173623623889, GPS(-43.520600, 172.583000, 0.000000, var=[-1.0, -1.0, -1.0])
10:13:28:673480, 4, 4, 1631830408.6731837, 97, GPS(-43.520689, 172.583124, 21.410723, var=[1.0, 1.0, 1.0]), 52.10173623623889, GPS(-43.520600, 172.583000, 0.000000, var=[-1.0, -1.0, -1.0])
10:13:28:674290, 3, 4, 1631830408.672564, 101, GPS(-43.520689, 172.582876, 21.427671, var=[1.0, 1.0, 1.0]), 52.12649039230217, GPS(-43.520600, 172.583000, 0.000000, var=[-1.0, -1.0, -1.0])
10:13:28:674988, 2, 4, 1631830408.673083, 97, GPS(-43.520509, 172.583124, 21.418010, var=[1.0, 1.0, 1.0]), 52.19016413065199, GPS(-43.520600, 172.583000, 0.000000, var=[-1.0, -1.0, -1.0])
10:13:28:675827, 1, 4, 1631830408.6731806, 96, GPS(-43.520509, 172.582876, 21.418958, var=[1.0, 1.0, 1.0]), 52.18535636477583, GPS(-43.520600, 172.583000, 0.000000, var=[-1.0, -1.0, -1.0])
10:13:28:679957, 2, 4, 1631830408.673216, 98, GPS(-43.520509, 172.583124, 21.418010, var=[1.0, 1.0, 1.0]), 52.19016413065199, GPS(-43.520600, 172.583000, 0.000000, var=[-1.0, -1.0, -1.0])
10:13:28:682163, 3, 4, 1631830408.6731899, 102, GPS(-43.520689, 172.582876, 21.427671, var=[1.0, 1.0, 1.0]), 52.12649039230217, GPS(-43.520600, 172.583000, 0.000000, var=[-1.0, -1.0, -1.0])
10:13:29:674678, 1, 4, 1631830409.6745238, 97, GPS(-43.520509, 172.582876, 21.404959, var=[1.0, 1.0, 1.0]), 52.15995793275359, GPS(-43.520600, 172.583000, 0.000000, var=[-1.0, -1.0, -1.0])
10:13:29:677062, 4, 4, 1631830409.6750238, 98, GPS(-43.520689, 172.583124, 21.408723, var=[1.0, 1.0, 1.0]), 52.094554086960855, GPS(-43.520600, 172.583000, 0.000000, var=[-1.0, -1.0, -1.0])
10:13:29:677972, 2, 4, 1631830409.6746047, 99, GPS(-43.520509, 172.583124, 21.401010, var=[1.0, 1.0, 1.0]), 52.16294919476399, GPS(-43.520600, 172.583000, 0.000000, var=[-1.0, -1.0, -1.0])
10:13:29:678895, 3, 4, 1631830409.6752481, 103, GPS(-43.520689, 172.582876, 21.409671, var=[1.0, 1.0, 1.0]), 52.09649027040565, GPS(-43.520600, 172.583000, 0.000000, var=[-1.0, -1.0, -1.0])
10:13:29:701357, 2, 4, 1631830409.7012293, 100, GPS(-43.520509, 172.583124, 21.402010, var=[1.0, 1.0, 1.0]), 52.16578207522424, GPS(-43.520600, 172.583000, 0.000000, var=[-1.0, -1.0, -1.0])
10:13:29:705106, 4, 4, 1631830409.7021933, 99, GPS(-43.520689, 172.583124, 21.407723, var=[1.0, 1.0, 1.0]), 52.09571866587421, GPS(-43.520600, 172.583000, 0.000000, var=[-1.0, -1.0, -1.0])
10:13:29:706091, 1, 4, 1631830409.7059257, 98, GPS(-43.520509, 172.582876, 21.404959, var=[1.0, 1.0, 1.0]), 52.16195791845871, GPS(-43.520600, 172.583000, 0.000000, var=[-1.0, -1.0, -1.0])
10:13:29:731278, 3, 4, 1631830409.7311542, 104, GPS(-43.520689, 172.582876, 21.408671, var=[1.0, 1.0, 1.0]), 52.094505242851966, GPS(-43.520600, 172.583000, 0.000000, var=[-1.0, -1.0, -1.0])
10:13:30:702349, 2, 4, 1631830410.7021906, 101, GPS(-43.520509, 172.583124, 21.409010, var=[1.0, 1.0, 1.0]), 52.171612672186775, GPS(-43.520600, 172.583000, 0.000000, var=[-1.0, -1.0, -1.0])
10:13:30:704150, 4, 4, 1631830410.703817, 100, GPS(-43.520689, 172.583124, 21.400723, var=[1.0, 1.0, 1.0]), 52.10162374043275, GPS(-43.520600, 172.583000, 0.000000, var=[-1.0, -1.0, -1.0])
10:13:30:708712, 4, 4, 1631830410.7070017, 101, GPS(-43.520689, 172.583124, 21.400723, var=[1.0, 1.0, 1.0]), 52.10162374043275, GPS(-43.520600, 172.583000, 0.000000, var=[-1.0, -1.0, -1.0])
10:13:30:709764, 1, 4, 1631830410.707013, 99, GPS(-43.520509, 172.582876, 21.398959, var=[1.0, 1.0, 1.0]), 52.160098750572175, GPS(-43.520600, 172.583000, 0.000000, var=[-1.0, -1.0, -1.0])
10:13:30:711729, 2, 4, 1631830410.7070708, 102, GPS(-43.520509, 172.583124, 21.408010, var=[1.0, 1.0, 1.0]), 52.170779694020595, GPS(-43.520600, 172.583000, 0.000000, var=[-1.0, -1.0, -1.0])
10:13:30:713036, 3, 4, 1631830410.7070718, 105, GPS(-43.520689, 172.582876, 21.405671, var=[1.0, 1.0, 1.0]), 52.09199886354048, GPS(-43.520600, 172.583000, 0.000000, var=[-1.0, -1.0, -1.0])
10:13:31:707314, 2, 4, 1631830411.7071838, 103, GPS(-43.520509, 172.583124, 21.410010, var=[1.0, 1.0, 1.0]), 52.160369443584, GPS(-43.520600, 172.583000, 0.000000, var=[-1.0, -1.0, -1.0])
10:13:31:708740, 1, 4, 1631830411.7077096, 100, GPS(-43.520509, 172.582876, 21.401959, var=[1.0, 1.0, 1.0]), 52.145459903366515, GPS(-43.520600, 172.583000, 0.000000, var=[-1.0, -1.0, -1.0])
10:13:31:710712, 3, 4, 1631830411.707373, 106, GPS(-43.520689, 172.582876, 21.394671, var=[1.0, 1.0, 1.0]), 52.06566214389804, GPS(-43.520600, 172.583000, 0.000000, var=[-1.0, -1.0, -1.0])
10:13:31:711558, 4, 4, 1631830411.7076666, 102, GPS(-43.520689, 172.583124, 21.406723, var=[1.0, 1.0, 1.0]), 52.09263491469953, GPS(-43.520600, 172.583000, 0.000000, var=[-1.0, -1.0, -1.0])
10:13:31:738499, 1, 4, 1631830411.738165, 101, GPS(-43.520509, 172.582876, 21.401959, var=[1.0, 1.0, 1.0]), 52.15542982923074, GPS(-43.520600, 172.583000, 0.000000, var=[-1.0, -1.0, -1.0])
10:13:31:762834, 3, 4, 1631830411.7626858, 107, GPS(-43.520689, 172.582876, 21.395671, var=[1.0, 1.0, 1.0]), 52.077467484653425, GPS(-43.520600, 172.583000, 0.000000, var=[-1.0, -1.0, -1.0])
10:13:31:765669, 2, 4, 1631830411.7654433, 104, GPS(-43.520509, 172.583124, 21.411010, var=[1.0, 1.0, 1.0]), 52.16781148792019, GPS(-43.520600, 172.583000, 0.000000, var=[-1.0, -1.0, -1.0])
10:13:31:772454, 4, 4, 1631830411.7723303, 103, GPS(-43.520689, 172.583124, 21.406723, var=[1.0, 1.0, 1.0]), 52.10360483449767, GPS(-43.520600, 172.583000, 0.000000, var=[-1.0, -1.0, -1.0])
10:13:32:738421, 1, 4, 1631830412.7382934, 102, GPS(-43.520509, 172.582876, 21.407959, var=[1.0, 1.0, 1.0]), 52.16142865983133, GPS(-43.520600, 172.583000, 0.000000, var=[-1.0, -1.0, -1.0])
10:13:32:767448, 4, 4, 1631830412.7672963, 104, GPS(-43.520689, 172.583124, 21.416723, var=[1.0, 1.0, 1.0]), 52.11814578757824, GPS(-43.520600, 172.583000, 0.000000, var=[-1.0, -1.0, -1.0])
10:13:32:768730, 3, 4, 1631830412.768504, 108, GPS(-43.520689, 172.582876, 21.397671, var=[1.0, 1.0, 1.0]), 52.083359016261156, GPS(-43.520600, 172.583000, 0.000000, var=[-1.0, -1.0, -1.0])
10:13:32:770108, 2, 4, 1631830412.767731, 105, GPS(-43.520509, 172.583124, 21.412010, var=[1.0, 1.0, 1.0]), 52.18119235998201, GPS(-43.520600, 172.583000, 0.000000, var=[-1.0, -1.0, -1.0])
10:13:32:771278, 3, 4, 1631830412.7687705, 109, GPS(-43.520689, 172.582876, 21.397671, var=[1.0, 1.0, 1.0]), 52.083359016261156, GPS(-43.520600, 172.583000, 0.000000, var=[-1.0, -1.0, -1.0])
10:13:32:772139, 2, 4, 1631830412.7680323, 106, GPS(-43.520509, 172.583124, 21.412010, var=[1.0, 1.0, 1.0]), 52.18119235998201, GPS(-43.520600, 172.583000, 0.000000, var=[-1.0, -1.0, -1.0])
10:13:32:775278, 1, 4, 1631830412.7751713, 103, GPS(-43.520509, 172.582876, 21.408958, var=[1.0, 1.0, 1.0]), 52.16293436144872, GPS(-43.520600, 172.583000, 0.000000, var=[-1.0, -1.0, -1.0])
10:13:33:767507, 4, 4, 1631830413.7673552, 105, GPS(-43.520689, 172.583124, 21.413723, var=[1.0, 1.0, 1.0]), 52.11548999001485, GPS(-43.520600, 172.583000, 0.000000, var=[-1.0, -1.0, -1.0])
10:13:33:769418, 2, 4, 1631830413.769291, 107, GPS(-43.520509, 172.583125, 21.411010, var=[1.0, 1.0, 1.0]), 52.184509022978, GPS(-43.520600, 172.583000, 0.000000, var=[-1.0, -1.0, -1.0])
10:13:33:770903, 3, 4, 1631830413.7707958, 110, GPS(-43.520689, 172.582876, 21.408671, var=[1.0, 1.0, 1.0]), 52.08610424470232, GPS(-43.520600, 172.583000, 0.000000, var=[-1.0, -1.0, -1.0])
10:13:33:777458, 4, 4, 1631830413.7762585, 106, GPS(-43.520689, 172.583124, 21.413723, var=[1.0, 1.0, 1.0]), 52.11548999001485, GPS(-43.520600, 172.583000, 0.000000, var=[-1.0, -1.0, -1.0])
10:13:33:778568, 2, 4, 1631830413.7762718, 108, GPS(-43.520509, 172.583125, 21.411010, var=[1.0, 1.0, 1.0]), 52.184509022978, GPS(-43.520600, 172.583000, 0.000000, var=[-1.0, -1.0, -1.0])
10:13:33:779506, 3, 4, 1631830413.776276, 111, GPS(-43.520689, 172.582876, 21.408671, var=[1.0, 1.0, 1.0]), 52.08610424470232, GPS(-43.520600, 172.583000, 0.000000, var=[-1.0, -1.0, -1.0])
10:13:33:780466, 1, 4, 1631830413.7762647, 104, GPS(-43.520509, 172.582876, 21.420959, var=[1.0, 1.0, 1.0]), 52.16890199870393, GPS(-43.520600, 172.583000, 0.000000, var=[-1.0, -1.0, -1.0])
10:13:34:776503, 2, 4, 1631830414.7763407, 109, GPS(-43.520509, 172.583124, 21.418010, var=[1.0, 1.0, 1.0]), 52.19699323901598, GPS(-43.520600, 172.583000, 0.000000, var=[-1.0, -1.0, -1.0])
10:13:34:778198, 1, 4, 1631830414.7779548, 105, GPS(-43.520509, 172.582876, 21.405958, var=[1.0, 1.0, 1.0]), 52.16497968363119, GPS(-43.520600, 172.583000, 0.000000, var=[-1.0, -1.0, -1.0])
10:13:34:780120, 3, 4, 1631830414.7772555, 112, GPS(-43.520689, 172.582876, 21.411671, var=[1.0, 1.0, 1.0]), 52.10470008744955, GPS(-43.520600, 172.583000, 0.000000, var=[-1.0, -1.0, -1.0])
10:13:34:781048, 4, 4, 1631830414.777369, 107, GPS(-43.520689, 172.583124, 21.407723, var=[1.0, 1.0, 1.0]), 52.127733683626445, GPS(-43.520600, 172.583000, 0.000000, var=[-1.0, -1.0, -1.0])
10:13:34:804125, 1, 4, 1631830414.8038447, 106, GPS(-43.520509, 172.582876, 21.405958, var=[1.0, 1.0, 1.0]), 52.163944516456084, GPS(-43.520600, 172.583000, 0.000000, var=[-1.0, -1.0, -1.0])
10:13:34:807360, 3, 4, 1631830414.8058686, 113, GPS(-43.520689, 172.582876, 21.410671, var=[1.0, 1.0, 1.0]), 52.10282914355463, GPS(-43.520600, 172.583000, 0.000000, var=[-1.0, -1.0, -1.0])
10:13:34:808340, 2, 4, 1631830414.8046725, 110, GPS(-43.520509, 172.583124, 21.418010, var=[1.0, 1.0, 1.0]), 52.192813552373956, GPS(-43.520600, 172.583000, 0.000000, var=[-1.0, -1.0, -1.0])
10:13:34:833265, 4, 4, 1631830414.8331416, 108, GPS(-43.520689, 172.583124, 21.407723, var=[1.0, 1.0, 1.0]), 52.12669851645134, GPS(-43.520600, 172.583000, 0.000000, var=[-1.0, -1.0, -1.0])
10:13:35:805565, 1, 4, 1631830415.8054302, 107, GPS(-43.520509, 172.582876, 21.406958, var=[1.0, 1.0, 1.0]), 52.15728188835574, GPS(-43.520600, 172.583000, 0.000000, var=[-1.0, -1.0, -1.0])
10:13:35:807978, 2, 4, 1631830415.8062418, 111, GPS(-43.520510, 172.583124, 21.414010, var=[1.0, 1.0, 1.0]), 52.180763346428535, GPS(-43.520600, 172.583000, 0.000000, var=[-1.0, -1.0, -1.0])
10:13:35:808745, 3, 4, 1631830415.805938, 114, GPS(-43.520689, 172.582876, 21.403671, var=[1.0, 1.0, 1.0]), 52.098148788339955, GPS(-43.520600, 172.583000, 0.000000, var=[-1.0, -1.0, -1.0])
10:13:35:838559, 4, 4, 1631830415.838397, 109, GPS(-43.520689, 172.583124, 21.405723, var=[1.0, 1.0, 1.0]), 52.12134071479048, GPS(-43.520600, 172.583000, 0.000000, var=[-1.0, -1.0, -1.0])
10:13:35:935256, 1, 4, 1631830415.9335918, 108, GPS(-43.520509, 172.582876, 21.406958, var=[1.0, 1.0, 1.0]), 52.14928562731211, GPS(-43.520600, 172.583000, 0.000000, var=[-1.0, -1.0, -1.0])
10:13:35:937866, 4, 4, 1631830415.933605, 110, GPS(-43.520689, 172.583124, 21.405723, var=[1.0, 1.0, 1.0]), 52.12134071479048, GPS(-43.520600, 172.583000, 0.000000, var=[-1.0, -1.0, -1.0])
10:13:35:939414, 3, 4, 1631830415.933621, 115, GPS(-43.520689, 172.582876, 21.405671, var=[1.0, 1.0, 1.0]), 52.0918238513638, GPS(-43.520600, 172.583000, 0.000000, var=[-1.0, -1.0, -1.0])
10:13:35:940396, 2, 4, 1631830415.9336257, 112, GPS(-43.520509, 172.583124, 21.413010, var=[1.0, 1.0, 1.0]), 52.17629071950093, GPS(-43.520600, 172.583000, 0.000000, var=[-1.0, -1.0, -1.0])
10:13:36:933935, 1, 4, 1631830416.933805, 109, GPS(-43.520510, 172.582876, 21.412958, var=[1.0, 1.0, 1.0]), 52.15070313736129, GPS(-43.520600, 172.583000, 0.000000, var=[-1.0, -1.0, -1.0])
10:13:36:936331, 3, 4, 1631830416.9347665, 116, GPS(-43.520689, 172.582876, 21.406671, var=[1.0, 1.0, 1.0]), 52.09583647142094, GPS(-43.520600, 172.583000, 0.000000, var=[-1.0, -1.0, -1.0])
10:13:36:962591, 1, 4, 1631830416.962435, 110, GPS(-43.520510, 172.582876, 21.412958, var=[1.0, 1.0, 1.0]), 52.15067262601311, GPS(-43.520600, 172.583000, 0.000000, var=[-1.0, -1.0, -1.0])
10:13:36:964816, 2, 4, 1631830416.963941, 113, GPS(-43.520510, 172.583124, 21.407010, var=[1.0, 1.0, 1.0]), 52.16454952746345, GPS(-43.520600, 172.583000, 0.000000, var=[-1.0, -1.0, -1.0])
10:13:36:967663, 4, 4, 1631830416.967537, 111, GPS(-43.520689, 172.583124, 21.416723, var=[1.0, 1.0, 1.0]), 52.126191806778735, GPS(-43.520600, 172.583000, 0.000000, var=[-1.0, -1.0, -1.0])
10:13:36:991354, 3, 4, 1631830416.9911954, 117, GPS(-43.520689, 172.582876, 21.407671, var=[1.0, 1.0, 1.0]), 52.09764160978776, GPS(-43.520600, 172.583000, 0.000000, var=[-1.0, -1.0, -1.0])
10:13:36:993768, 4, 4, 1631830416.9936554, 112, GPS(-43.520689, 172.583124, 21.416723, var=[1.0, 1.0, 1.0]), 52.12719180341915, GPS(-43.520600, 172.583000, 0.000000, var=[-1.0, -1.0, -1.0])
10:13:37:000166, 2, 4, 1631830417.0000541, 114, GPS(-43.520510, 172.583124, 21.407010, var=[1.0, 1.0, 1.0]), 52.16554952410387, GPS(-43.520600, 172.583000, 0.000000, var=[-1.0, -1.0, -1.0])
10:13:37:965304, 4, 4, 1631830417.9640827, 113, GPS(-43.520690, 172.583124, 21.420722, var=[1.0, 1.0, 1.0]), 52.12855285208332, GPS(-43.520600, 172.583000, 0.000000, var=[-1.0, -1.0, -1.0])
10:13:37:966198, 1, 4, 1631830417.9640758, 111, GPS(-43.520510, 172.582876, 21.416958, var=[1.0, 1.0, 1.0]), 52.1612779072868, GPS(-43.520600, 172.583000, 0.000000, var=[-1.0, -1.0, -1.0])
10:13:37:968596, 3, 4, 1631830417.9640958, 118, GPS(-43.520689, 172.582876, 21.408671, var=[1.0, 1.0, 1.0]), 52.1078891447851, GPS(-43.520600, 172.583000, 0.000000, var=[-1.0, -1.0, -1.0])
10:13:37:969923, 2, 4, 1631830417.9640927, 115, GPS(-43.520510, 172.583124, 21.409010, var=[1.0, 1.0, 1.0]), 52.16407150324922, GPS(-43.520600, 172.583000, 0.000000, var=[-1.0, -1.0, -1.0])
10:13:38:964487, 3, 4, 1631830418.9643607, 119, GPS(-43.520689, 172.582876, 21.419671, var=[1.0, 1.0, 1.0]), 52.13047712290236, GPS(-43.520600, 172.583000, 0.000000, var=[-1.0, -1.0, -1.0])
10:13:38:965502, 4, 4, 1631830418.9651911, 114, GPS(-43.520690, 172.583124, 21.419722, var=[1.0, 1.0, 1.0]), 52.128545982032826, GPS(-43.520600, 172.583000, 0.000000, var=[-1.0, -1.0, -1.0])
10:13:38:966208, 2, 4, 1631830418.9645162, 116, GPS(-43.520510, 172.583124, 21.425009, var=[1.0, 1.0, 1.0]), 52.17075139647326, GPS(-43.520600, 172.583000, 0.000000, var=[-1.0, -1.0, -1.0])
10:13:38:966963, 1, 4, 1631830418.9659503, 112, GPS(-43.520510, 172.582876, 21.426958, var=[1.0, 1.0, 1.0]), 52.176724990539945, GPS(-43.520600, 172.583000, 0.000000, var=[-1.0, -1.0, -1.0])
10:13:38:969307, 4, 4, 1631830418.967463, 115, GPS(-43.520690, 172.583124, 21.419722, var=[1.0, 1.0, 1.0]), 52.128545982032826, GPS(-43.520600, 172.583000, 0.000000, var=[-1.0, -1.0, -1.0])
10:13:38:970472, 2, 4, 1631830418.967534, 117, GPS(-43.520510, 172.583124, 21.425009, var=[1.0, 1.0, 1.0]), 52.17075139647326, GPS(-43.520600, 172.583000, 0.000000, var=[-1.0, -1.0, -1.0])
10:13:38:972298, 1, 4, 1631830418.967459, 113, GPS(-43.520510, 172.582876, 21.427958, var=[1.0, 1.0, 1.0]), 52.177558963059525, GPS(-43.520600, 172.583000, 0.000000, var=[-1.0, -1.0, -1.0])
10:13:38:981016, 3, 4, 1631830418.9674933, 120, GPS(-43.520689, 172.582876, 21.419671, var=[1.0, 1.0, 1.0]), 52.13047712290236, GPS(-43.520600, 172.583000, 0.000000, var=[-1.0, -1.0, -1.0])
10:13:39:968058, 2, 4, 1631830419.9678957, 118, GPS(-43.520510, 172.583124, 21.444009, var=[1.0, 1.0, 1.0]), 52.19344454397368, GPS(-43.520600, 172.583000, 0.000000, var=[-1.0, -1.0, -1.0])
10:13:39:969449, 2, 4, 1631830419.9684284, 119, GPS(-43.520510, 172.583124, 21.444009, var=[1.0, 1.0, 1.0]), 52.19344454397368, GPS(-43.520600, 172.583000, 0.000000, var=[-1.0, -1.0, -1.0])
10:13:39:970418, 3, 4, 1631830419.968404, 121, GPS(-43.520690, 172.582876, 21.430670, var=[1.0, 1.0, 1.0]), 52.163396309981806, GPS(-43.520600, 172.583000, 0.000000, var=[-1.0, -1.0, -1.0])
10:13:39:971477, 4, 4, 1631830419.9684665, 116, GPS(-43.520690, 172.583124, 21.431722, var=[1.0, 1.0, 1.0]), 52.145409919025056, GPS(-43.520600, 172.583000, 0.000000, var=[-1.0, -1.0, -1.0])
10:13:39:972604, 1, 4, 1631830419.9685247, 114, GPS(-43.520510, 172.582876, 21.434958, var=[1.0, 1.0, 1.0]), 52.20714593853639, GPS(-43.520600, 172.583000, 0.000000, var=[-1.0, -1.0, -1.0])
10:13:40:969454, 4, 4, 1631830420.9692638, 117, GPS(-43.520690, 172.583124, 21.453722, var=[1.0, 1.0, 1.0]), 52.193797264529096, GPS(-43.520600, 172.583000, 0.000000, var=[-1.0, -1.0, -1.0])
10:13:40:970620, 1, 4, 1631830420.970105, 115, GPS(-43.520510, 172.582876, 21.464958, var=[1.0, 1.0, 1.0]), 52.25781773101093, GPS(-43.520600, 172.583000, 0.000000, var=[-1.0, -1.0, -1.0])
10:13:40:972268, 3, 4, 1631830420.9694548, 122, GPS(-43.520690, 172.582876, 21.445670, var=[1.0, 1.0, 1.0]), 52.21023505491944, GPS(-43.520600, 172.583000, 0.000000, var=[-1.0, -1.0, -1.0])
10:13:40:973068, 2, 4, 1631830420.9697232, 120, GPS(-43.520510, 172.583124, 21.463009, var=[1.0, 1.0, 1.0]), 52.23930410381353, GPS(-43.520600, 172.583000, 0.000000, var=[-1.0, -1.0, -1.0])
10:13:40:999016, 1, 4, 1631830420.9988792, 116, GPS(-43.520510, 172.582876, 21.464958, var=[1.0, 1.0, 1.0]), 52.2748012392357, GPS(-43.520600, 172.583000, 0.000000, var=[-1.0, -1.0, -1.0])
10:13:41:002849, 4, 4, 1631830421.001206, 118, GPS(-43.520690, 172.583124, 21.454722, var=[1.0, 1.0, 1.0]), 52.211616532166545, GPS(-43.520600, 172.583000, 0.000000, var=[-1.0, -1.0, -1.0])
10:13:41:004066, 2, 4, 1631830421.0010731, 121, GPS(-43.520510, 172.583124, 21.464009, var=[1.0, 1.0, 1.0]), 52.25712225364607, GPS(-43.520600, 172.583000, 0.000000, var=[-1.0, -1.0, -1.0])
10:13:41:005102, 3, 4, 1631830421.0013976, 123, GPS(-43.520690, 172.582876, 21.445670, var=[1.0, 1.0, 1.0]), 52.227218563144206, GPS(-43.520600, 172.583000, 0.000000, var=[-1.0, -1.0, -1.0])
10:13:42:000556, 1, 4, 1631830422.000427, 117, GPS(-43.520510, 172.582876, 21.473958, var=[1.0, 1.0, 1.0]), 52.28330871567548, GPS(-43.520600, 172.583000, 0.000000, var=[-1.0, -1.0, -1.0])
10:13:42:006187, 3, 4, 1631830422.0016139, 124, GPS(-43.520690, 172.582876, 21.464670, var=[1.0, 1.0, 1.0]), 52.244083888958684, GPS(-43.520600, 172.583000, 0.000000, var=[-1.0, -1.0, -1.0])
10:13:42:007012, 2, 4, 1631830422.001104, 122, GPS(-43.520510, 172.583124, 21.477010, var=[1.0, 1.0, 1.0]), 52.27018622383663, GPS(-43.520600, 172.583000, 0.000000, var=[-1.0, -1.0, -1.0])
10:13:42:037207, 4, 4, 1631830422.0370603, 119, GPS(-43.520690, 172.583124, 21.476722, var=[1.0, 1.0, 1.0]), 52.23118432076983, GPS(-43.520600, 172.583000, 0.000000, var=[-1.0, -1.0, -1.0])
10:13:42:103898, 4, 4, 1631830422.102529, 120, GPS(-43.520690, 172.583124, 21.475722, var=[1.0, 1.0, 1.0]), 52.230348341584104, GPS(-43.520600, 172.583000, 0.000000, var=[-1.0, -1.0, -1.0])
10:13:42:104781, 1, 4, 1631830422.10252, 118, GPS(-43.520510, 172.582876, 21.474958, var=[1.0, 1.0, 1.0]), 52.283142939886915, GPS(-43.520600, 172.583000, 0.000000, var=[-1.0, -1.0, -1.0])
10:13:42:107733, 2, 4, 1631830422.102533, 123, GPS(-43.520510, 172.583124, 21.476010, var=[1.0, 1.0, 1.0]), 52.268351469276624, GPS(-43.520600, 172.583000, 0.000000, var=[-1.0, -1.0, -1.0])
10:13:42:108999, 3, 4, 1631830422.1025567, 125, GPS(-43.520690, 172.582876, 21.464670, var=[1.0, 1.0, 1.0]), 52.243083889933104, GPS(-43.520600, 172.583000, 0.000000, var=[-1.0, -1.0, -1.0])
10:13:43:102857, 3, 4, 1631830423.102635, 126, GPS(-43.520690, 172.582876, 21.470670, var=[1.0, 1.0, 1.0]), 52.24394994136007, GPS(-43.520600, 172.583000, 0.000000, var=[-1.0, -1.0, -1.0])
10:13:43:104220, 1, 4, 1631830423.1037183, 119, GPS(-43.520510, 172.582876, 21.471958, var=[1.0, 1.0, 1.0]), 52.2765018625823, GPS(-43.520600, 172.583000, 0.000000, var=[-1.0, -1.0, -1.0])
10:13:43:105845, 4, 4, 1631830423.1033, 121, GPS(-43.520690, 172.583124, 21.471722, var=[1.0, 1.0, 1.0]), 52.22913652814486, GPS(-43.520600, 172.583000, 0.000000, var=[-1.0, -1.0, -1.0])
10:13:43:106580, 2, 4, 1631830423.1043768, 124, GPS(-43.520510, 172.583124, 21.463010, var=[1.0, 1.0, 1.0]), 52.256500721137286, GPS(-43.520600, 172.583000, 0.000000, var=[-1.0, -1.0, -1.0])
STOP: 09/17/2021 10:13:44:435089
