START: 09/15/2021 09:30:26:446877
TIME,            RX_ID,          STATE,          TIMESTAMP,          SEQ_NO,          RX_COORDS,          RANGE_READING,          TARGET_COORDS,          
09:36:59:318261, 4, 1, 1631655419.2802632, 1, GPS(-43.520644, 172.583060, 21.403782, var=[1.0, 1.0, 1.0]), 37.48667872929933, GPS(-43.520600, 172.583000, 0.000000, var=[-1.0, -1.0, -1.0])
09:38:01:558226, 4, 1, 1631655420.281094, 2, GPS(-43.520644, 172.583060, 21.413782, var=[1.0, 1.0, 1.0]), 37.49272913282609, GPS(-43.520600, 172.583000, 0.000000, var=[-1.0, -1.0, -1.0])
09:38:03:674088, 3, 1, 1631655419.2806582, 1, GPS(-43.520643, 172.582938, 21.410758, var=[1.0, 1.0, 1.0]), 37.50108683594559, GPS(-43.520600, 172.583000, 0.000000, var=[-1.0, -1.0, -1.0])
09:38:03:704013, 2, 1, 1631655419.2812414, 1, GPS(-43.520552, 172.583062, 21.405928, var=[1.0, 1.0, 1.0]), 37.61194146392704, GPS(-43.520600, 172.583000, 0.000000, var=[-1.0, -1.0, -1.0])
09:38:03:739587, 1, 1, 1631655419.2815857, 1, GPS(-43.520553, 172.582938, 21.407902, var=[1.0, 1.0, 1.0]), 37.60960268133373, GPS(-43.520600, 172.583000, 0.000000, var=[-1.0, -1.0, -1.0])
09:38:03:764732, 4, 1, 1631655421.2830584, 3, GPS(-43.520644, 172.583060, 21.412781, var=[1.0, 1.0, 1.0]), 37.49420385967181, GPS(-43.520600, 172.583000, 0.000000, var=[-1.0, -1.0, -1.0])
09:38:03:795380, 3, 1, 1631655420.2808297, 2, GPS(-43.520643, 172.582938, 21.409757, var=[1.0, 1.0, 1.0]), 37.510845186882364, GPS(-43.520600, 172.583000, 0.000000, var=[-1.0, -1.0, -1.0])
09:38:03:825353, 2, 1, 1631655420.2825205, 2, GPS(-43.520553, 172.583062, 21.401928, var=[1.0, 1.0, 1.0]), 37.59939150409925, GPS(-43.520600, 172.583000, 0.000000, var=[-1.0, -1.0, -1.0])
09:38:03:855859, 1, 1, 1631655420.2832797, 2, GPS(-43.520553, 172.582938, 21.393901, var=[1.0, 1.0, 1.0]), 37.59039997656666, GPS(-43.520600, 172.583000, 0.000000, var=[-1.0, -1.0, -1.0])
09:38:03:887022, 4, 1, 1631655422.2845764, 4, GPS(-43.520644, 172.583060, 21.421781, var=[1.0, 1.0, 1.0]), 37.369153992099235, GPS(-43.520600, 172.583010, 0.000000, var=[-1.0, -1.0, -1.0])
09:38:03:917432, 3, 1, 1631655421.2818985, 3, GPS(-43.520643, 172.582938, 21.410757, var=[1.0, 1.0, 1.0]), 37.51060152531355, GPS(-43.520600, 172.583000, 0.000000, var=[-1.0, -1.0, -1.0])
09:38:03:947784, 2, 1, 1631655421.2826967, 3, GPS(-43.520553, 172.583062, 21.414928, var=[1.0, 1.0, 1.0]), 37.60733502577981, GPS(-43.520600, 172.583000, 0.000000, var=[-1.0, -1.0, -1.0])
09:38:03:976900, 1, 1, 1631655421.2842941, 3, GPS(-43.520553, 172.582938, 21.409901, var=[1.0, 1.0, 1.0]), 37.601969429101835, GPS(-43.520600, 172.583000, 0.000000, var=[-1.0, -1.0, -1.0])
09:38:04:007765, 4, 1, 1631655423.2866704, 5, GPS(-43.520644, 172.583060, 21.432781, var=[1.0, 1.0, 1.0]), 37.38215087926596, GPS(-43.520600, 172.583010, 0.000000, var=[-1.0, -1.0, -1.0])
09:38:04:038108, 3, 1, 1631655422.282344, 4, GPS(-43.520644, 172.582938, 21.403757, var=[1.0, 1.0, 1.0]), 37.7204184928105, GPS(-43.520600, 172.583010, 0.000000, var=[-1.0, -1.0, -1.0])
09:38:04:068437, 2, 1, 1631655422.2842903, 4, GPS(-43.520553, 172.583062, 21.426928, var=[1.0, 1.0, 1.0]), 37.475403834191525, GPS(-43.520600, 172.583010, 0.000000, var=[-1.0, -1.0, -1.0])
09:38:04:098467, 1, 1, 1631655422.2843707, 4, GPS(-43.520553, 172.582938, 21.422901, var=[1.0, 1.0, 1.0]), 37.823708579009455, GPS(-43.520600, 172.583010, 0.000000, var=[-1.0, -1.0, -1.0])
09:38:05:006001, 4, 1, 1631655424.28849, 6, GPS(-43.520644, 172.583060, 21.432781, var=[1.0, 1.0, 1.0]), 37.31570867650604, GPS(-43.520600, 172.583020, 0.000000, var=[-1.0, -1.0, -1.0])
09:38:05:506086, 3, 1, 1631655423.2830284, 5, GPS(-43.520644, 172.582938, 21.413757, var=[1.0, 1.0, 1.0]), 37.73428419689833, GPS(-43.520600, 172.583010, 0.000000, var=[-1.0, -1.0, -1.0])
09:38:05:536216, 2, 1, 1631655423.2858222, 5, GPS(-43.520553, 172.583062, 21.416928, var=[1.0, 1.0, 1.0]), 37.46736611061226, GPS(-43.520600, 172.583010, 0.000000, var=[-1.0, -1.0, -1.0])
09:38:05:568675, 1, 1, 1631655423.285044, 5, GPS(-43.520553, 172.582938, 21.418901, var=[1.0, 1.0, 1.0]), 37.82200790620051, GPS(-43.520600, 172.583010, 0.000000, var=[-1.0, -1.0, -1.0])
09:38:05:598350, 4, 1, 1631655424.561795, 0, GPS(-43.520644, 172.583060, 21.425781, var=[1.0, 1.0, 1.0]), 37.31368080564461, GPS(-43.520600, 172.583030, 0.000000, var=[-1.0, -1.0, -1.0])
09:38:05:629874, 3, 1, 1631655424.2840872, 6, GPS(-43.520644, 172.582938, 21.423757, var=[1.0, 1.0, 1.0]), 38.03242971231001, GPS(-43.520600, 172.583020, 0.000000, var=[-1.0, -1.0, -1.0])
09:38:05:660890, 2, 1, 1631655424.2870991, 6, GPS(-43.520553, 172.583062, 21.427928, var=[1.0, 1.0, 1.0]), 37.40738232808378, GPS(-43.520600, 172.583020, 0.000000, var=[-1.0, -1.0, -1.0])
09:38:05:690703, 1, 1, 1631655424.286896, 6, GPS(-43.520553, 172.582938, 21.430901, var=[1.0, 1.0, 1.0]), 38.12187010780302, GPS(-43.520600, 172.583020, 0.000000, var=[-1.0, -1.0, -1.0])
09:38:05:720831, 4, 1, 1631655425.5619392, 1, GPS(-43.520644, 172.583060, 21.434781, var=[1.0, 1.0, 1.0]), 37.34659389373911, GPS(-43.520602, 172.583040, 0.000000, var=[-1.0, -1.0, -1.0])
STOP: 09/15/2021 09:38:05:722262
