


Before single UAV test

time 1605567795.821625 -43.5225992,172.5776436 -43.5225543,172.5776006 -43.5225541,172.5777058 -43.5226442,172.5775816 -43.5226443,172.5777058 
time 1605567796.8553705 -43.5225992,172.5776436 -43.5225543,172.5776006 -43.5225541,172.5777058 -43.5226442,172.5775816 -43.5226443,172.5777058 
time 1605567797.7899446 -43.5225992,172.5776436 -43.5225543,172.5776006 -43.5225541,172.5777058 -43.5226442,172.5775816 -43.5226443,172.5777058 
time 1605567798.7902167 -43.5225992,172.5776436 -43.5225543,172.5776006 -43.5225541,172.5777058 -43.5226442,172.5775816 -43.5226443,172.5777058 
time 1605567799.796779 -43.5225992,172.5776436 -43.5225543,172.5776006 -43.5225541,172.5777058 -43.5226442,172.5775816 -43.5226443,172.5777058 
time 1605567800.7908666 -43.5225992,172.5776436 -43.5225543,172.5776006 -43.5225541,172.5777058 -43.5226442,172.5775816 -43.5226443,172.5777058 
time 1605567801.7885728 -43.5225992,172.5776436 -43.5225543,172.5776006 -43.5225541,172.5777058 -43.5226442,172.5775816 -43.5226443,172.5777058 
time 1605567802.8032897 -43.5225992,172.5776436 -43.5225543,172.5776006 -43.5225541,172.5777058 -43.5226442,172.5775816 -43.5226443,172.5777058 
time 1605567803.7882972 -43.5225992,172.5776436 -43.5225543,172.5776006 -43.5225541,172.5777058 -43.5226442,172.5775816 -43.5226443,172.5777058 
time 1605567804.7902987 -43.5225992,172.5776436 -43.5225543,172.5776006 -43.5225541,172.5777058 -43.5226442,172.5775816 -43.5226443,172.5777058 
time 1605567805.792861 -43.5225992,172.5776436 -43.5225543,172.5776006 -43.5225541,172.5777058 -43.5226442,172.5775816 -43.5226443,172.5777058 
time 1605567806.787414 -43.5225992,172.5776436 -43.5225543,172.5776006 -43.5225541,172.5777058 -43.5226442,172.5775816 -43.5226443,172.5777058 
time 1605567807.7893627 -43.5225992,172.5776436 -43.5225543,172.5776006 -43.5225541,172.5777058 -43.5226442,172.5775816 -43.5226443,172.5777058 
time 1605567808.7904198 -43.5225992,172.5776436 -43.5225543,172.5776006 -43.5225541,172.5777058 -43.5226442,172.5775816 -43.5226443,172.5777058 
time 1605567809.7895231 -43.5225992,172.5776436 -43.5225543,172.5776006 -43.5225541,172.5777058 -43.5226442,172.5775816 -43.5226443,172.5777058 
time 1605567810.7908971 -43.5225992,172.5776436 -43.5225543,172.5776006 -43.5225541,172.5777058 -43.5226442,172.5775816 -43.5226443,172.5777058 
time 1605567811.7932963 -43.5225992,172.5776436 -43.5225543,172.5776006 -43.5225541,172.5777058 -43.5226442,172.5775816 -43.5226443,172.5777058 
time 1605567812.7944646 -43.5225992,172.5776436 -43.5225543,172.5776006 -43.5225541,172.5777058 -43.5226442,172.5775816 -43.5226443,172.5777058 
time 1605567813.7924602 -43.5225992,172.5776436 -43.5225543,172.5776006 -43.5225541,172.5777058 -43.5226442,172.5775816 -43.5226443,172.5777058 
time 1605567814.794104 -43.5225992,172.5776436 -43.5225543,172.5776006 -43.5225541,172.5777058 -43.5226442,172.5775816 -43.5226443,172.5777058 
time 1605567815.7909033 -43.5225992,172.5776436 -43.5225543,172.5776006 -43.5225541,172.5777058 -43.5226442,172.5775816 -43.5226443,172.5777058 
time 1605567816.790171 -43.5225992,172.5776436 -43.5225543,172.5776006 -43.5225541,172.5777058 -43.5226442,172.5775816 -43.5226443,172.5777058 
time 1605567817.7935927 -43.5225992,172.5776436 -43.5225543,172.5776006 -43.5225541,172.5777058 -43.5226442,172.5775816 -43.5226443,172.5777058 
time 1605567818.7971444 -43.5225992,172.5776436 -43.5225543,172.5776006 -43.5225541,172.5777058 -43.5226442,172.5775816 -43.5226443,172.5777058 
time 1605567819.7991855 -43.5225992,172.5776436 -43.5225543,172.5776006 -43.5225541,172.5777058 -43.5226442,172.5775816 -43.5226443,172.5777058 
time 1605567820.7953286 -43.5225992,172.5776436 -43.5225543,172.5776006 -43.5225541,172.5777058 -43.5226442,172.5775816 -43.5226443,172.5777058 
time 1605567821.796376 -43.5225992,172.5776436 -43.5225543,172.5776006 -43.5225541,172.5777058 -43.5226442,172.5775816 -43.5226443,172.5777058 
time 1605567822.794218 -43.5225992,172.5776436 -43.5225543,172.5776006 -43.5225541,172.5777058 -43.5226442,172.5775816 -43.5226443,172.5777058 
time 1605567823.8316631 -43.5225992,172.5776436 -43.5225543,172.5776006 -43.5225541,172.5777058 -43.5226442,172.5775816 -43.5226443,172.5777058 
time 1605567824.8260047 -43.5225992,172.5776436 -43.5225543,172.5776006 -43.5225541,172.5777058 -43.5226442,172.5775816 -43.5226443,172.5777058 
time 1605567825.8279219 -43.5225992,172.5776436 -43.5225543,172.5776006 -43.5225541,172.5777058 -43.5226442,172.5775816 -43.5226443,172.5777058 
time 1605567826.832809 -43.5225992,172.5776436 -43.5225543,172.5776006 -43.5225541,172.5777058 -43.5226442,172.5775816 -43.5226443,172.5777058 
time 1605567827.8712947 -43.5225992,172.5776436 -43.5225543,172.5776006 -43.5225541,172.5777058 -43.5226442,172.5775816 -43.5226443,172.5777058 
time 1605567828.79654 -43.5225992,172.5776436 -43.5225543,172.5776006 -43.5225541,172.5777058 -43.5226442,172.5775816 -43.5226443,172.5777058 
time 1605567829.7965674 -43.5225992,172.5776436 -43.5225543,172.5776006 -43.5225541,172.5777058 -43.5226442,172.5775816 -43.5226443,172.5777058 
time 1605567830.794035 -43.5225992,172.5776436 -43.5225543,172.5776006 -43.5225541,172.5777058 -43.5226442,172.5775816 -43.5226443,172.5777058 
time 1605567831.8249176 -43.5225992,172.5776436 -43.5225543,172.5776006 -43.5225541,172.5777058 -43.5226442,172.5775816 -43.5226443,172.5777058 
time 1605567832.793792 -43.5225992,172.5776436 -43.5225543,172.5776006 -43.5225541,172.5777058 -43.5226442,172.5775816 -43.5226443,172.5777058 
time 1605567833.7948565 -43.5225992,172.5776436 -43.5225543,172.5776006 -43.5225541,172.5777058 -43.5226442,172.5775816 -43.5226443,172.5777058 
time 1605567834.828236 -43.5225992,172.5776436 -43.5225543,172.5776006 -43.5225541,172.5777058 -43.5226442,172.5775816 -43.5226443,172.5777058 
time 1605567835.7951038 -43.5225992,172.5776436 -43.5225543,172.5776006 -43.5225541,172.5777058 -43.5226442,172.5775816 -43.5226443,172.5777058 
time 1605567836.794501 -43.5225992,172.5776436 -43.5225543,172.5776006 -43.5225541,172.5777058 -43.5226442,172.5775816 -43.5226443,172.5777058 
time 1605567837.7938704 -43.5225992,172.5776436 -43.5225543,172.5776006 -43.5225541,172.5777058 -43.5226442,172.5775816 -43.5226443,172.5777058 
time 1605567838.8265347 -43.5225992,172.5776436 -43.5225543,172.5776006 -43.5225541,172.5777058 -43.5226442,172.5775816 -43.5226443,172.5777058 
time 1605567839.7934234 -43.5225992,172.5776436 -43.5225543,172.5776006 -43.5225541,172.5777058 -43.5226442,172.5775816 -43.5226443,172.5777058 
time 1605567840.7950974 -43.5225992,172.5776436 -43.5225543,172.5776006 -43.5225541,172.5777058 -43.5226442,172.5775816 -43.5226443,172.5777058 
time 1605567841.7939534 -43.5225992,172.5776436 -43.5225543,172.5776006 -43.5225541,172.5777058 -43.5226442,172.5775816 -43.5226443,172.5777058 
time 1605567842.795978 -43.5225992,172.5776436 -43.5225543,172.5776006 -43.5225541,172.5777058 -43.5226442,172.5775816 -43.5226443,172.5777058 
time 1605567843.7942178 -43.5225992,172.5776436 -43.5225543,172.5776006 -43.5225541,172.5777058 -43.5226442,172.5775816 -43.5226443,172.5777058 
time 1605567844.825663 -43.5225992,172.5776436 -43.5225543,172.5776006 -43.5225541,172.5777058 -43.5226442,172.5775816 -43.5226443,172.5777058 
time 1605567845.8288977 -43.5225992,172.5776436 -43.5225543,172.5776006 -43.5225541,172.5777058 -43.5226442,172.5775816 -43.5226443,172.5777058 
time 1605567846.792209 -43.5225992,172.5776436 -43.5225543,172.5776006 -43.5225541,172.5777058 -43.5226442,172.5775816 -43.5226443,172.5777058 
time 1605567847.7935424 -43.5225992,172.5776436 -43.5225543,172.5776006 -43.5225541,172.5777058 -43.5226442,172.5775816 -43.5226443,172.5777058 
time 1605567848.79361 -43.5225992,172.5776436 -43.5225543,172.5776006 -43.5225541,172.5777058 -43.5226442,172.5775816 -43.5226443,172.5777058 
time 1605567849.7927573 -43.5225992,172.5776436 -43.5225543,172.5776006 -43.5225541,172.5777058 -43.5226442,172.5775816 -43.5226443,172.5777058 
time 1605567850.793529 -43.5225992,172.5776436 -43.5225543,172.5776006 -43.5225541,172.5777058 -43.5226442,172.5775816 -43.5226443,172.5777058 
time 1605567851.7922666 -43.5225992,172.5776436 -43.5225543,172.5776006 -43.5225541,172.5777058 -43.5226442,172.5775816 -43.5226443,172.5777058 
time 1605567852.7937768 -43.5225992,172.5776436 -43.5225543,172.5776006 -43.5225541,172.5777058 -43.5226442,172.5775816 -43.5226443,172.5777058 
time 1605567853.7971456 -43.5225992,172.5776436 -43.5225543,172.5776006 -43.5225541,172.5777058 -43.5226442,172.5775816 -43.5226443,172.5777058 
time 1605567854.7925816 -43.5225992,172.5776436 -43.5225543,172.5776006 -43.5225541,172.5777058 -43.5226442,172.5775816 -43.5226443,172.5777058 
time 1605567855.7932928 -43.5225992,172.5776436 -43.5225543,172.5776006 -43.5225541,172.5777058 -43.5226442,172.5775816 -43.5226443,172.5777058 
time 1605567856.7975352 -43.5225992,172.5776436 -43.5225543,172.5776006 -43.5225541,172.5777058 -43.5226442,172.5775816 -43.5226443,172.5777058 
time 1605567857.7961106 -43.5225992,172.5776436 -43.5225543,172.5776006 -43.5225541,172.5777058 -43.5226442,172.5775816 -43.5226443,172.5777058 
time 1605567858.7936852 -43.5225992,172.5776436 -43.5225543,172.5776006 -43.5225541,172.5777058 -43.5226442,172.5775816 -43.5226443,172.5777058 
time 1605567859.7963219 -43.5225992,172.5776436 -43.5225543,172.5776006 -43.5225541,172.5777058 -43.5226442,172.5775816 -43.5226443,172.5777058 
time 1605567860.7919304 -43.5225992,172.5776436 -43.5225543,172.5776006 -43.5225541,172.5777058 -43.5226442,172.5775816 -43.5226443,172.5777058 
time 1605567861.7923415 -43.5225992,172.5776436 -43.5225543,172.5776006 -43.5225541,172.5777058 -43.5226442,172.5775816 -43.5226443,172.5777058 
time 1605567862.7939413 -43.5225992,172.5776436 -43.5225543,172.5776006 -43.5225541,172.5777058 -43.5226442,172.5775816 -43.5226443,172.5777058 
time 1605567863.7922797 -43.5225992,172.5776436 -43.5225543,172.5776006 -43.5225541,172.5777058 -43.5226442,172.5775816 -43.5226443,172.5777058 
time 1605567864.7940977 -43.5225992,172.5776436 -43.5225543,172.5776006 -43.5225541,172.5777058 -43.5226442,172.5775816 -43.5226443,172.5777058 
time 1605567865.7937853 -43.5225992,172.5776436 -43.5225543,172.5776006 -43.5225541,172.5777058 -43.5226442,172.5775816 -43.5226443,172.5777058 
time 1605567866.7954247 -43.5225992,172.5776436 -43.5225543,172.5776006 -43.5225541,172.5777058 -43.5226442,172.5775816 -43.5226443,172.5777058 
time 1605567867.8063493 -43.5225992,172.5776436 -43.5225543,172.5776006 -43.5225541,172.5777058 -43.5226442,172.5775816 -43.5226443,172.5777058 
time 1605567868.7922008 -43.5225992,172.5776436 -43.5225543,172.5776006 -43.5225541,172.5777058 -43.5226442,172.5775816 -43.5226443,172.5777058 
time 1605567869.792019 -43.5225992,172.5776436 -43.5225543,172.5776006 -43.5225541,172.5777058 -43.5226442,172.5775816 -43.5226443,172.5777058 
time 1605567870.7956889 -43.5225992,172.5776436 -43.5225543,172.5776006 -43.5225541,172.5777058 -43.5226442,172.5775816 -43.5226443,172.5777058 
time 1605567871.7994475 -43.5225992,172.5776436 -43.5225543,172.5776006 -43.5225541,172.5777058 -43.5226442,172.5775816 -43.5226443,172.5777058 
time 1605567872.7936025 -43.5225992,172.5776436 -43.5225543,172.5776006 -43.5225541,172.5777058 -43.5226442,172.5775816 -43.5226443,172.5777058 
time 1605567873.7951221 -43.5225992,172.5776436 -43.5225543,172.5776006 -43.5225541,172.5777058 -43.5226442,172.5775816 -43.5226443,172.5777058 
time 1605567874.8282907 -43.5225992,172.5776436 -43.5225543,172.5776006 -43.5225541,172.5777058 -43.5226442,172.5775816 -43.5226443,172.5777058 
time 1605567875.8254063 -43.5225992,172.5776436 -43.5225543,172.5776006 -43.5225541,172.5777058 -43.5226442,172.5775816 -43.5226443,172.5777058 
time 1605567876.824073 -43.5225992,172.5776436 -43.5225543,172.5776006 -43.5225541,172.5777058 -43.5226442,172.5775816 -43.5226443,172.5777058 
time 1605567877.8275383 -43.5225992,172.5776436 -43.5225543,172.5776006 -43.5225541,172.5777058 -43.5226442,172.5775816 -43.5226443,172.5777058 
time 1605567878.7925036 -43.5225992,172.5776436 -43.5225543,172.5776006 -43.5225541,172.5777058 -43.5226442,172.5775816 -43.5226443,172.5777058 
time 1605567879.792899 -43.5225992,172.5776436 -43.5225543,172.5776006 -43.5225541,172.5777058 -43.5226442,172.5775816 -43.5226443,172.5777058 
time 1605567880.79381 -43.5225992,172.5776436 -43.5225543,172.5776006 -43.5225541,172.5777058 -43.5226442,172.5775816 -43.5226443,172.5777058 
time 1605567881.8239613 -43.5225992,172.5776436 -43.5225543,172.5776006 -43.5225541,172.5777058 -43.5226442,172.5775816 -43.5226443,172.5777058 
time 1605567882.7930522 -43.5225992,172.5776436 -43.5225543,172.5776006 -43.5225541,172.5777058 -43.5226442,172.5775816 -43.5226443,172.5777058 
time 1605567883.7918398 -43.5225992,172.5776436 -43.5225543,172.5776006 -43.5225541,172.5777058 -43.5226442,172.5775816 -43.5226443,172.5777058 
time 1605567884.829126 -43.5225992,172.5776436 -43.5225543,172.5776006 -43.5225541,172.5777058 -43.5226442,172.5775816 -43.5226443,172.5777058 
time 1605567885.7940795 -43.5225992,172.5776436 -43.5225543,172.5776006 -43.5225541,172.5777058 -43.5226442,172.5775816 -43.5226443,172.5777058 
time 1605567886.7911403 -43.5225992,172.5776436 -43.5225543,172.5776006 -43.5225541,172.5777058 -43.5226442,172.5775816 -43.5226443,172.5777058 
time 1605567887.7904217 -43.5225992,172.5776436 -43.5225543,172.5776006 -43.5225541,172.5777058 -43.5226442,172.5775816 -43.5226443,172.5777058 
time 1605567888.823126 -43.5225992,172.5776436 -43.5225543,172.5776006 -43.5225541,172.5777058 -43.5226442,172.5775816 -43.5226443,172.5777058 
time 1605567889.7910063 -43.5225992,172.5776436 -43.5225543,172.5776006 -43.5225541,172.5777058 -43.5226442,172.5775816 -43.5226443,172.5777058 
time 1605567890.7921827 -43.5225992,172.5776436 -43.5225543,172.5776006 -43.5225541,172.5777058 -43.5226442,172.5775816 -43.5226443,172.5777058 
time 1605567891.7960587 -43.5225992,172.5776436 -43.5225543,172.5776006 -43.5225541,172.5777058 -43.5226442,172.5775816 -43.5226443,172.5777058 
time 1605567892.791861 -43.5225992,172.5776436 -43.5225543,172.5776006 -43.5225541,172.5777058 -43.5226442,172.5775816 -43.5226443,172.5777058 
time 1605567893.792842 -43.5225992,172.5776436 -43.5225543,172.5776006 -43.5225541,172.5777058 -43.5226442,172.5775816 -43.5226443,172.5777058 
time 1605567894.7937703 -43.5225992,172.5776436 -43.5225543,172.5776006 -43.5225541,172.5777058 -43.5226442,172.5775816 -43.5226443,172.5777058 
time 1605567895.8306801 -43.5225992,172.5776436 -43.5225543,172.5776006 -43.5225541,172.5777058 -43.5226442,172.5775816 -43.5226443,172.5777058 
time 1605567896.8237407 -43.5225992,172.5776436 -43.5225543,172.5776006 -43.5225541,172.5777058 -43.5226442,172.5775816 -43.5226443,172.5777058 
time 1605567897.7885203 -43.5225992,172.5776436 -43.5225543,172.5776006 -43.5225541,172.5777058 -43.5226442,172.5775816 -43.5226443,172.5777058 
time 1605567898.8095675 -43.5225992,172.5776436 -43.5225543,172.5776006 -43.5225541,172.5777058 -43.5226442,172.5775816 -43.5226443,172.5777058 
time 1605567899.790161 -43.5225992,172.5776436 -43.5225543,172.5776006 -43.5225541,172.5777058 -43.5226442,172.5775816 -43.5226443,172.5777058 
time 1605567900.7921581 -43.5225992,172.5776436 -43.5225543,172.5776006 -43.5225541,172.5777058 -43.5226442,172.5775816 -43.5226443,172.5777058 
time 1605567901.79132 -43.5225992,172.5776436 -43.5225543,172.5776006 -43.5225541,172.5777058 -43.5226442,172.5775816 -43.5226443,172.5777058 
time 1605567902.7923152 -43.5225992,172.5776436 -43.5225543,172.5776006 -43.5225541,172.5777058 -43.5226442,172.5775816 -43.5226443,172.5777058 
time 1605567903.8077111 -43.5225992,172.5776436 -43.5225543,172.5776006 -43.5225541,172.5777058 -43.5226442,172.5775816 -43.5226443,172.5777058 
time 1605567904.7915852 -43.5225992,172.5776436 -43.5225543,172.5776006 -43.5225541,172.5777058 -43.5226442,172.5775816 -43.5226443,172.5777058 

Before 2 UAV test

time 1605568505.0786655 -43.5225634,172.5776397 -43.5225257,172.5775675 -43.5225185,172.5777016 -43.5226084,172.5775775 -43.5226177,172.5776983 
time 1605568506.1133568 -43.5225634,172.5776397 -43.5225257,172.5775675 -43.5225185,172.5777016 -43.5226084,172.5775775 -43.5226177,172.5776983 
time 1605568506.8379054 -43.5225634,172.5776397 -43.5225257,172.5775675 -43.5225185,172.5777016 -43.5226084,172.5775775 -43.5226177,172.5776983 
time 1605568507.8722303 -43.5225634,172.5776397 -43.5225257,172.5775675 -43.5225185,172.5777016 -43.5226084,172.5775775 -43.5226177,172.5776983 
time 1605568508.9876792 -43.5225634,172.5776397 -43.5225257,172.5775675 -43.5225185,172.5777016 -43.5226084,172.5775775 -43.5226177,172.5776983 
time 1605568509.782924 -43.5225634,172.5776397 -43.5225257,172.5775675 -43.5225185,172.5777016 -43.5226084,172.5775775 -43.5226177,172.5776983 
time 1605568511.079597 -43.5225634,172.5776397 -43.5225257,172.5775675 -43.5225185,172.5777016 -43.5226084,172.5775775 -43.5226177,172.5776983 
time 1605568511.7818768 -43.5225634,172.5776397 -43.5225257,172.5775675 -43.5225185,172.5777016 -43.5226084,172.5775775 -43.5226177,172.5776983 
time 1605568513.0936773 -43.5225634,172.5776397 -43.5225257,172.5775675 -43.5225185,172.5777016 -43.5226084,172.5775775 -43.5226177,172.5776983 
time 1605568513.8146765 -43.5225634,172.5776397 -43.5225257,172.5775675 -43.5225185,172.5777016 -43.5226084,172.5775775 -43.5226177,172.5776983 
time 1605568514.8296406 -43.5225634,172.5776397 -43.5225257,172.5775675 -43.5225185,172.5777016 -43.5226084,172.5775775 -43.5226177,172.5776983 
time 1605568515.8574061 -43.5225634,172.5776397 -43.5225257,172.5775675 -43.5225185,172.5777016 -43.5226084,172.5775775 -43.5226177,172.5776983 
time 1605568516.8810596 -43.5225634,172.5776397 -43.5225257,172.5775675 -43.5225185,172.5777016 -43.5226084,172.5775775 -43.5226177,172.5776983 
time 1605568518.104883 -43.5225634,172.5776397 -43.5225257,172.5775675 -43.5225185,172.5777016 -43.5226084,172.5775775 -43.5226177,172.5776983 
time 1605568518.7800164 -43.5225634,172.5776397 -43.5225257,172.5775675 -43.5225185,172.5777016 -43.5226084,172.5775775 -43.5226177,172.5776983 
time 1605568520.0952847 -43.5225634,172.5776397 -43.5225257,172.5775675 -43.5225185,172.5777016 -43.5226084,172.5775775 -43.5226177,172.5776983 
time 1605568520.804846 -43.5225634,172.5776397 -43.5225257,172.5775675 -43.5225185,172.5777016 -43.5226084,172.5775775 -43.5226177,172.5776983 
time 1605568521.7925646 -43.5225634,172.5776397 -43.5225257,172.5775675 -43.5225185,172.5777016 -43.5226084,172.5775775 -43.5226177,172.5776983 
time 1605568522.8322356 -43.5225634,172.5776397 -43.5225257,172.5775675 -43.5225185,172.5777016 -43.5226084,172.5775775 -43.5226177,172.5776983 
time 1605568523.8438692 -43.5225634,172.5776397 -43.5225257,172.5775675 -43.5225185,172.5777016 -43.5226084,172.5775775 -43.5226177,172.5776983 
time 1605568524.8652918 -43.5225634,172.5776397 -43.5225257,172.5775675 -43.5225185,172.5777016 -43.5226084,172.5775775 -43.5226177,172.5776983 
time 1605568525.9841633 -43.5225634,172.5776397 -43.5225257,172.5775675 -43.5225185,172.5777016 -43.5226084,172.5775775 -43.5226177,172.5776983 
time 1605568526.7822828 -43.5225634,172.5776397 -43.5225257,172.5775675 -43.5225185,172.5777016 -43.5226084,172.5775775 -43.5226177,172.5776983 
time 1605568528.1406183 -43.5225634,172.5776397 -43.5225257,172.5775675 -43.5225185,172.5777016 -43.5226084,172.5775775 -43.5226177,172.5776983 
time 1605568528.8088982 -43.5225634,172.5776397 -43.5225257,172.5775675 -43.5225185,172.5777016 -43.5226084,172.5775775 -43.5226177,172.5776983 
time 1605568529.7807183 -43.5225634,172.5776397 -43.5225257,172.5775675 -43.5225185,172.5777016 -43.5226084,172.5775775 -43.5226177,172.5776983 
time 1605568530.8083937 -43.5225634,172.5776397 -43.5225257,172.5775675 -43.5225185,172.5777016 -43.5226084,172.5775775 -43.5226177,172.5776983 
time 1605568531.8354912 -43.5225634,172.5776397 -43.5225257,172.5775675 -43.5225185,172.5777016 -43.5226084,172.5775775 -43.5226177,172.5776983 
time 1605568532.8535736 -43.5225634,172.5776397 -43.5225257,172.5775675 -43.5225185,172.5777016 -43.5226084,172.5775775 -43.5226177,172.5776983 
time 1605568533.8785965 -43.5225634,172.5776397 -43.5225257,172.5775675 -43.5225185,172.5777016 -43.5226084,172.5775775 -43.5226177,172.5776983 
time 1605568534.9031744 -43.5225634,172.5776397 -43.5225257,172.5775675 -43.5225185,172.5777016 -43.5226084,172.5775775 -43.5226177,172.5776983 
time 1605568535.9287093 -43.5225634,172.5776397 -43.5225257,172.5775675 -43.5225185,172.5777016 -43.5226084,172.5775775 -43.5226177,172.5776983 
time 1605568537.1011455 -43.5225634,172.5776397 -43.5225257,172.5775675 -43.5225185,172.5777016 -43.5226084,172.5775775 -43.5226177,172.5776983 
time 1605568538.0665689 -43.5225634,172.5776397 -43.5225257,172.5775675 -43.5225185,172.5777016 -43.5226084,172.5775775 -43.5226177,172.5776983 
time 1605568538.796726 -43.5225634,172.5776397 -43.5225257,172.5775675 -43.5225185,172.5777016 -43.5226084,172.5775775 -43.5226177,172.5776983 
time 1605568540.1013865 -43.5225634,172.5776397 -43.5225257,172.5775675 -43.5225185,172.5777016 -43.5226084,172.5775775 -43.5226177,172.5776983 
time 1605568540.840742 -43.5225634,172.5776397 -43.5225257,172.5775675 -43.5225185,172.5777016 -43.5226084,172.5775775 -43.5226177,172.5776983 
time 1605568541.868326 -43.5225634,172.5776397 -43.5225257,172.5775675 -43.5225185,172.5777016 -43.5226084,172.5775775 -43.5226177,172.5776983 
time 1605568542.892325 -43.5225634,172.5776397 -43.5225257,172.5775675 -43.5225185,172.5777016 -43.5226084,172.5775775 -43.5226177,172.5776983 
time 1605568544.005986 -43.5225634,172.5776397 -43.5225257,172.5775675 -43.5225185,172.5777016 -43.5226084,172.5775775 -43.5226177,172.5776983 
time 1605568545.081467 -43.5225634,172.5776397 -43.5225257,172.5775675 -43.5225185,172.5777016 -43.5226084,172.5775775 -43.5226177,172.5776983 
time 1605568546.0984085 -43.5225634,172.5776397 -43.5225257,172.5775675 -43.5225185,172.5777016 -43.5226084,172.5775775 -43.5226177,172.5776983 
time 1605568546.8169093 -43.5225634,172.5776397 -43.5225257,172.5775675 -43.5225185,172.5777016 -43.5226084,172.5775775 -43.5226177,172.5776983 
time 1605568548.1119387 -43.5225634,172.5776397 -43.5225257,172.5775675 -43.5225185,172.5777016 -43.5226084,172.5775775 -43.5226177,172.5776983 
time 1605568548.829054 -43.5225634,172.5776397 -43.5225257,172.5775675 -43.5225185,172.5777016 -43.5226084,172.5775775 -43.5226177,172.5776983 
time 1605568549.8556042 -43.5225634,172.5776397 -43.5225257,172.5775675 -43.5225185,172.5777016 -43.5226084,172.5775775 -43.5226177,172.5776983 
time 1605568550.893981 -43.5225634,172.5776397 -43.5225257,172.5775675 -43.5225185,172.5777016 -43.5226084,172.5775775 -43.5226177,172.5776983 
time 1605568551.925905 -43.5225634,172.5776397 -43.5225257,172.5775675 -43.5225185,172.5777016 -43.5226084,172.5775775 -43.5226177,172.5776983 
time 1605568553.0809875 -43.5225634,172.5776397 -43.5225257,172.5775675 -43.5225185,172.5777016 -43.5226084,172.5775775 -43.5226177,172.5776983 
time 1605568554.1028259 -43.5225634,172.5776397 -43.5225257,172.5775675 -43.5225185,172.5777016 -43.5226084,172.5775775 -43.5226177,172.5776983 
time 1605568555.1029124 -43.5225634,172.5776397 -43.5225257,172.5775675 -43.5225185,172.5777016 -43.5226084,172.5775775 -43.5226177,172.5776983 
time 1605568556.1023974 -43.5225634,172.5776397 -43.5225257,172.5775675 -43.5225185,172.5777016 -43.5226084,172.5775775 -43.5226177,172.5776983 
time 1605568556.8188996 -43.5225634,172.5776397 -43.5225257,172.5775675 -43.5225185,172.5777016 -43.5226084,172.5775775 -43.5226177,172.5776983 
time 1605568557.8381517 -43.5225634,172.5776397 -43.5225257,172.5775675 -43.5225185,172.5777016 -43.5226084,172.5775775 -43.5226177,172.5776983 
time 1605568558.8701425 -43.5225634,172.5776397 -43.5225257,172.5775675 -43.5225185,172.5777016 -43.5226084,172.5775775 -43.5226177,172.5776983 
time 1605568559.9284382 -43.5225634,172.5776397 -43.5225257,172.5775675 -43.5225185,172.5777016 -43.5226084,172.5775775 -43.5226177,172.5776983 
time 1605568560.8057387 -43.5225634,172.5776397 -43.5225257,172.5775675 -43.5225185,172.5777016 -43.5226084,172.5775775 -43.5226177,172.5776983 
time 1605568562.079281 -43.5225634,172.5776397 -43.5225257,172.5775675 -43.5225185,172.5777016 -43.5226084,172.5775775 -43.5226177,172.5776983 
time 1605568563.0787292 -43.5225634,172.5776397 -43.5225257,172.5775675 -43.5225185,172.5777016 -43.5226084,172.5775775 -43.5226177,172.5776983 
time 1605568564.0846696 -43.5225634,172.5776397 -43.5225257,172.5775675 -43.5225185,172.5777016 -43.5226084,172.5775775 -43.5226177,172.5776983 
time 1605568564.8158913 -43.5225634,172.5776397 -43.5225257,172.5775675 -43.5225185,172.5777016 -43.5226084,172.5775775 -43.5226177,172.5776983 
time 1605568565.8299623 -43.5225634,172.5776397 -43.5225257,172.5775675 -43.5225185,172.5777016 -43.5226084,172.5775775 -43.5226177,172.5776983 
time 1605568567.0508063 -43.5225634,172.5776397 -43.5225257,172.5775675 -43.5225185,172.5777016 -43.5226084,172.5775775 -43.5226177,172.5776983 
time 1605568567.8752842 -43.5225634,172.5776397 -43.5225257,172.5775675 -43.5225185,172.5777016 -43.5226084,172.5775775 -43.5226177,172.5776983 
time 1605568569.0819366 -43.5225634,172.5776397 -43.5225257,172.5775675 -43.5225185,172.5777016 -43.5226084,172.5775775 -43.5226177,172.5776983 
time 1605568570.079159 -43.5225634,172.5776397 -43.5225257,172.5775675 -43.5225185,172.5777016 -43.5226084,172.5775775 -43.5226177,172.5776983 
time 1605568571.1440825 -43.5225634,172.5776397 -43.5225257,172.5775675 -43.5225185,172.5777016 -43.5226084,172.5775775 -43.5226177,172.5776983 
time 1605568572.063215 -43.5225634,172.5776397 -43.5225257,172.5775675 -43.5225185,172.5777016 -43.5226084,172.5775775 -43.5226177,172.5776983 
time 1605568572.8842752 -43.5225634,172.5776397 -43.5225257,172.5775675 -43.5225185,172.5777016 -43.5226084,172.5775775 -43.5226177,172.5776983 
time 1605568573.8141942 -43.5225634,172.5776397 -43.5225257,172.5775675 -43.5225185,172.5777016 -43.5226084,172.5775775 -43.5226177,172.5776983 
time 1605568574.8935575 -43.5225634,172.5776397 -43.5225257,172.5775675 -43.5225185,172.5777016 -43.5226084,172.5775775 -43.5226177,172.5776983 
time 1605568575.862358 -43.5225634,172.5776397 -43.5225257,172.5775675 -43.5225185,172.5777016 -43.5226084,172.5775775 -43.5226177,172.5776983 
time 1605568577.084496 -43.5225634,172.5776397 -43.5225257,172.5775675 -43.5225185,172.5777016 -43.5226084,172.5775775 -43.5226177,172.5776983 
time 1605568578.0839367 -43.5225634,172.5776397 -43.5225257,172.5775675 -43.5225185,172.5777016 -43.5226084,172.5775775 -43.5226177,172.5776983 
time 1605568579.0820825 -43.5225634,172.5776397 -43.5225257,172.5775675 -43.5225185,172.5777016 -43.5226084,172.5775775 -43.5226177,172.5776983 
time 1605568580.0783331 -43.5225634,172.5776397 -43.5225257,172.5775675 -43.5225185,172.5777016 -43.5226084,172.5775775 -43.5226177,172.5776983 
