START: 09/12/2021 18:08:30:679825
TIME,            RX_ID,          STATE,          TIMESTAMP,          SEQ_NO,          RX_COORDS,          RANGE_READING,          TARGET_COORDS,          
18:09:47:229354, 4, 1, 1631426987.2050552, 0, GPS(-43.520644, 172.583062, 21.383782, var=[1.0, 1.0, 1.0]), 37.50235062908689, GPS(-43.520600, 172.583000, 0.000000, var=[-1.0, -1.0, -1.0])
18:09:47:996797, 1, 1, 1631426987.9966564, 0, GPS(-43.520554, 172.582937, 21.050900, var=[1.0, 1.0, 1.0]), 37.24877966321931, GPS(-43.520600, 172.583000, 0.000000, var=[-1.0, -1.0, -1.0])
18:09:48:573030, 3, 1, 1631426988.5728402, 0, GPS(-43.520644, 172.582938, 21.384756, var=[1.0, 1.0, 1.0]), 37.50446123387543, GPS(-43.520600, 172.583000, 0.000000, var=[-1.0, -1.0, -1.0])
18:09:48:964871, 2, 1, 1631426988.964739, 0, GPS(-43.520554, 172.583062, 21.388926, var=[1.0, 1.0, 1.0]), 37.552002621208416, GPS(-43.520600, 172.583000, 0.000000, var=[-1.0, -1.0, -1.0])
18:09:49:217933, 4, 1, 1631426989.2177963, 1, GPS(-43.520644, 172.583063, 21.396782, var=[1.0, 1.0, 1.0]), 48.91986064663331, GPS(-43.520600, 172.583000, 0.000000, var=[-1.0, -1.0, -1.0])
18:09:49:432190, 1, 1, 1631426989.4320285, 1, GPS(-43.520554, 172.582938, 21.054900, var=[1.0, 1.0, 1.0]), 48.63448456164956, GPS(-43.520600, 172.583000, 0.000000, var=[-1.0, -1.0, -1.0])
18:09:49:794710, 3, 1, 1631426989.7945683, 1, GPS(-43.520644, 172.582938, 21.395756, var=[1.0, 1.0, 1.0]), 48.902601741275376, GPS(-43.520600, 172.583000, 0.000000, var=[-1.0, -1.0, -1.0])
18:09:50:470598, 2, 1, 1631426990.4704306, 1, GPS(-43.520554, 172.583062, 21.407926, var=[1.0, 1.0, 1.0]), 48.95563665391923, GPS(-43.520600, 172.583000, 0.000000, var=[-1.0, -1.0, -1.0])
18:09:50:708909, 4, 1, 1631426990.70875, 2, GPS(-43.520645, 172.583063, 21.407781, var=[1.0, 1.0, 1.0]), 48.94215195095451, GPS(-43.520600, 172.583000, 0.000000, var=[-1.0, -1.0, -1.0])
18:09:51:202172, 1, 1, 1631426991.2020063, 2, GPS(-43.520554, 172.582937, 21.085900, var=[1.0, 1.0, 1.0]), 48.6700771618398, GPS(-43.520600, 172.583000, 0.000000, var=[-1.0, -1.0, -1.0])
18:09:51:229306, 3, 1, 1631426991.2291856, 2, GPS(-43.520644, 172.582938, 21.415756, var=[1.0, 1.0, 1.0]), 48.93163034473844, GPS(-43.520600, 172.583000, 0.000000, var=[-1.0, -1.0, -1.0])
18:09:51:482651, 2, 1, 1631426991.4824705, 2, GPS(-43.520554, 172.583062, 21.414925, var=[1.0, 1.0, 1.0]), 48.962452155987705, GPS(-43.520600, 172.583000, 0.000000, var=[-1.0, -1.0, -1.0])
18:09:53:173794, 3, 2, 1631426993.1736605, 3, GPS(-43.520644, 172.582938, 21.425756, var=[1.0, 1.0, 1.0]), 48.95034576626789, GPS(-43.520600, 172.583000, 0.000000, var=[-1.0, -1.0, -1.0])
STOP: 09/12/2021 18:10:09:571262
