START: 09/30/2021 20:43:38:634935
TIME,            RX_ID,          STATE,          TIMESTAMP,          SEQ_NO,          RX_COORDS,          RANGE_READING,          TARGET_COORDS,          
20:44:00:242701, 1, 1, 1632987840.2125988, 0, GPS(-43.520554, 172.582937, 21.559899, var=[1.0, 1.0, 1.0]), 37.72454860980288, GPS(-43.520600, 172.583000, 0.000000, var=[-1.0, -1.0, -1.0])
20:44:00:253474, 2, 1, 1632987840.2533343, 0, GPS(-43.520554, 172.583062, 21.450926, var=[1.0, 1.0, 1.0]), 37.60046219125569, GPS(-43.520600, 172.583000, 0.000000, var=[-1.0, -1.0, -1.0])
20:44:00:254628, 3, 1, 1632987840.2545185, 0, GPS(-43.520644, 172.582937, 21.562755, var=[1.0, 1.0, 1.0]), 37.69108353468501, GPS(-43.520600, 172.583000, 0.000000, var=[-1.0, -1.0, -1.0])
20:44:00:261529, 4, 1, 1632987840.261402, 0, GPS(-43.520645, 172.583062, 21.462781, var=[1.0, 1.0, 1.0]), 37.58484982779466, GPS(-43.520600, 172.583000, 0.000000, var=[-1.0, -1.0, -1.0])
20:44:01:213774, 1, 1, 1632987841.2134948, 1, GPS(-43.520554, 172.582937, 21.551899, var=[1.0, 1.0, 1.0]), 49.173436989700875, GPS(-43.520600, 172.583000, 0.000000, var=[-1.0, -1.0, -1.0])
20:44:01:253663, 2, 1, 1632987841.253523, 1, GPS(-43.520554, 172.583061, 21.444925, var=[1.0, 1.0, 1.0]), 49.04945833512279, GPS(-43.520600, 172.583000, 0.000000, var=[-1.0, -1.0, -1.0])
20:44:01:255498, 3, 1, 1632987841.25538, 1, GPS(-43.520644, 172.582937, 21.564755, var=[1.0, 1.0, 1.0]), 49.151952680424984, GPS(-43.520600, 172.583000, 0.000000, var=[-1.0, -1.0, -1.0])
20:44:01:263059, 4, 1, 1632987841.2629411, 1, GPS(-43.520645, 172.583062, 21.457781, var=[1.0, 1.0, 1.0]), 49.04507534379518, GPS(-43.520600, 172.583000, 0.000000, var=[-1.0, -1.0, -1.0])
20:44:01:559686, 2, 1, 1632987841.5595608, 2, GPS(-43.520554, 172.583062, 21.439925, var=[1.0, 1.0, 1.0]), 49.04695021901329, GPS(-43.520600, 172.583000, 0.000000, var=[-1.0, -1.0, -1.0])
20:44:01:559744, 4, 1, 1632987841.5595891, 2, GPS(-43.520645, 172.583062, 21.456781, var=[1.0, 1.0, 1.0]), 49.048885521989675, GPS(-43.520600, 172.583000, 0.000000, var=[-1.0, -1.0, -1.0])
20:44:01:559778, 1, 1, 1632987841.559544, 2, GPS(-43.520554, 172.582937, 21.554899, var=[1.0, 1.0, 1.0]), 49.17677271821192, GPS(-43.520600, 172.583000, 0.000000, var=[-1.0, -1.0, -1.0])
20:44:01:559872, 3, 1, 1632987841.55979, 2, GPS(-43.520644, 172.582937, 21.563755, var=[1.0, 1.0, 1.0]), 49.15397652673249, GPS(-43.520600, 172.583000, 0.000000, var=[-1.0, -1.0, -1.0])
20:44:02:560129, 2, 1, 1632987842.5599878, 3, GPS(-43.520554, 172.583062, 21.434925, var=[1.0, 1.0, 1.0]), 49.046251118417956, GPS(-43.520600, 172.583000, 0.000000, var=[-1.0, -1.0, -1.0])
20:44:02:561574, 3, 1, 1632987842.561427, 3, GPS(-43.520645, 172.582938, 21.545755, var=[1.0, 1.0, 1.0]), 49.141135250331274, GPS(-43.520600, 172.583000, 0.000000, var=[-1.0, -1.0, -1.0])
20:44:02:561648, 3, 1, 1632987842.56157, 4, GPS(-43.520645, 172.582938, 21.545755, var=[1.0, 1.0, 1.0]), 49.141135250331274, GPS(-43.520600, 172.583000, 0.000000, var=[-1.0, -1.0, -1.0])
20:44:02:561689, 2, 1, 1632987842.5614793, 4, GPS(-43.520554, 172.583062, 21.434925, var=[1.0, 1.0, 1.0]), 49.046251118417956, GPS(-43.520600, 172.583000, 0.000000, var=[-1.0, -1.0, -1.0])
20:44:02:561718, 1, 1, 1632987842.5614712, 3, GPS(-43.520554, 172.582937, 21.559899, var=[1.0, 1.0, 1.0]), 49.18520632688154, GPS(-43.520600, 172.583000, 0.000000, var=[-1.0, -1.0, -1.0])
20:44:02:561745, 4, 1, 1632987842.5615058, 3, GPS(-43.520645, 172.583062, 21.449781, var=[1.0, 1.0, 1.0]), 49.045899538644576, GPS(-43.520600, 172.583000, 0.000000, var=[-1.0, -1.0, -1.0])
20:44:03:561690, 4, 1, 1632987843.561557, 4, GPS(-43.520645, 172.583062, 21.440781, var=[1.0, 1.0, 1.0]), 49.02521690107227, GPS(-43.520600, 172.583000, 0.000000, var=[-1.0, -1.0, -1.0])
20:44:03:561962, 2, 1, 1632987843.5618742, 5, GPS(-43.520554, 172.583062, 21.431925, var=[1.0, 1.0, 1.0]), 49.028831192955316, GPS(-43.520600, 172.583000, 0.000000, var=[-1.0, -1.0, -1.0])
20:44:03:562206, 1, 1, 1632987843.5621066, 4, GPS(-43.520554, 172.582937, 21.550899, var=[1.0, 1.0, 1.0]), 49.16136256002915, GPS(-43.520600, 172.583000, 0.000000, var=[-1.0, -1.0, -1.0])
20:44:03:563310, 1, 1, 1632987843.5631247, 5, GPS(-43.520554, 172.582937, 21.550899, var=[1.0, 1.0, 1.0]), 49.16136256002915, GPS(-43.520600, 172.583000, 0.000000, var=[-1.0, -1.0, -1.0])
20:44:03:563351, 3, 1, 1632987843.5625322, 5, GPS(-43.520645, 172.582937, 21.548755, var=[1.0, 1.0, 1.0]), 49.13475421613061, GPS(-43.520600, 172.583000, 0.000000, var=[-1.0, -1.0, -1.0])
20:44:03:563382, 2, 1, 1632987843.56312, 6, GPS(-43.520554, 172.583062, 21.431925, var=[1.0, 1.0, 1.0]), 49.028831192955316, GPS(-43.520600, 172.583000, 0.000000, var=[-1.0, -1.0, -1.0])
20:44:03:563413, 4, 1, 1632987843.5631416, 5, GPS(-43.520645, 172.583062, 21.440781, var=[1.0, 1.0, 1.0]), 49.02521690107227, GPS(-43.520600, 172.583000, 0.000000, var=[-1.0, -1.0, -1.0])
20:44:03:564653, 3, 1, 1632987843.5631397, 6, GPS(-43.520645, 172.582937, 21.548755, var=[1.0, 1.0, 1.0]), 49.13475421613061, GPS(-43.520600, 172.583000, 0.000000, var=[-1.0, -1.0, -1.0])
20:44:04:563600, 1, 1, 1632987844.5634038, 6, GPS(-43.520555, 172.582937, 21.544899, var=[1.0, 1.0, 1.0]), 49.14750562183565, GPS(-43.520600, 172.583000, 0.000000, var=[-1.0, -1.0, -1.0])
20:44:04:563656, 2, 1, 1632987844.5634117, 7, GPS(-43.520554, 172.583062, 21.424925, var=[1.0, 1.0, 1.0]), 49.01718573109407, GPS(-43.520600, 172.583000, 0.000000, var=[-1.0, -1.0, -1.0])
20:44:04:563693, 3, 1, 1632987844.5634296, 7, GPS(-43.520645, 172.582937, 21.537755, var=[1.0, 1.0, 1.0]), 49.121738444206514, GPS(-43.520600, 172.583000, 0.000000, var=[-1.0, -1.0, -1.0])
20:44:04:563736, 4, 1, 1632987844.5634475, 6, GPS(-43.520645, 172.583062, 21.426780, var=[1.0, 1.0, 1.0]), 49.011850715705805, GPS(-43.520600, 172.583000, 0.000000, var=[-1.0, -1.0, -1.0])
20:44:05:563695, 4, 1, 1632987845.5635347, 7, GPS(-43.520645, 172.583062, 21.427780, var=[1.0, 1.0, 1.0]), 49.004059356914354, GPS(-43.520600, 172.583000, 0.000000, var=[-1.0, -1.0, -1.0])
20:44:05:563961, 1, 1, 1632987845.5638704, 7, GPS(-43.520555, 172.582937, 21.539899, var=[1.0, 1.0, 1.0]), 49.133361021293624, GPS(-43.520600, 172.583000, 0.000000, var=[-1.0, -1.0, -1.0])
20:44:05:565576, 1, 1, 1632987845.5653226, 8, GPS(-43.520555, 172.582937, 21.538899, var=[1.0, 1.0, 1.0]), 49.13241202221478, GPS(-43.520600, 172.583000, 0.000000, var=[-1.0, -1.0, -1.0])
20:44:05:565616, 4, 1, 1632987845.5653398, 8, GPS(-43.520645, 172.583062, 21.426780, var=[1.0, 1.0, 1.0]), 49.003109888635144, GPS(-43.520600, 172.583000, 0.000000, var=[-1.0, -1.0, -1.0])
20:44:05:565650, 2, 1, 1632987845.5653346, 8, GPS(-43.520555, 172.583061, 21.421925, var=[1.0, 1.0, 1.0]), 48.9920972750558, GPS(-43.520600, 172.583000, 0.000000, var=[-1.0, -1.0, -1.0])
20:44:05:565682, 3, 1, 1632987845.5653584, 8, GPS(-43.520645, 172.582937, 21.537754, var=[1.0, 1.0, 1.0]), 49.11853334201945, GPS(-43.520600, 172.583000, 0.000000, var=[-1.0, -1.0, -1.0])
20:44:06:565769, 3, 1, 1632987846.5656366, 9, GPS(-43.520645, 172.582937, 21.530754, var=[1.0, 1.0, 1.0]), 49.11212771110203, GPS(-43.520600, 172.583000, 0.000000, var=[-1.0, -1.0, -1.0])
20:44:06:565943, 3, 1, 1632987846.5658276, 10, GPS(-43.520645, 172.582937, 21.530754, var=[1.0, 1.0, 1.0]), 49.11212771110203, GPS(-43.520600, 172.583000, 0.000000, var=[-1.0, -1.0, -1.0])
20:44:06:566008, 2, 1, 1632987846.5658379, 9, GPS(-43.520555, 172.583061, 21.425924, var=[1.0, 1.0, 1.0]), 48.98939936884876, GPS(-43.520600, 172.583000, 0.000000, var=[-1.0, -1.0, -1.0])
20:44:06:566043, 1, 1, 1632987846.565827, 9, GPS(-43.520555, 172.582937, 21.540898, var=[1.0, 1.0, 1.0]), 49.125357482037344, GPS(-43.520600, 172.583000, 0.000000, var=[-1.0, -1.0, -1.0])
20:44:06:566073, 4, 1, 1632987846.5658526, 9, GPS(-43.520645, 172.583062, 21.431780, var=[1.0, 1.0, 1.0]), 49.00205923514749, GPS(-43.520600, 172.583000, 0.000000, var=[-1.0, -1.0, -1.0])
20:44:07:565996, 2, 1, 1632987847.5658517, 10, GPS(-43.520555, 172.583061, 21.423924, var=[1.0, 1.0, 1.0]), 48.97878251349475, GPS(-43.520600, 172.583000, 0.000000, var=[-1.0, -1.0, -1.0])
20:44:07:567064, 4, 1, 1632987847.5669618, 10, GPS(-43.520645, 172.583062, 21.424780, var=[1.0, 1.0, 1.0]), 48.998373174947154, GPS(-43.520600, 172.583000, 0.000000, var=[-1.0, -1.0, -1.0])
20:44:07:567167, 3, 1, 1632987847.566973, 11, GPS(-43.520645, 172.582937, 21.532754, var=[1.0, 1.0, 1.0]), 49.11448964579118, GPS(-43.520600, 172.583000, 0.000000, var=[-1.0, -1.0, -1.0])
20:44:07:567449, 3, 1, 1632987847.5673316, 12, GPS(-43.520645, 172.582937, 21.532754, var=[1.0, 1.0, 1.0]), 49.11448964579118, GPS(-43.520600, 172.583000, 0.000000, var=[-1.0, -1.0, -1.0])
20:44:07:567507, 2, 1, 1632987847.567342, 11, GPS(-43.520555, 172.583061, 21.423924, var=[1.0, 1.0, 1.0]), 48.97878251349475, GPS(-43.520600, 172.583000, 0.000000, var=[-1.0, -1.0, -1.0])
20:44:07:567560, 1, 1, 1632987847.567335, 10, GPS(-43.520555, 172.582937, 21.529898, var=[1.0, 1.0, 1.0]), 49.11225632157465, GPS(-43.520600, 172.583000, 0.000000, var=[-1.0, -1.0, -1.0])
20:44:07:569310, 4, 1, 1632987847.5676477, 11, GPS(-43.520645, 172.583062, 21.424780, var=[1.0, 1.0, 1.0]), 48.998373174947154, GPS(-43.520600, 172.583000, 0.000000, var=[-1.0, -1.0, -1.0])
20:44:08:567737, 1, 1, 1632987848.5676131, 11, GPS(-43.520555, 172.582937, 21.516898, var=[1.0, 1.0, 1.0]), 49.09713684780396, GPS(-43.520600, 172.583000, 0.000000, var=[-1.0, -1.0, -1.0])
20:44:08:569247, 3, 1, 1632987848.5686245, 13, GPS(-43.520645, 172.582937, 21.527754, var=[1.0, 1.0, 1.0]), 49.108768549835375, GPS(-43.520600, 172.583000, 0.000000, var=[-1.0, -1.0, -1.0])
20:44:08:569340, 2, 1, 1632987848.5678935, 12, GPS(-43.520555, 172.583061, 21.412924, var=[1.0, 1.0, 1.0]), 48.96912613787426, GPS(-43.520600, 172.583000, 0.000000, var=[-1.0, -1.0, -1.0])
20:44:08:569399, 4, 1, 1632987848.5685058, 12, GPS(-43.520646, 172.583062, 21.416780, var=[1.0, 1.0, 1.0]), 48.99407631292805, GPS(-43.520600, 172.583000, 0.000000, var=[-1.0, -1.0, -1.0])
20:44:08:595242, 3, 1, 1632987848.5951037, 14, GPS(-43.520645, 172.582937, 21.526754, var=[1.0, 1.0, 1.0]), 49.11080091354744, GPS(-43.520600, 172.583000, 0.000000, var=[-1.0, -1.0, -1.0])
20:44:08:596430, 2, 1, 1632987848.5963395, 13, GPS(-43.520555, 172.583062, 21.410924, var=[1.0, 1.0, 1.0]), 48.971980236181665, GPS(-43.520600, 172.583000, 0.000000, var=[-1.0, -1.0, -1.0])
20:44:08:608600, 1, 1, 1632987848.608477, 12, GPS(-43.520555, 172.582937, 21.516898, var=[1.0, 1.0, 1.0]), 49.100118411466426, GPS(-43.520600, 172.583000, 0.000000, var=[-1.0, -1.0, -1.0])
20:44:08:633730, 4, 1, 1632987848.6334553, 13, GPS(-43.520646, 172.583062, 21.415780, var=[1.0, 1.0, 1.0]), 48.996108770081506, GPS(-43.520600, 172.583000, 0.000000, var=[-1.0, -1.0, -1.0])
20:44:09:596718, 3, 1, 1632987849.5965772, 15, GPS(-43.520645, 172.582937, 21.519754, var=[1.0, 1.0, 1.0]), 49.101688945481285, GPS(-43.520600, 172.583000, 0.000000, var=[-1.0, -1.0, -1.0])
20:44:09:598219, 2, 1, 1632987849.5980828, 14, GPS(-43.520555, 172.583062, 21.413924, var=[1.0, 1.0, 1.0]), 48.977300883989834, GPS(-43.520600, 172.583000, 0.000000, var=[-1.0, -1.0, -1.0])
20:44:09:609391, 1, 1, 1632987849.609257, 13, GPS(-43.520555, 172.582937, 21.516898, var=[1.0, 1.0, 1.0]), 49.10077872257267, GPS(-43.520600, 172.583000, 0.000000, var=[-1.0, -1.0, -1.0])
20:44:09:610873, 1, 1, 1632987849.6102498, 14, GPS(-43.520555, 172.582937, 21.516898, var=[1.0, 1.0, 1.0]), 49.10077872257267, GPS(-43.520600, 172.583000, 0.000000, var=[-1.0, -1.0, -1.0])
20:44:09:610935, 4, 1, 1632987849.6102417, 14, GPS(-43.520646, 172.583062, 21.403780, var=[1.0, 1.0, 1.0]), 48.98471983505045, GPS(-43.520600, 172.583000, 0.000000, var=[-1.0, -1.0, -1.0])
20:44:09:612068, 3, 1, 1632987849.6102302, 16, GPS(-43.520645, 172.582937, 21.519754, var=[1.0, 1.0, 1.0]), 49.101688945481285, GPS(-43.520600, 172.583000, 0.000000, var=[-1.0, -1.0, -1.0])
20:44:09:612117, 2, 1, 1632987849.610308, 15, GPS(-43.520555, 172.583062, 21.413924, var=[1.0, 1.0, 1.0]), 48.979777010309235, GPS(-43.520600, 172.583000, 0.000000, var=[-1.0, -1.0, -1.0])
20:44:10:610767, 1, 1, 1632987850.6106312, 15, GPS(-43.520555, 172.582937, 21.517899, var=[1.0, 1.0, 1.0]), 49.08089199885042, GPS(-43.520600, 172.583000, 0.000000, var=[-1.0, -1.0, -1.0])
20:44:10:611072, 1, 1, 1632987850.6109433, 16, GPS(-43.520555, 172.582937, 21.517899, var=[1.0, 1.0, 1.0]), 49.08089199885042, GPS(-43.520600, 172.583000, 0.000000, var=[-1.0, -1.0, -1.0])
20:44:10:611120, 2, 1, 1632987850.6109447, 16, GPS(-43.520555, 172.583062, 21.402925, var=[1.0, 1.0, 1.0]), 48.95632991361319, GPS(-43.520600, 172.583000, 0.000000, var=[-1.0, -1.0, -1.0])
20:44:10:611152, 4, 1, 1632987850.610973, 15, GPS(-43.520645, 172.583062, 21.397780, var=[1.0, 1.0, 1.0]), 48.95928336112986, GPS(-43.520600, 172.583000, 0.000000, var=[-1.0, -1.0, -1.0])
20:44:10:612327, 3, 1, 1632987850.6109693, 17, GPS(-43.520645, 172.582937, 21.510754, var=[1.0, 1.0, 1.0]), 49.072311969241824, GPS(-43.520600, 172.583000, 0.000000, var=[-1.0, -1.0, -1.0])
20:44:11:611996, 3, 1, 1632987851.6118422, 18, GPS(-43.520645, 172.582937, 21.503754, var=[1.0, 1.0, 1.0]), 49.05273268932142, GPS(-43.520600, 172.583000, 0.000000, var=[-1.0, -1.0, -1.0])
20:44:11:612130, 2, 1, 1632987851.6120214, 17, GPS(-43.520555, 172.583062, 21.387925, var=[1.0, 1.0, 1.0]), 48.934078566297, GPS(-43.520600, 172.583000, 0.000000, var=[-1.0, -1.0, -1.0])
20:44:11:612467, 1, 1, 1632987851.6123686, 17, GPS(-43.520555, 172.582937, 21.491899, var=[1.0, 1.0, 1.0]), 49.05314886763744, GPS(-43.520600, 172.583000, 0.000000, var=[-1.0, -1.0, -1.0])
20:44:11:612528, 2, 1, 1632987851.6124477, 18, GPS(-43.520555, 172.583062, 21.387925, var=[1.0, 1.0, 1.0]), 48.934078566297, GPS(-43.520600, 172.583000, 0.000000, var=[-1.0, -1.0, -1.0])
20:44:11:612588, 1, 1, 1632987851.6124907, 18, GPS(-43.520555, 172.582937, 21.491899, var=[1.0, 1.0, 1.0]), 49.05314886763744, GPS(-43.520600, 172.583000, 0.000000, var=[-1.0, -1.0, -1.0])
20:44:11:612622, 4, 1, 1632987851.612471, 16, GPS(-43.520645, 172.583062, 21.397780, var=[1.0, 1.0, 1.0]), 48.94273305700759, GPS(-43.520600, 172.583000, 0.000000, var=[-1.0, -1.0, -1.0])
20:44:11:614023, 3, 1, 1632987851.6125782, 19, GPS(-43.520645, 172.582937, 21.503754, var=[1.0, 1.0, 1.0]), 49.05273268932142, GPS(-43.520600, 172.583000, 0.000000, var=[-1.0, -1.0, -1.0])
20:44:12:613532, 2, 1, 1632987852.6133964, 19, GPS(-43.520555, 172.583062, 21.360925, var=[1.0, 1.0, 1.0]), 48.902188818627735, GPS(-43.520600, 172.583000, 0.000000, var=[-1.0, -1.0, -1.0])
20:44:12:613944, 3, 1, 1632987852.6137855, 20, GPS(-43.520645, 172.582937, 21.489755, var=[1.0, 1.0, 1.0]), 49.03181465659478, GPS(-43.520600, 172.583000, 0.000000, var=[-1.0, -1.0, -1.0])
20:44:12:614021, 4, 1, 1632987852.6138368, 17, GPS(-43.520645, 172.583062, 21.378780, var=[1.0, 1.0, 1.0]), 48.914162334300094, GPS(-43.520600, 172.583000, 0.000000, var=[-1.0, -1.0, -1.0])
20:44:12:615399, 4, 1, 1632987852.6143594, 18, GPS(-43.520645, 172.583062, 21.378780, var=[1.0, 1.0, 1.0]), 48.914162334300094, GPS(-43.520600, 172.583000, 0.000000, var=[-1.0, -1.0, -1.0])
20:44:12:616510, 3, 1, 1632987852.614193, 21, GPS(-43.520645, 172.582937, 21.489755, var=[1.0, 1.0, 1.0]), 49.03181465659478, GPS(-43.520600, 172.583000, 0.000000, var=[-1.0, -1.0, -1.0])
20:44:12:616559, 2, 1, 1632987852.6141856, 20, GPS(-43.520555, 172.583062, 21.360925, var=[1.0, 1.0, 1.0]), 48.902188818627735, GPS(-43.520600, 172.583000, 0.000000, var=[-1.0, -1.0, -1.0])
20:44:12:616604, 1, 1, 1632987852.614214, 19, GPS(-43.520555, 172.582937, 21.484899, var=[1.0, 1.0, 1.0]), 49.04314263034764, GPS(-43.520600, 172.583000, 0.000000, var=[-1.0, -1.0, -1.0])
20:44:12:616647, 1, 1, 1632987852.614362, 20, GPS(-43.520555, 172.582937, 21.484899, var=[1.0, 1.0, 1.0]), 49.04314263034764, GPS(-43.520600, 172.583000, 0.000000, var=[-1.0, -1.0, -1.0])
20:44:13:614709, 3, 1, 1632987853.6145842, 22, GPS(-43.520645, 172.582937, 21.468755, var=[1.0, 1.0, 1.0]), 49.0069143982588, GPS(-43.520600, 172.583000, 0.000000, var=[-1.0, -1.0, -1.0])
20:44:13:615592, 1, 1, 1632987853.615488, 21, GPS(-43.520555, 172.582937, 21.459899, var=[1.0, 1.0, 1.0]), 49.01397812042217, GPS(-43.520600, 172.583000, 0.000000, var=[-1.0, -1.0, -1.0])
20:44:13:615651, 4, 1, 1632987853.6155164, 19, GPS(-43.520645, 172.583062, 21.351780, var=[1.0, 1.0, 1.0]), 48.87989695460732, GPS(-43.520600, 172.583000, 0.000000, var=[-1.0, -1.0, -1.0])
20:44:13:617047, 3, 1, 1632987853.6154957, 23, GPS(-43.520645, 172.582937, 21.468755, var=[1.0, 1.0, 1.0]), 49.0069143982588, GPS(-43.520600, 172.583000, 0.000000, var=[-1.0, -1.0, -1.0])
20:44:13:617083, 2, 1, 1632987853.6154969, 21, GPS(-43.520555, 172.583061, 21.343925, var=[1.0, 1.0, 1.0]), 48.87529139142217, GPS(-43.520600, 172.583000, 0.000000, var=[-1.0, -1.0, -1.0])
20:44:14:615797, 2, 1, 1632987854.6156583, 22, GPS(-43.520554, 172.583061, 21.325925, var=[1.0, 1.0, 1.0]), 48.83768320466167, GPS(-43.520600, 172.583000, 0.000000, var=[-1.0, -1.0, -1.0])
20:44:14:615857, 3, 1, 1632987854.6156828, 24, GPS(-43.520645, 172.582937, 21.446755, var=[1.0, 1.0, 1.0]), 48.96584639631008, GPS(-43.520600, 172.583000, 0.000000, var=[-1.0, -1.0, -1.0])
20:44:14:616573, 4, 1, 1632987854.6164658, 20, GPS(-43.520645, 172.583062, 21.340781, var=[1.0, 1.0, 1.0]), 48.84072007154712, GPS(-43.520600, 172.583000, 0.000000, var=[-1.0, -1.0, -1.0])
20:44:14:617857, 4, 1, 1632987854.6171753, 21, GPS(-43.520645, 172.583062, 21.340781, var=[1.0, 1.0, 1.0]), 48.84072007154712, GPS(-43.520600, 172.583000, 0.000000, var=[-1.0, -1.0, -1.0])
20:44:14:619332, 2, 1, 1632987854.617172, 23, GPS(-43.520554, 172.583061, 21.325925, var=[1.0, 1.0, 1.0]), 48.83768320466167, GPS(-43.520600, 172.583000, 0.000000, var=[-1.0, -1.0, -1.0])
20:44:14:619384, 3, 1, 1632987854.6171713, 25, GPS(-43.520645, 172.582937, 21.446755, var=[1.0, 1.0, 1.0]), 48.96584639631008, GPS(-43.520600, 172.583000, 0.000000, var=[-1.0, -1.0, -1.0])
20:44:14:619429, 1, 1, 1632987854.6171663, 22, GPS(-43.520554, 172.582937, 21.435899, var=[1.0, 1.0, 1.0]), 48.97351677676591, GPS(-43.520600, 172.583000, 0.000000, var=[-1.0, -1.0, -1.0])
20:44:15:617345, 3, 1, 1632987855.6172028, 26, GPS(-43.520645, 172.582937, 21.422755, var=[1.0, 1.0, 1.0]), 48.90733467144109, GPS(-43.520600, 172.583000, 0.000000, var=[-1.0, -1.0, -1.0])
20:44:15:618072, 3, 1, 1632987855.6179438, 27, GPS(-43.520645, 172.582937, 21.422755, var=[1.0, 1.0, 1.0]), 48.90733467144109, GPS(-43.520600, 172.583000, 0.000000, var=[-1.0, -1.0, -1.0])
20:44:15:618146, 1, 1, 1632987855.6179314, 23, GPS(-43.520554, 172.582937, 21.430899, var=[1.0, 1.0, 1.0]), 48.9447528197594, GPS(-43.520600, 172.583000, 0.000000, var=[-1.0, -1.0, -1.0])
20:44:15:618199, 2, 1, 1632987855.6179392, 24, GPS(-43.520554, 172.583061, 21.308925, var=[1.0, 1.0, 1.0]), 48.79858912949292, GPS(-43.520600, 172.583000, 0.000000, var=[-1.0, -1.0, -1.0])
20:44:15:618242, 4, 1, 1632987855.6179607, 22, GPS(-43.520645, 172.583062, 21.335781, var=[1.0, 1.0, 1.0]), 48.802018263579825, GPS(-43.520600, 172.583000, 0.000000, var=[-1.0, -1.0, -1.0])
20:44:16:618328, 2, 1, 1632987856.6181242, 25, GPS(-43.520554, 172.583061, 21.301925, var=[1.0, 1.0, 1.0]), 48.768953236232896, GPS(-43.520600, 172.583000, 0.000000, var=[-1.0, -1.0, -1.0])
20:44:16:619360, 4, 1, 1632987856.6191795, 23, GPS(-43.520645, 172.583062, 21.329781, var=[1.0, 1.0, 1.0]), 48.77510947515539, GPS(-43.520600, 172.583000, 0.000000, var=[-1.0, -1.0, -1.0])
20:44:16:621660, 3, 1, 1632987856.619638, 28, GPS(-43.520645, 172.582937, 21.427755, var=[1.0, 1.0, 1.0]), 48.88483281758175, GPS(-43.520600, 172.583000, 0.000000, var=[-1.0, -1.0, -1.0])
20:44:16:621739, 1, 1, 1632987856.6196656, 24, GPS(-43.520554, 172.582937, 21.421899, var=[1.0, 1.0, 1.0]), 48.91141498489074, GPS(-43.520600, 172.583000, 0.000000, var=[-1.0, -1.0, -1.0])
20:44:17:618602, 2, 1, 1632987857.618345, 26, GPS(-43.520554, 172.583061, 21.299925, var=[1.0, 1.0, 1.0]), 48.771354632166364, GPS(-43.520600, 172.583000, 0.000000, var=[-1.0, -1.0, -1.0])
20:44:17:619975, 3, 1, 1632987857.6198113, 29, GPS(-43.520645, 172.582937, 21.414755, var=[1.0, 1.0, 1.0]), 48.87572098776407, GPS(-43.520600, 172.583000, 0.000000, var=[-1.0, -1.0, -1.0])
20:44:17:621268, 4, 1, 1632987857.621032, 24, GPS(-43.520645, 172.583062, 21.308781, var=[1.0, 1.0, 1.0]), 48.76446277482932, GPS(-43.520600, 172.583000, 0.000000, var=[-1.0, -1.0, -1.0])
20:44:17:623195, 1, 1, 1632987857.6213803, 25, GPS(-43.520554, 172.582937, 21.403899, var=[1.0, 1.0, 1.0]), 48.89758284442462, GPS(-43.520600, 172.583000, 0.000000, var=[-1.0, -1.0, -1.0])
20:44:18:618828, 2, 1, 1632987858.6186943, 27, GPS(-43.520555, 172.583062, 21.310925, var=[1.0, 1.0, 1.0]), 48.76734930754953, GPS(-43.520600, 172.583000, 0.000000, var=[-1.0, -1.0, -1.0])
20:44:18:621710, 3, 1, 1632987858.6215997, 30, GPS(-43.520645, 172.582937, 21.415755, var=[1.0, 1.0, 1.0]), 48.86432232687318, GPS(-43.520600, 172.583000, 0.000000, var=[-1.0, -1.0, -1.0])
20:44:18:622066, 4, 1, 1632987858.6219854, 25, GPS(-43.520645, 172.583062, 21.299781, var=[1.0, 1.0, 1.0]), 48.7472000966728, GPS(-43.520600, 172.583000, 0.000000, var=[-1.0, -1.0, -1.0])
20:44:18:623129, 1, 1, 1632987858.6230183, 26, GPS(-43.520554, 172.582937, 21.406899, var=[1.0, 1.0, 1.0]), 48.87882809732149, GPS(-43.520600, 172.583000, 0.000000, var=[-1.0, -1.0, -1.0])
20:44:19:620617, 2, 1, 1632987859.6203914, 28, GPS(-43.520554, 172.583062, 21.293925, var=[1.0, 1.0, 1.0]), 48.74725533580374, GPS(-43.520600, 172.583000, 0.000000, var=[-1.0, -1.0, -1.0])
20:44:19:622453, 4, 1, 1632987859.6222682, 26, GPS(-43.520645, 172.583062, 21.312781, var=[1.0, 1.0, 1.0]), 48.753761869213854, GPS(-43.520600, 172.583000, 0.000000, var=[-1.0, -1.0, -1.0])
20:44:19:624371, 3, 1, 1632987859.62306, 31, GPS(-43.520645, 172.582937, 21.421755, var=[1.0, 1.0, 1.0]), 48.86552245148514, GPS(-43.520600, 172.583000, 0.000000, var=[-1.0, -1.0, -1.0])
20:44:19:652049, 1, 1, 1632987859.6518881, 27, GPS(-43.520555, 172.582938, 21.400899, var=[1.0, 1.0, 1.0]), 48.863927347178574, GPS(-43.520600, 172.583000, 0.000000, var=[-1.0, -1.0, -1.0])
20:44:20:622525, 2, 1, 1632987860.6223927, 29, GPS(-43.520554, 172.583062, 21.291925, var=[1.0, 1.0, 1.0]), 48.754084765635525, GPS(-43.520600, 172.583000, 0.000000, var=[-1.0, -1.0, -1.0])
20:44:20:622622, 4, 1, 1632987860.6225095, 27, GPS(-43.520645, 172.583062, 21.305781, var=[1.0, 1.0, 1.0]), 48.75157781876703, GPS(-43.520600, 172.583000, 0.000000, var=[-1.0, -1.0, -1.0])
20:44:20:656956, 3, 1, 1632987860.6568255, 32, GPS(-43.520645, 172.582938, 21.412755, var=[1.0, 1.0, 1.0]), 48.85828918882869, GPS(-43.520600, 172.583000, 0.000000, var=[-1.0, -1.0, -1.0])
20:44:20:666624, 1, 1, 1632987860.6664932, 28, GPS(-43.520555, 172.582938, 21.401899, var=[1.0, 1.0, 1.0]), 48.86465257585619, GPS(-43.520600, 172.583000, 0.000000, var=[-1.0, -1.0, -1.0])
20:44:21:623747, 4, 1, 1632987861.623616, 28, GPS(-43.520645, 172.583062, 21.305781, var=[1.0, 1.0, 1.0]), 48.746416637926956, GPS(-43.520600, 172.583000, 0.000000, var=[-1.0, -1.0, -1.0])
20:44:21:624851, 2, 1, 1632987861.623715, 30, GPS(-43.520554, 172.583062, 21.286925, var=[1.0, 1.0, 1.0]), 48.74983436655144, GPS(-43.520600, 172.583000, 0.000000, var=[-1.0, -1.0, -1.0])
20:44:21:662616, 3, 1, 1632987861.6624787, 33, GPS(-43.520645, 172.582938, 21.406755, var=[1.0, 1.0, 1.0]), 48.84068340320468, GPS(-43.520600, 172.583000, 0.000000, var=[-1.0, -1.0, -1.0])
20:44:21:667915, 1, 1, 1632987861.6678045, 29, GPS(-43.520554, 172.582937, 21.406899, var=[1.0, 1.0, 1.0]), 48.866696330994884, GPS(-43.520600, 172.583000, 0.000000, var=[-1.0, -1.0, -1.0])
20:44:22:625048, 4, 1, 1632987862.6249275, 29, GPS(-43.520645, 172.583062, 21.321781, var=[1.0, 1.0, 1.0]), 48.75035477306177, GPS(-43.520600, 172.583000, 0.000000, var=[-1.0, -1.0, -1.0])
20:44:22:626528, 2, 1, 1632987862.6252894, 31, GPS(-43.520554, 172.583062, 21.304925, var=[1.0, 1.0, 1.0]), 48.75706489057572, GPS(-43.520600, 172.583000, 0.000000, var=[-1.0, -1.0, -1.0])
20:44:22:662767, 3, 1, 1632987862.662636, 34, GPS(-43.520645, 172.582938, 21.412755, var=[1.0, 1.0, 1.0]), 48.86479074359206, GPS(-43.520600, 172.583000, 0.000000, var=[-1.0, -1.0, -1.0])
20:44:22:668465, 1, 1, 1632987862.66835, 30, GPS(-43.520554, 172.582937, 21.411900, var=[1.0, 1.0, 1.0]), 48.89801246988437, GPS(-43.520600, 172.583000, 0.000000, var=[-1.0, -1.0, -1.0])
20:44:23:625461, 4, 1, 1632987863.6252828, 30, GPS(-43.520645, 172.583062, 21.332781, var=[1.0, 1.0, 1.0]), 48.7720349134207, GPS(-43.520600, 172.583000, 0.000000, var=[-1.0, -1.0, -1.0])
20:44:23:627648, 2, 1, 1632987863.6265934, 32, GPS(-43.520554, 172.583061, 21.307926, var=[1.0, 1.0, 1.0]), 48.780461419293246, GPS(-43.520600, 172.583000, 0.000000, var=[-1.0, -1.0, -1.0])
20:44:23:667290, 3, 1, 1632987863.6671286, 35, GPS(-43.520644, 172.582937, 21.414756, var=[1.0, 1.0, 1.0]), 48.86906042368776, GPS(-43.520600, 172.583000, 0.000000, var=[-1.0, -1.0, -1.0])
20:44:23:670379, 1, 1, 1632987863.6702056, 31, GPS(-43.520554, 172.582937, 21.424900, var=[1.0, 1.0, 1.0]), 48.918213379205774, GPS(-43.520600, 172.583000, 0.000000, var=[-1.0, -1.0, -1.0])
20:44:24:627327, 4, 1, 1632987864.6271367, 31, GPS(-43.520645, 172.583062, 21.319781, var=[1.0, 1.0, 1.0]), 48.772459517328016, GPS(-43.520600, 172.583000, 0.000000, var=[-1.0, -1.0, -1.0])
20:44:24:628847, 2, 1, 1632987864.628183, 33, GPS(-43.520554, 172.583061, 21.312926, var=[1.0, 1.0, 1.0]), 48.79127605297005, GPS(-43.520600, 172.583000, 0.000000, var=[-1.0, -1.0, -1.0])
20:44:24:668453, 3, 1, 1632987864.6683338, 36, GPS(-43.520644, 172.582937, 21.423756, var=[1.0, 1.0, 1.0]), 48.8866414604179, GPS(-43.520600, 172.583000, 0.000000, var=[-1.0, -1.0, -1.0])
20:44:24:671077, 1, 1, 1632987864.670962, 32, GPS(-43.520554, 172.582937, 21.425899, var=[1.0, 1.0, 1.0]), 48.927491164009126, GPS(-43.520600, 172.583000, 0.000000, var=[-1.0, -1.0, -1.0])
20:44:25:628060, 4, 1, 1632987865.627879, 32, GPS(-43.520645, 172.583062, 21.324780, var=[1.0, 1.0, 1.0]), 48.79007567994356, GPS(-43.520600, 172.583000, 0.000000, var=[-1.0, -1.0, -1.0])
20:44:25:657313, 2, 1, 1632987865.6571822, 34, GPS(-43.520554, 172.583061, 21.330925, var=[1.0, 1.0, 1.0]), 48.82924242353005, GPS(-43.520600, 172.583000, 0.000000, var=[-1.0, -1.0, -1.0])
20:44:25:670785, 3, 1, 1632987865.6706262, 37, GPS(-43.520644, 172.582937, 21.430756, var=[1.0, 1.0, 1.0]), 48.90839267571422, GPS(-43.520600, 172.583000, 0.000000, var=[-1.0, -1.0, -1.0])
20:44:25:673086, 1, 1, 1632987865.672977, 33, GPS(-43.520555, 172.582937, 21.435899, var=[1.0, 1.0, 1.0]), 48.94390209187354, GPS(-43.520600, 172.583000, 0.000000, var=[-1.0, -1.0, -1.0])
20:44:26:629147, 4, 1, 1632987866.6289668, 33, GPS(-43.520645, 172.583062, 21.330780, var=[1.0, 1.0, 1.0]), 48.8176437899031, GPS(-43.520600, 172.583000, 0.000000, var=[-1.0, -1.0, -1.0])
20:44:26:665013, 2, 1, 1632987866.664887, 35, GPS(-43.520554, 172.583061, 21.320925, var=[1.0, 1.0, 1.0]), 48.81367375665393, GPS(-43.520600, 172.583000, 0.000000, var=[-1.0, -1.0, -1.0])
20:44:26:671135, 3, 1, 1632987866.6710205, 38, GPS(-43.520645, 172.582937, 21.442755, var=[1.0, 1.0, 1.0]), 48.9260428088688, GPS(-43.520600, 172.583000, 0.000000, var=[-1.0, -1.0, -1.0])
20:44:26:674139, 1, 1, 1632987866.6740284, 34, GPS(-43.520555, 172.582937, 21.446899, var=[1.0, 1.0, 1.0]), 48.951481183614604, GPS(-43.520600, 172.583000, 0.000000, var=[-1.0, -1.0, -1.0])
20:44:27:629559, 4, 1, 1632987867.6293962, 34, GPS(-43.520645, 172.583062, 21.340780, var=[1.0, 1.0, 1.0]), 48.823602031012754, GPS(-43.520600, 172.583000, 0.000000, var=[-1.0, -1.0, -1.0])
20:44:27:665314, 2, 1, 1632987867.6651862, 36, GPS(-43.520555, 172.583061, 21.319925, var=[1.0, 1.0, 1.0]), 48.80921773170957, GPS(-43.520600, 172.583000, 0.000000, var=[-1.0, -1.0, -1.0])
20:44:27:671998, 3, 1, 1632987867.6718662, 39, GPS(-43.520645, 172.582937, 21.438755, var=[1.0, 1.0, 1.0]), 48.92859509985353, GPS(-43.520600, 172.583000, 0.000000, var=[-1.0, -1.0, -1.0])
20:44:27:675956, 1, 1, 1632987867.6758158, 35, GPS(-43.520555, 172.582937, 21.454899, var=[1.0, 1.0, 1.0]), 48.96101204394637, GPS(-43.520600, 172.583000, 0.000000, var=[-1.0, -1.0, -1.0])
20:44:28:631589, 4, 1, 1632987868.6314619, 35, GPS(-43.520645, 172.583062, 21.352780, var=[1.0, 1.0, 1.0]), 48.833300945229915, GPS(-43.520600, 172.583000, 0.000000, var=[-1.0, -1.0, -1.0])
20:44:28:666259, 2, 1, 1632987868.6661272, 37, GPS(-43.520555, 172.583061, 21.328925, var=[1.0, 1.0, 1.0]), 48.827493863598995, GPS(-43.520600, 172.583000, 0.000000, var=[-1.0, -1.0, -1.0])
20:44:28:672100, 3, 1, 1632987868.6719286, 40, GPS(-43.520645, 172.582937, 21.441754, var=[1.0, 1.0, 1.0]), 48.95333107885668, GPS(-43.520600, 172.583000, 0.000000, var=[-1.0, -1.0, -1.0])
20:44:28:676671, 1, 1, 1632987868.6762128, 36, GPS(-43.520555, 172.582937, 21.456899, var=[1.0, 1.0, 1.0]), 48.98121092101273, GPS(-43.520600, 172.583000, 0.000000, var=[-1.0, -1.0, -1.0])
20:44:29:633310, 4, 1, 1632987869.6330395, 36, GPS(-43.520645, 172.583062, 21.353780, var=[1.0, 1.0, 1.0]), 48.851833699424446, GPS(-43.520600, 172.583000, 0.000000, var=[-1.0, -1.0, -1.0])
20:44:29:667728, 2, 1, 1632987869.6675978, 38, GPS(-43.520555, 172.583061, 21.338925, var=[1.0, 1.0, 1.0]), 48.837266592855414, GPS(-43.520600, 172.583000, 0.000000, var=[-1.0, -1.0, -1.0])
20:44:29:673034, 3, 1, 1632987869.6729054, 41, GPS(-43.520645, 172.582937, 21.470754, var=[1.0, 1.0, 1.0]), 48.981853464432625, GPS(-43.520600, 172.583000, 0.000000, var=[-1.0, -1.0, -1.0])
20:44:29:678038, 1, 1, 1632987869.6778598, 37, GPS(-43.520555, 172.582937, 21.478899, var=[1.0, 1.0, 1.0]), 49.0012683068346, GPS(-43.520600, 172.583000, 0.000000, var=[-1.0, -1.0, -1.0])
20:44:30:634989, 4, 1, 1632987870.634859, 37, GPS(-43.520645, 172.583062, 21.365781, var=[1.0, 1.0, 1.0]), 48.867808258272355, GPS(-43.520600, 172.583000, 0.000000, var=[-1.0, -1.0, -1.0])
20:44:30:668222, 2, 1, 1632987870.6680663, 39, GPS(-43.520555, 172.583062, 21.352925, var=[1.0, 1.0, 1.0]), 48.879624367709546, GPS(-43.520600, 172.583000, 0.000000, var=[-1.0, -1.0, -1.0])
20:44:30:673697, 3, 1, 1632987870.6735892, 42, GPS(-43.520645, 172.582937, 21.480755, var=[1.0, 1.0, 1.0]), 49.01010173602059, GPS(-43.520600, 172.583000, 0.000000, var=[-1.0, -1.0, -1.0])
20:44:30:679828, 1, 1, 1632987870.6796358, 38, GPS(-43.520555, 172.582937, 21.486899, var=[1.0, 1.0, 1.0]), 49.03006911174865, GPS(-43.520600, 172.583000, 0.000000, var=[-1.0, -1.0, -1.0])
20:44:31:636649, 4, 1, 1632987871.6365218, 38, GPS(-43.520645, 172.583062, 21.389781, var=[1.0, 1.0, 1.0]), 48.91181953719101, GPS(-43.520600, 172.583000, 0.000000, var=[-1.0, -1.0, -1.0])
20:44:31:675355, 3, 1, 1632987871.675234, 43, GPS(-43.520645, 172.582937, 21.477755, var=[1.0, 1.0, 1.0]), 48.99898802479855, GPS(-43.520600, 172.583000, 0.000000, var=[-1.0, -1.0, -1.0])
20:44:31:680186, 2, 1, 1632987871.6800244, 40, GPS(-43.520555, 172.583062, 21.358925, var=[1.0, 1.0, 1.0]), 48.88130813392411, GPS(-43.520600, 172.583000, 0.000000, var=[-1.0, -1.0, -1.0])
20:44:31:681657, 1, 1, 1632987871.6813765, 39, GPS(-43.520555, 172.582937, 21.484899, var=[1.0, 1.0, 1.0]), 49.02055420013472, GPS(-43.520600, 172.583000, 0.000000, var=[-1.0, -1.0, -1.0])
20:44:32:638702, 4, 1, 1632987872.6385229, 39, GPS(-43.520645, 172.583062, 21.398780, var=[1.0, 1.0, 1.0]), 48.91456625989404, GPS(-43.520600, 172.583000, 0.000000, var=[-1.0, -1.0, -1.0])
20:44:32:675869, 3, 1, 1632987872.6757426, 44, GPS(-43.520645, 172.582937, 21.478755, var=[1.0, 1.0, 1.0]), 49.01254764696438, GPS(-43.520600, 172.583000, 0.000000, var=[-1.0, -1.0, -1.0])
20:44:32:680248, 2, 1, 1632987872.6801286, 41, GPS(-43.520555, 172.583062, 21.359925, var=[1.0, 1.0, 1.0]), 48.89849477233278, GPS(-43.520600, 172.583000, 0.000000, var=[-1.0, -1.0, -1.0])
20:44:32:685421, 1, 1, 1632987872.685222, 40, GPS(-43.520555, 172.582937, 21.481899, var=[1.0, 1.0, 1.0]), 49.03035016793753, GPS(-43.520600, 172.583000, 0.000000, var=[-1.0, -1.0, -1.0])
20:44:33:639149, 4, 1, 1632987873.638989, 40, GPS(-43.520645, 172.583062, 21.397780, var=[1.0, 1.0, 1.0]), 48.92804760306038, GPS(-43.520600, 172.583000, 0.000000, var=[-1.0, -1.0, -1.0])
20:44:33:677887, 3, 1, 1632987873.6777213, 45, GPS(-43.520645, 172.582937, 21.482755, var=[1.0, 1.0, 1.0]), 49.01468636049198, GPS(-43.520600, 172.583000, 0.000000, var=[-1.0, -1.0, -1.0])
20:44:33:682257, 2, 1, 1632987873.682109, 42, GPS(-43.520555, 172.583062, 21.372925, var=[1.0, 1.0, 1.0]), 48.90377062003242, GPS(-43.520600, 172.583000, 0.000000, var=[-1.0, -1.0, -1.0])
20:44:33:687060, 1, 1, 1632987873.686902, 41, GPS(-43.520555, 172.582937, 21.481899, var=[1.0, 1.0, 1.0]), 49.03046019560905, GPS(-43.520600, 172.583000, 0.000000, var=[-1.0, -1.0, -1.0])
20:44:34:641025, 4, 1, 1632987874.6408968, 41, GPS(-43.520645, 172.583062, 21.376780, var=[1.0, 1.0, 1.0]), 48.90958056833069, GPS(-43.520600, 172.583000, 0.000000, var=[-1.0, -1.0, -1.0])
20:44:34:679057, 3, 1, 1632987874.678921, 46, GPS(-43.520645, 172.582937, 21.480755, var=[1.0, 1.0, 1.0]), 49.00637478828624, GPS(-43.520600, 172.583000, 0.000000, var=[-1.0, -1.0, -1.0])
20:44:34:683426, 2, 1, 1632987874.6832974, 43, GPS(-43.520555, 172.583061, 21.373925, var=[1.0, 1.0, 1.0]), 48.898978659060816, GPS(-43.520600, 172.583000, 0.000000, var=[-1.0, -1.0, -1.0])
20:44:34:688043, 1, 1, 1632987874.687934, 42, GPS(-43.520555, 172.582937, 21.482899, var=[1.0, 1.0, 1.0]), 49.026770193439475, GPS(-43.520600, 172.583000, 0.000000, var=[-1.0, -1.0, -1.0])
20:44:35:642567, 4, 1, 1632987875.6423945, 42, GPS(-43.520645, 172.583062, 21.377780, var=[1.0, 1.0, 1.0]), 48.907261672097476, GPS(-43.520600, 172.583000, 0.000000, var=[-1.0, -1.0, -1.0])
20:44:35:680929, 3, 1, 1632987875.6807754, 47, GPS(-43.520645, 172.582937, 21.484755, var=[1.0, 1.0, 1.0]), 49.01209641966264, GPS(-43.520600, 172.583000, 0.000000, var=[-1.0, -1.0, -1.0])
20:44:35:685117, 2, 1, 1632987875.6849976, 44, GPS(-43.520555, 172.583061, 21.375925, var=[1.0, 1.0, 1.0]), 48.891873192741805, GPS(-43.520600, 172.583000, 0.000000, var=[-1.0, -1.0, -1.0])
20:44:35:689904, 1, 1, 1632987875.6897972, 43, GPS(-43.520555, 172.582937, 21.476898, var=[1.0, 1.0, 1.0]), 49.01316553832143, GPS(-43.520600, 172.583000, 0.000000, var=[-1.0, -1.0, -1.0])
20:44:36:643722, 4, 1, 1632987876.6432834, 43, GPS(-43.520645, 172.583062, 21.369780, var=[1.0, 1.0, 1.0]), 48.89562226466312, GPS(-43.520600, 172.583000, 0.000000, var=[-1.0, -1.0, -1.0])
20:44:36:682649, 3, 1, 1632987876.682492, 48, GPS(-43.520645, 172.582937, 21.474754, var=[1.0, 1.0, 1.0]), 48.99450233347663, GPS(-43.520600, 172.583000, 0.000000, var=[-1.0, -1.0, -1.0])
20:44:36:685932, 2, 1, 1632987876.685818, 45, GPS(-43.520555, 172.583061, 21.354924, var=[1.0, 1.0, 1.0]), 48.85996872536112, GPS(-43.520600, 172.583000, 0.000000, var=[-1.0, -1.0, -1.0])
20:44:36:689990, 1, 1, 1632987876.6898742, 44, GPS(-43.520555, 172.582937, 21.471898, var=[1.0, 1.0, 1.0]), 48.99540166831831, GPS(-43.520600, 172.583000, 0.000000, var=[-1.0, -1.0, -1.0])
20:44:37:645296, 4, 1, 1632987877.645174, 44, GPS(-43.520645, 172.583062, 21.368780, var=[1.0, 1.0, 1.0]), 48.881654285690345, GPS(-43.520600, 172.583000, 0.000000, var=[-1.0, -1.0, -1.0])
20:44:37:683893, 3, 1, 1632987877.6836975, 49, GPS(-43.520645, 172.582937, 21.462754, var=[1.0, 1.0, 1.0]), 48.98458779535255, GPS(-43.520600, 172.583000, 0.000000, var=[-1.0, -1.0, -1.0])
20:44:37:686136, 2, 1, 1632987877.6860282, 46, GPS(-43.520555, 172.583062, 21.350924, var=[1.0, 1.0, 1.0]), 48.847054635822545, GPS(-43.520600, 172.583000, 0.000000, var=[-1.0, -1.0, -1.0])
20:44:37:690446, 1, 1, 1632987877.6903315, 45, GPS(-43.520555, 172.582937, 21.468899, var=[1.0, 1.0, 1.0]), 48.99041986385617, GPS(-43.520600, 172.583000, 0.000000, var=[-1.0, -1.0, -1.0])
20:44:38:647407, 4, 1, 1632987878.647233, 45, GPS(-43.520645, 172.583062, 21.366780, var=[1.0, 1.0, 1.0]), 48.880543230140496, GPS(-43.520600, 172.583000, 0.000000, var=[-1.0, -1.0, -1.0])
20:44:38:685110, 3, 1, 1632987878.6849787, 50, GPS(-43.520645, 172.582937, 21.468754, var=[1.0, 1.0, 1.0]), 48.991738968533475, GPS(-43.520600, 172.583000, 0.000000, var=[-1.0, -1.0, -1.0])
20:44:38:687226, 2, 1, 1632987878.687136, 47, GPS(-43.520555, 172.583062, 21.343924, var=[1.0, 1.0, 1.0]), 48.84295385067063, GPS(-43.520600, 172.583000, 0.000000, var=[-1.0, -1.0, -1.0])
20:44:38:690751, 1, 1, 1632987878.690624, 46, GPS(-43.520555, 172.582937, 21.456898, var=[1.0, 1.0, 1.0]), 48.97554629371538, GPS(-43.520600, 172.583000, 0.000000, var=[-1.0, -1.0, -1.0])
20:44:39:648839, 4, 1, 1632987879.6485918, 46, GPS(-43.520645, 172.583062, 21.343780, var=[1.0, 1.0, 1.0]), 48.863061307672645, GPS(-43.520600, 172.583000, 0.000000, var=[-1.0, -1.0, -1.0])
20:44:39:686298, 3, 1, 1632987879.686156, 51, GPS(-43.520645, 172.582937, 21.455754, var=[1.0, 1.0, 1.0]), 48.96056804868209, GPS(-43.520600, 172.583000, 0.000000, var=[-1.0, -1.0, -1.0])
20:44:39:689728, 2, 1, 1632987879.6896024, 48, GPS(-43.520555, 172.583062, 21.322924, var=[1.0, 1.0, 1.0]), 48.81518960005644, GPS(-43.520600, 172.583000, 0.000000, var=[-1.0, -1.0, -1.0])
20:44:39:692582, 1, 1, 1632987879.6924307, 47, GPS(-43.520555, 172.582937, 21.435899, var=[1.0, 1.0, 1.0]), 48.94172783186393, GPS(-43.520600, 172.583000, 0.000000, var=[-1.0, -1.0, -1.0])
20:44:40:648871, 4, 1, 1632987880.6486628, 47, GPS(-43.520645, 172.583062, 21.338781, var=[1.0, 1.0, 1.0]), 48.83313680074844, GPS(-43.520600, 172.583000, 0.000000, var=[-1.0, -1.0, -1.0])
20:44:40:687085, 3, 1, 1632987880.686932, 52, GPS(-43.520645, 172.582938, 21.437755, var=[1.0, 1.0, 1.0]), 48.91627440900649, GPS(-43.520600, 172.583000, 0.000000, var=[-1.0, -1.0, -1.0])
20:44:40:690523, 2, 1, 1632987880.6904116, 49, GPS(-43.520555, 172.583062, 21.306925, var=[1.0, 1.0, 1.0]), 48.790194989432955, GPS(-43.520600, 172.583000, 0.000000, var=[-1.0, -1.0, -1.0])
20:44:40:692980, 1, 1, 1632987880.6928647, 48, GPS(-43.520554, 172.582938, 21.420899, var=[1.0, 1.0, 1.0]), 48.91516220089447, GPS(-43.520600, 172.583000, 0.000000, var=[-1.0, -1.0, -1.0])
20:44:41:650378, 4, 1, 1632987881.6502526, 48, GPS(-43.520645, 172.583062, 21.338781, var=[1.0, 1.0, 1.0]), 48.80707904720833, GPS(-43.520600, 172.583000, 0.000000, var=[-1.0, -1.0, -1.0])
20:44:41:692945, 2, 1, 1632987881.692812, 50, GPS(-43.520554, 172.583062, 21.305925, var=[1.0, 1.0, 1.0]), 48.789059889513844, GPS(-43.520600, 172.583000, 0.000000, var=[-1.0, -1.0, -1.0])
20:44:41:693030, 3, 1, 1632987881.692907, 53, GPS(-43.520645, 172.582938, 21.438755, var=[1.0, 1.0, 1.0]), 48.90391511690323, GPS(-43.520600, 172.583000, 0.000000, var=[-1.0, -1.0, -1.0])
20:44:41:693162, 1, 1, 1632987881.6930504, 49, GPS(-43.520554, 172.582938, 21.423900, var=[1.0, 1.0, 1.0]), 48.91778223915259, GPS(-43.520600, 172.583000, 0.000000, var=[-1.0, -1.0, -1.0])
20:44:42:650481, 4, 1, 1632987882.6503482, 49, GPS(-43.520645, 172.583062, 21.333781, var=[1.0, 1.0, 1.0]), 48.7921401686077, GPS(-43.520600, 172.583000, 0.000000, var=[-1.0, -1.0, -1.0])
20:44:42:693605, 3, 1, 1632987882.6934202, 54, GPS(-43.520645, 172.582938, 21.432755, var=[1.0, 1.0, 1.0]), 48.90382749185762, GPS(-43.520600, 172.583000, 0.000000, var=[-1.0, -1.0, -1.0])
20:44:42:694141, 2, 1, 1632987882.6940012, 51, GPS(-43.520554, 172.583062, 21.306926, var=[1.0, 1.0, 1.0]), 48.81093687456928, GPS(-43.520600, 172.583000, 0.000000, var=[-1.0, -1.0, -1.0])
20:44:42:695041, 1, 1, 1632987882.6949174, 50, GPS(-43.520554, 172.582938, 21.434900, var=[1.0, 1.0, 1.0]), 48.94913485714071, GPS(-43.520600, 172.583000, 0.000000, var=[-1.0, -1.0, -1.0])
20:44:43:652034, 4, 1, 1632987883.6518943, 50, GPS(-43.520644, 172.583062, 21.319782, var=[1.0, 1.0, 1.0]), 48.78381242028377, GPS(-43.520600, 172.583000, 0.000000, var=[-1.0, -1.0, -1.0])
20:44:43:695078, 1, 1, 1632987883.694951, 51, GPS(-43.520554, 172.582937, 21.432900, var=[1.0, 1.0, 1.0]), 48.957559997892545, GPS(-43.520600, 172.583000, 0.000000, var=[-1.0, -1.0, -1.0])
20:44:43:695138, 2, 1, 1632987883.6950321, 52, GPS(-43.520554, 172.583062, 21.304926, var=[1.0, 1.0, 1.0]), 48.81834264691861, GPS(-43.520600, 172.583000, 0.000000, var=[-1.0, -1.0, -1.0])
20:44:43:695519, 3, 1, 1632987883.6954315, 55, GPS(-43.520644, 172.582938, 21.434756, var=[1.0, 1.0, 1.0]), 48.89094119402428, GPS(-43.520600, 172.583000, 0.000000, var=[-1.0, -1.0, -1.0])
20:44:44:653564, 4, 1, 1632987884.6534312, 51, GPS(-43.520644, 172.583062, 21.322782, var=[1.0, 1.0, 1.0]), 48.77977806847592, GPS(-43.520600, 172.583000, 0.000000, var=[-1.0, -1.0, -1.0])
20:44:44:695756, 3, 1, 1632987884.6955779, 56, GPS(-43.520644, 172.582938, 21.436756, var=[1.0, 1.0, 1.0]), 48.88564780410664, GPS(-43.520600, 172.583000, 0.000000, var=[-1.0, -1.0, -1.0])
20:44:44:696906, 1, 1, 1632987884.6967776, 52, GPS(-43.520554, 172.582937, 21.416900, var=[1.0, 1.0, 1.0]), 48.93340971796924, GPS(-43.520600, 172.583000, 0.000000, var=[-1.0, -1.0, -1.0])
20:44:44:697132, 2, 1, 1632987884.6970053, 53, GPS(-43.520554, 172.583062, 21.314926, var=[1.0, 1.0, 1.0]), 48.81883210684996, GPS(-43.520600, 172.583000, 0.000000, var=[-1.0, -1.0, -1.0])
20:44:45:655426, 4, 1, 1632987885.6553035, 52, GPS(-43.520644, 172.583062, 21.308782, var=[1.0, 1.0, 1.0]), 48.7592794285855, GPS(-43.520600, 172.583000, 0.000000, var=[-1.0, -1.0, -1.0])
20:44:45:697406, 3, 1, 1632987885.6972728, 57, GPS(-43.520644, 172.582938, 21.427756, var=[1.0, 1.0, 1.0]), 48.86168147925049, GPS(-43.520600, 172.583000, 0.000000, var=[-1.0, -1.0, -1.0])
20:44:45:697546, 1, 1, 1632987885.6974516, 53, GPS(-43.520554, 172.582937, 21.419900, var=[1.0, 1.0, 1.0]), 48.91470603501617, GPS(-43.520600, 172.583000, 0.000000, var=[-1.0, -1.0, -1.0])
20:44:45:698730, 2, 1, 1632987885.6986253, 54, GPS(-43.520554, 172.583062, 21.301926, var=[1.0, 1.0, 1.0]), 48.78494944039227, GPS(-43.520600, 172.583000, 0.000000, var=[-1.0, -1.0, -1.0])
20:44:46:656750, 4, 1, 1632987886.6565878, 53, GPS(-43.520644, 172.583062, 21.304782, var=[1.0, 1.0, 1.0]), 48.74313719755603, GPS(-43.520600, 172.583000, 0.000000, var=[-1.0, -1.0, -1.0])
20:44:46:698233, 3, 1, 1632987886.6980634, 58, GPS(-43.520644, 172.582937, 21.424756, var=[1.0, 1.0, 1.0]), 48.866909660629446, GPS(-43.520600, 172.583000, 0.000000, var=[-1.0, -1.0, -1.0])
20:44:46:698297, 1, 1, 1632987886.6981041, 54, GPS(-43.520554, 172.582937, 21.405900, var=[1.0, 1.0, 1.0]), 48.90169004861363, GPS(-43.520600, 172.583000, 0.000000, var=[-1.0, -1.0, -1.0])
20:44:46:700495, 2, 1, 1632987886.7003765, 55, GPS(-43.520554, 172.583062, 21.302926, var=[1.0, 1.0, 1.0]), 48.785406694833156, GPS(-43.520600, 172.583000, 0.000000, var=[-1.0, -1.0, -1.0])
20:44:47:658446, 4, 1, 1632987887.6582952, 54, GPS(-43.520644, 172.583062, 21.301782, var=[1.0, 1.0, 1.0]), 48.74234201247685, GPS(-43.520600, 172.583000, 0.000000, var=[-1.0, -1.0, -1.0])
20:44:47:699317, 1, 1, 1632987887.6991463, 55, GPS(-43.520554, 172.582937, 21.408900, var=[1.0, 1.0, 1.0]), 48.887938785513356, GPS(-43.520600, 172.583000, 0.000000, var=[-1.0, -1.0, -1.0])
20:44:47:701570, 2, 1, 1632987887.7013788, 56, GPS(-43.520554, 172.583062, 21.282926, var=[1.0, 1.0, 1.0]), 48.752384735739554, GPS(-43.520600, 172.583000, 0.000000, var=[-1.0, -1.0, -1.0])
20:44:47:702262, 3, 1, 1632987887.701329, 59, GPS(-43.520644, 172.582937, 21.412756, var=[1.0, 1.0, 1.0]), 48.83722411106794, GPS(-43.520600, 172.583000, 0.000000, var=[-1.0, -1.0, -1.0])
20:44:48:659573, 4, 1, 1632987888.6594338, 55, GPS(-43.520644, 172.583062, 21.300782, var=[1.0, 1.0, 1.0]), 48.727329571386264, GPS(-43.520600, 172.583000, 0.000000, var=[-1.0, -1.0, -1.0])
20:44:48:700204, 1, 1, 1632987888.6999307, 56, GPS(-43.520554, 172.582938, 21.401900, var=[1.0, 1.0, 1.0]), 48.89203584787679, GPS(-43.520600, 172.583000, 0.000000, var=[-1.0, -1.0, -1.0])
20:44:48:701924, 3, 1, 1632987888.701776, 60, GPS(-43.520644, 172.582938, 21.404756, var=[1.0, 1.0, 1.0]), 48.83781820342337, GPS(-43.520600, 172.583000, 0.000000, var=[-1.0, -1.0, -1.0])
20:44:48:703175, 2, 1, 1632987888.7030447, 57, GPS(-43.520554, 172.583062, 21.286926, var=[1.0, 1.0, 1.0]), 48.767964016918214, GPS(-43.520600, 172.583000, 0.000000, var=[-1.0, -1.0, -1.0])
20:44:49:660673, 4, 1, 1632987889.6605434, 56, GPS(-43.520644, 172.583062, 21.302782, var=[1.0, 1.0, 1.0]), 48.74527297874624, GPS(-43.520600, 172.583000, 0.000000, var=[-1.0, -1.0, -1.0])
20:44:49:701513, 1, 1, 1632987889.7013893, 57, GPS(-43.520554, 172.582938, 21.406900, var=[1.0, 1.0, 1.0]), 48.88027424231, GPS(-43.520600, 172.583000, 0.000000, var=[-1.0, -1.0, -1.0])
20:44:49:703197, 3, 1, 1632987889.7030838, 61, GPS(-43.520644, 172.582938, 21.389756, var=[1.0, 1.0, 1.0]), 48.81751078044775, GPS(-43.520600, 172.583000, 0.000000, var=[-1.0, -1.0, -1.0])
20:44:49:703739, 2, 1, 1632987889.70364, 58, GPS(-43.520554, 172.583062, 21.280926, var=[1.0, 1.0, 1.0]), 48.75801220397497, GPS(-43.520600, 172.583000, 0.000000, var=[-1.0, -1.0, -1.0])
20:44:50:662573, 4, 1, 1632987890.6624377, 57, GPS(-43.520644, 172.583062, 21.308782, var=[1.0, 1.0, 1.0]), 48.74247106814856, GPS(-43.520600, 172.583000, 0.000000, var=[-1.0, -1.0, -1.0])
20:44:50:703354, 1, 1, 1632987890.7032084, 58, GPS(-43.520554, 172.582938, 21.405900, var=[1.0, 1.0, 1.0]), 48.88832105592081, GPS(-43.520600, 172.583000, 0.000000, var=[-1.0, -1.0, -1.0])
20:44:50:704087, 2, 1, 1632987890.7039845, 59, GPS(-43.520554, 172.583062, 21.283926, var=[1.0, 1.0, 1.0]), 48.76985052096435, GPS(-43.520600, 172.583000, 0.000000, var=[-1.0, -1.0, -1.0])
20:44:50:705090, 3, 1, 1632987890.7047417, 62, GPS(-43.520644, 172.582938, 21.398756, var=[1.0, 1.0, 1.0]), 48.833872410362304, GPS(-43.520600, 172.583000, 0.000000, var=[-1.0, -1.0, -1.0])
20:44:51:662842, 4, 1, 1632987891.6626391, 58, GPS(-43.520644, 172.583062, 21.309782, var=[1.0, 1.0, 1.0]), 48.749977544390184, GPS(-43.520600, 172.583000, 0.000000, var=[-1.0, -1.0, -1.0])
20:44:51:703441, 1, 1, 1632987891.7032986, 59, GPS(-43.520554, 172.582938, 21.404900, var=[1.0, 1.0, 1.0]), 48.8899018338214, GPS(-43.520600, 172.583000, 0.000000, var=[-1.0, -1.0, -1.0])
20:44:51:704563, 2, 1, 1632987891.704447, 60, GPS(-43.520554, 172.583062, 21.296926, var=[1.0, 1.0, 1.0]), 48.790103186018655, GPS(-43.520600, 172.583000, 0.000000, var=[-1.0, -1.0, -1.0])
20:44:51:706474, 3, 1, 1632987891.70637, 63, GPS(-43.520644, 172.582938, 21.407756, var=[1.0, 1.0, 1.0]), 48.83704449601865, GPS(-43.520600, 172.583000, 0.000000, var=[-1.0, -1.0, -1.0])
20:44:52:663416, 4, 1, 1632987892.6632655, 59, GPS(-43.520644, 172.583062, 21.310782, var=[1.0, 1.0, 1.0]), 48.75517008147304, GPS(-43.520600, 172.583000, 0.000000, var=[-1.0, -1.0, -1.0])
20:44:52:705271, 1, 1, 1632987892.7050683, 60, GPS(-43.520554, 172.582938, 21.414900, var=[1.0, 1.0, 1.0]), 48.90417341265322, GPS(-43.520600, 172.583000, 0.000000, var=[-1.0, -1.0, -1.0])
20:44:52:706100, 2, 1, 1632987892.7058232, 61, GPS(-43.520554, 172.583062, 21.293926, var=[1.0, 1.0, 1.0]), 48.785916509048846, GPS(-43.520600, 172.583000, 0.000000, var=[-1.0, -1.0, -1.0])
20:44:52:706742, 3, 1, 1632987892.706646, 64, GPS(-43.520644, 172.582938, 21.408756, var=[1.0, 1.0, 1.0]), 48.84278448780166, GPS(-43.520600, 172.583000, 0.000000, var=[-1.0, -1.0, -1.0])
20:44:53:665079, 4, 1, 1632987893.6649392, 60, GPS(-43.520644, 172.583062, 21.306782, var=[1.0, 1.0, 1.0]), 48.75437047443876, GPS(-43.520600, 172.583000, 0.000000, var=[-1.0, -1.0, -1.0])
20:44:53:706807, 1, 1, 1632987893.7066815, 61, GPS(-43.520554, 172.582938, 21.413900, var=[1.0, 1.0, 1.0]), 48.896390013881515, GPS(-43.520600, 172.583000, 0.000000, var=[-1.0, -1.0, -1.0])
20:44:53:706999, 2, 1, 1632987893.7069137, 62, GPS(-43.520554, 172.583062, 21.284926, var=[1.0, 1.0, 1.0]), 48.77414298206601, GPS(-43.520600, 172.583000, 0.000000, var=[-1.0, -1.0, -1.0])
20:44:53:708017, 3, 1, 1632987893.7079275, 65, GPS(-43.520644, 172.582938, 21.397756, var=[1.0, 1.0, 1.0]), 48.82549545003026, GPS(-43.520600, 172.583000, 0.000000, var=[-1.0, -1.0, -1.0])
20:44:54:666564, 4, 1, 1632987894.6664178, 61, GPS(-43.520645, 172.583062, 21.306781, var=[1.0, 1.0, 1.0]), 48.75667333762995, GPS(-43.520600, 172.583000, 0.000000, var=[-1.0, -1.0, -1.0])
20:44:54:708110, 3, 1, 1632987894.7079854, 66, GPS(-43.520644, 172.582938, 21.402756, var=[1.0, 1.0, 1.0]), 48.83306024142206, GPS(-43.520600, 172.583000, 0.000000, var=[-1.0, -1.0, -1.0])
20:44:54:708638, 1, 1, 1632987894.708538, 62, GPS(-43.520554, 172.582938, 21.412900, var=[1.0, 1.0, 1.0]), 48.8890855843408, GPS(-43.520600, 172.583000, 0.000000, var=[-1.0, -1.0, -1.0])
20:44:54:708678, 2, 1, 1632987894.7085788, 63, GPS(-43.520554, 172.583062, 21.290926, var=[1.0, 1.0, 1.0]), 48.77018429969199, GPS(-43.520600, 172.583000, 0.000000, var=[-1.0, -1.0, -1.0])
20:44:55:668631, 4, 1, 1632987895.6684601, 62, GPS(-43.520645, 172.583062, 21.317781, var=[1.0, 1.0, 1.0]), 48.76327309580227, GPS(-43.520600, 172.583000, 0.000000, var=[-1.0, -1.0, -1.0])
20:44:55:708814, 2, 1, 1632987895.7086742, 64, GPS(-43.520554, 172.583062, 21.293925, var=[1.0, 1.0, 1.0]), 48.76087724389977, GPS(-43.520600, 172.583000, 0.000000, var=[-1.0, -1.0, -1.0])
20:44:55:708951, 3, 1, 1632987895.7088337, 67, GPS(-43.520644, 172.582938, 21.411756, var=[1.0, 1.0, 1.0]), 48.83558067642896, GPS(-43.520600, 172.583000, 0.000000, var=[-1.0, -1.0, -1.0])
20:44:55:710459, 1, 1, 1632987895.7101128, 63, GPS(-43.520554, 172.582938, 21.416900, var=[1.0, 1.0, 1.0]), 48.88970161733201, GPS(-43.520600, 172.583000, 0.000000, var=[-1.0, -1.0, -1.0])
20:44:56:670263, 4, 1, 1632987896.6700797, 63, GPS(-43.520645, 172.583062, 21.319781, var=[1.0, 1.0, 1.0]), 48.75554415700093, GPS(-43.520600, 172.583000, 0.000000, var=[-1.0, -1.0, -1.0])
20:44:56:709074, 3, 1, 1632987896.7089481, 68, GPS(-43.520644, 172.582938, 21.412756, var=[1.0, 1.0, 1.0]), 48.85490952601325, GPS(-43.520600, 172.583000, 0.000000, var=[-1.0, -1.0, -1.0])
20:44:56:709130, 2, 1, 1632987896.708939, 65, GPS(-43.520554, 172.583062, 21.299925, var=[1.0, 1.0, 1.0]), 48.77777327790404, GPS(-43.520600, 172.583000, 0.000000, var=[-1.0, -1.0, -1.0])
20:44:56:711090, 1, 1, 1632987896.7109926, 64, GPS(-43.520554, 172.582938, 21.425900, var=[1.0, 1.0, 1.0]), 48.913032362777585, GPS(-43.520600, 172.583000, 0.000000, var=[-1.0, -1.0, -1.0])
20:44:57:670929, 4, 1, 1632987897.670794, 64, GPS(-43.520645, 172.583062, 21.323781, var=[1.0, 1.0, 1.0]), 48.77234232031261, GPS(-43.520600, 172.583000, 0.000000, var=[-1.0, -1.0, -1.0])
20:44:57:710101, 2, 1, 1632987897.709957, 66, GPS(-43.520554, 172.583062, 21.306926, var=[1.0, 1.0, 1.0]), 48.79455812264489, GPS(-43.520600, 172.583000, 0.000000, var=[-1.0, -1.0, -1.0])
20:44:57:711065, 3, 1, 1632987897.7109802, 69, GPS(-43.520644, 172.582937, 21.421755, var=[1.0, 1.0, 1.0]), 48.88608215464161, GPS(-43.520600, 172.583000, 0.000000, var=[-1.0, -1.0, -1.0])
20:44:57:711734, 1, 1, 1632987897.7116177, 65, GPS(-43.520554, 172.582937, 21.438900, var=[1.0, 1.0, 1.0]), 48.939430024743814, GPS(-43.520600, 172.583000, 0.000000, var=[-1.0, -1.0, -1.0])
20:44:58:671397, 4, 1, 1632987898.67106, 65, GPS(-43.520645, 172.583062, 21.344781, var=[1.0, 1.0, 1.0]), 48.80414325456445, GPS(-43.520600, 172.583000, 0.000000, var=[-1.0, -1.0, -1.0])
20:44:58:711825, 2, 1, 1632987898.7116857, 67, GPS(-43.520554, 172.583062, 21.327926, var=[1.0, 1.0, 1.0]), 48.83522314062114, GPS(-43.520600, 172.583000, 0.000000, var=[-1.0, -1.0, -1.0])
20:44:58:712355, 3, 1, 1632987898.7122579, 70, GPS(-43.520644, 172.582937, 21.435755, var=[1.0, 1.0, 1.0]), 48.92118521011946, GPS(-43.520600, 172.583000, 0.000000, var=[-1.0, -1.0, -1.0])
20:44:58:713471, 1, 1, 1632987898.7133775, 66, GPS(-43.520554, 172.582937, 21.465899, var=[1.0, 1.0, 1.0]), 48.98183083212382, GPS(-43.520600, 172.583000, 0.000000, var=[-1.0, -1.0, -1.0])
20:44:59:673224, 4, 1, 1632987899.6730547, 66, GPS(-43.520645, 172.583062, 21.364781, var=[1.0, 1.0, 1.0]), 48.84068387913038, GPS(-43.520600, 172.583000, 0.000000, var=[-1.0, -1.0, -1.0])
20:44:59:712789, 3, 1, 1632987899.7126603, 71, GPS(-43.520645, 172.582937, 21.453755, var=[1.0, 1.0, 1.0]), 48.96416122607144, GPS(-43.520600, 172.583000, 0.000000, var=[-1.0, -1.0, -1.0])
20:44:59:713326, 2, 1, 1632987899.7132337, 68, GPS(-43.520554, 172.583062, 21.348926, var=[1.0, 1.0, 1.0]), 48.87793124373968, GPS(-43.520600, 172.583000, 0.000000, var=[-1.0, -1.0, -1.0])
20:44:59:714542, 1, 1, 1632987899.714442, 67, GPS(-43.520554, 172.582937, 21.478899, var=[1.0, 1.0, 1.0]), 49.01267911267908, GPS(-43.520600, 172.583000, 0.000000, var=[-1.0, -1.0, -1.0])
20:45:00:673618, 4, 1, 1632987900.673481, 67, GPS(-43.520645, 172.583062, 21.368781, var=[1.0, 1.0, 1.0]), 48.86794831171095, GPS(-43.520600, 172.583000, 0.000000, var=[-1.0, -1.0, -1.0])
20:45:00:712918, 3, 1, 1632987900.7127879, 72, GPS(-43.520645, 172.582937, 21.474755, var=[1.0, 1.0, 1.0]), 48.982710617658, GPS(-43.520600, 172.583000, 0.000000, var=[-1.0, -1.0, -1.0])
20:45:00:713562, 2, 1, 1632987900.7134454, 69, GPS(-43.520554, 172.583062, 21.354926, var=[1.0, 1.0, 1.0]), 48.8821426949442, GPS(-43.520600, 172.583000, 0.000000, var=[-1.0, -1.0, -1.0])
20:45:00:715274, 1, 1, 1632987900.7151654, 68, GPS(-43.520554, 172.582937, 21.473899, var=[1.0, 1.0, 1.0]), 49.009671707357654, GPS(-43.520600, 172.583000, 0.000000, var=[-1.0, -1.0, -1.0])
20:45:01:673808, 4, 1, 1632987901.673661, 68, GPS(-43.520645, 172.583062, 21.374781, var=[1.0, 1.0, 1.0]), 48.874691409541, GPS(-43.520600, 172.583000, 0.000000, var=[-1.0, -1.0, -1.0])
20:45:01:713744, 2, 1, 1632987901.7136037, 70, GPS(-43.520554, 172.583062, 21.354926, var=[1.0, 1.0, 1.0]), 48.87540261326329, GPS(-43.520600, 172.583000, 0.000000, var=[-1.0, -1.0, -1.0])
20:45:01:713881, 3, 1, 1632987901.713776, 73, GPS(-43.520644, 172.582937, 21.468755, var=[1.0, 1.0, 1.0]), 48.96173222559876, GPS(-43.520600, 172.583000, 0.000000, var=[-1.0, -1.0, -1.0])
20:45:01:717335, 1, 1, 1632987901.717205, 69, GPS(-43.520554, 172.582937, 21.459899, var=[1.0, 1.0, 1.0]), 48.991456795714015, GPS(-43.520600, 172.583000, 0.000000, var=[-1.0, -1.0, -1.0])
20:45:02:674343, 4, 1, 1632987902.674164, 69, GPS(-43.520645, 172.583062, 21.369781, var=[1.0, 1.0, 1.0]), 48.86068532305022, GPS(-43.520600, 172.583000, 0.000000, var=[-1.0, -1.0, -1.0])
20:45:02:714459, 2, 1, 1632987902.7143285, 71, GPS(-43.520554, 172.583062, 21.350926, var=[1.0, 1.0, 1.0]), 48.862586307339186, GPS(-43.520600, 172.583000, 0.000000, var=[-1.0, -1.0, -1.0])
20:45:02:714586, 3, 1, 1632987902.7144744, 74, GPS(-43.520644, 172.582937, 21.451755, var=[1.0, 1.0, 1.0]), 48.94264527922816, GPS(-43.520600, 172.583000, 0.000000, var=[-1.0, -1.0, -1.0])
20:45:02:717930, 1, 1, 1632987902.717824, 70, GPS(-43.520554, 172.582937, 21.463899, var=[1.0, 1.0, 1.0]), 48.992309979449146, GPS(-43.520600, 172.583000, 0.000000, var=[-1.0, -1.0, -1.0])
20:45:03:676260, 4, 1, 1632987903.676127, 70, GPS(-43.520645, 172.583062, 21.357781, var=[1.0, 1.0, 1.0]), 48.84702114890595, GPS(-43.520600, 172.583000, 0.000000, var=[-1.0, -1.0, -1.0])
20:45:03:714839, 3, 1, 1632987903.7146943, 75, GPS(-43.520644, 172.582937, 21.461755, var=[1.0, 1.0, 1.0]), 48.95011282162557, GPS(-43.520600, 172.583000, 0.000000, var=[-1.0, -1.0, -1.0])
20:45:03:716087, 2, 1, 1632987903.7159812, 72, GPS(-43.520554, 172.583061, 21.354925, var=[1.0, 1.0, 1.0]), 48.85828417657932, GPS(-43.520600, 172.583000, 0.000000, var=[-1.0, -1.0, -1.0])
20:45:03:719734, 1, 1, 1632987903.7196321, 71, GPS(-43.520554, 172.582937, 21.469899, var=[1.0, 1.0, 1.0]), 48.997776407237254, GPS(-43.520600, 172.583000, 0.000000, var=[-1.0, -1.0, -1.0])
20:45:04:676380, 4, 1, 1632987904.6761906, 71, GPS(-43.520645, 172.583062, 21.347781, var=[1.0, 1.0, 1.0]), 48.83439202660152, GPS(-43.520600, 172.583000, 0.000000, var=[-1.0, -1.0, -1.0])
20:45:04:715628, 3, 1, 1632987904.715468, 76, GPS(-43.520645, 172.582937, 21.463755, var=[1.0, 1.0, 1.0]), 48.95344438255559, GPS(-43.520600, 172.583000, 0.000000, var=[-1.0, -1.0, -1.0])
20:45:04:718066, 2, 1, 1632987904.7178986, 73, GPS(-43.520554, 172.583061, 21.345925, var=[1.0, 1.0, 1.0]), 48.84622868787163, GPS(-43.520600, 172.583000, 0.000000, var=[-1.0, -1.0, -1.0])
20:45:04:719928, 1, 1, 1632987904.7198238, 72, GPS(-43.520554, 172.582937, 21.464899, var=[1.0, 1.0, 1.0]), 48.99565939123283, GPS(-43.520600, 172.583000, 0.000000, var=[-1.0, -1.0, -1.0])
20:45:05:677786, 4, 1, 1632987905.6776059, 72, GPS(-43.520645, 172.583062, 21.339781, var=[1.0, 1.0, 1.0]), 48.824014119142426, GPS(-43.520600, 172.583000, 0.000000, var=[-1.0, -1.0, -1.0])
20:45:05:716798, 3, 1, 1632987905.716665, 77, GPS(-43.520645, 172.582937, 21.470755, var=[1.0, 1.0, 1.0]), 48.9662914194009, GPS(-43.520600, 172.583000, 0.000000, var=[-1.0, -1.0, -1.0])
20:45:05:718065, 2, 1, 1632987905.7179427, 74, GPS(-43.520554, 172.583061, 21.345925, var=[1.0, 1.0, 1.0]), 48.843906276173854, GPS(-43.520600, 172.583000, 0.000000, var=[-1.0, -1.0, -1.0])
20:45:05:720666, 1, 1, 1632987905.7205365, 73, GPS(-43.520554, 172.582937, 21.454899, var=[1.0, 1.0, 1.0]), 48.98632328307845, GPS(-43.520600, 172.583000, 0.000000, var=[-1.0, -1.0, -1.0])
20:45:06:679067, 4, 1, 1632987906.6789315, 73, GPS(-43.520645, 172.583062, 21.336781, var=[1.0, 1.0, 1.0]), 48.82312305410906, GPS(-43.520600, 172.583000, 0.000000, var=[-1.0, -1.0, -1.0])
20:45:06:718315, 3, 1, 1632987906.7181437, 78, GPS(-43.520645, 172.582937, 21.465755, var=[1.0, 1.0, 1.0]), 48.95596411765183, GPS(-43.520600, 172.583000, 0.000000, var=[-1.0, -1.0, -1.0])
20:45:06:719611, 2, 1, 1632987906.7194793, 75, GPS(-43.520554, 172.583061, 21.325925, var=[1.0, 1.0, 1.0]), 48.81513217054528, GPS(-43.520600, 172.583000, 0.000000, var=[-1.0, -1.0, -1.0])
20:45:06:722317, 1, 1, 1632987906.722194, 74, GPS(-43.520555, 172.582937, 21.454899, var=[1.0, 1.0, 1.0]), 48.9671967721752, GPS(-43.520600, 172.583000, 0.000000, var=[-1.0, -1.0, -1.0])
20:45:07:680608, 4, 1, 1632987907.680465, 74, GPS(-43.520645, 172.583062, 21.332780, var=[1.0, 1.0, 1.0]), 48.81912852991603, GPS(-43.520600, 172.583000, 0.000000, var=[-1.0, -1.0, -1.0])
20:45:07:718793, 3, 1, 1632987907.7186286, 79, GPS(-43.520645, 172.582937, 21.455755, var=[1.0, 1.0, 1.0]), 48.94491715395119, GPS(-43.520600, 172.583000, 0.000000, var=[-1.0, -1.0, -1.0])
20:45:07:720171, 2, 1, 1632987907.720067, 76, GPS(-43.520554, 172.583061, 21.322925, var=[1.0, 1.0, 1.0]), 48.808284029751675, GPS(-43.520600, 172.583000, 0.000000, var=[-1.0, -1.0, -1.0])
20:45:07:722860, 1, 1, 1632987907.7227502, 75, GPS(-43.520555, 172.582937, 21.427899, var=[1.0, 1.0, 1.0]), 48.93577917404434, GPS(-43.520600, 172.583000, 0.000000, var=[-1.0, -1.0, -1.0])
20:45:08:682613, 4, 1, 1632987908.6824872, 75, GPS(-43.520645, 172.583062, 21.320780, var=[1.0, 1.0, 1.0]), 48.80552650129455, GPS(-43.520600, 172.583000, 0.000000, var=[-1.0, -1.0, -1.0])
20:45:08:719697, 3, 1, 1632987908.719567, 80, GPS(-43.520645, 172.582937, 21.431755, var=[1.0, 1.0, 1.0]), 48.901771799390076, GPS(-43.520600, 172.583000, 0.000000, var=[-1.0, -1.0, -1.0])
20:45:08:721758, 2, 1, 1632987908.721646, 77, GPS(-43.520555, 172.583061, 21.307925, var=[1.0, 1.0, 1.0]), 48.774070618118614, GPS(-43.520600, 172.583000, 0.000000, var=[-1.0, -1.0, -1.0])
20:45:08:722905, 1, 1, 1632987908.7227988, 76, GPS(-43.520555, 172.582937, 21.415899, var=[1.0, 1.0, 1.0]), 48.89909000975646, GPS(-43.520600, 172.583000, 0.000000, var=[-1.0, -1.0, -1.0])
20:45:09:682891, 4, 1, 1632987909.6827555, 76, GPS(-43.520645, 172.583062, 21.307780, var=[1.0, 1.0, 1.0]), 48.76859555104377, GPS(-43.520600, 172.583000, 0.000000, var=[-1.0, -1.0, -1.0])
20:45:09:721868, 2, 1, 1632987909.721715, 78, GPS(-43.520555, 172.583062, 21.288925, var=[1.0, 1.0, 1.0]), 48.746380965617355, GPS(-43.520600, 172.583000, 0.000000, var=[-1.0, -1.0, -1.0])
20:45:09:723017, 3, 1, 1632987909.7229016, 81, GPS(-43.520645, 172.582937, 21.410755, var=[1.0, 1.0, 1.0]), 48.86864800219537, GPS(-43.520600, 172.583000, 0.000000, var=[-1.0, -1.0, -1.0])
20:45:09:724683, 1, 1, 1632987909.7245872, 77, GPS(-43.520555, 172.582938, 21.398899, var=[1.0, 1.0, 1.0]), 48.86684753066751, GPS(-43.520600, 172.583000, 0.000000, var=[-1.0, -1.0, -1.0])
20:45:10:684182, 4, 1, 1632987910.6840518, 77, GPS(-43.520645, 172.583062, 21.297781, var=[1.0, 1.0, 1.0]), 48.743415102071, GPS(-43.520600, 172.583000, 0.000000, var=[-1.0, -1.0, -1.0])
20:45:10:723245, 3, 1, 1632987910.7231, 82, GPS(-43.520645, 172.582937, 21.403755, var=[1.0, 1.0, 1.0]), 48.842926806710466, GPS(-43.520600, 172.583000, 0.000000, var=[-1.0, -1.0, -1.0])
20:45:10:723799, 2, 1, 1632987910.7237008, 79, GPS(-43.520555, 172.583062, 21.286925, var=[1.0, 1.0, 1.0]), 48.73326566870581, GPS(-43.520600, 172.583000, 0.000000, var=[-1.0, -1.0, -1.0])
20:45:10:727174, 1, 1, 1632987910.7263827, 78, GPS(-43.520555, 172.582937, 21.398899, var=[1.0, 1.0, 1.0]), 48.8556459702031, GPS(-43.520600, 172.583000, 0.000000, var=[-1.0, -1.0, -1.0])
20:45:11:686285, 4, 1, 1632987911.6860719, 78, GPS(-43.520645, 172.583062, 21.295781, var=[1.0, 1.0, 1.0]), 48.72672282583676, GPS(-43.520600, 172.583000, 0.000000, var=[-1.0, -1.0, -1.0])
20:45:11:725534, 2, 1, 1632987911.7253892, 80, GPS(-43.520555, 172.583062, 21.284925, var=[1.0, 1.0, 1.0]), 48.72158488565406, GPS(-43.520600, 172.583000, 0.000000, var=[-1.0, -1.0, -1.0])
20:45:11:726599, 3, 1, 1632987911.726085, 83, GPS(-43.520645, 172.582937, 21.389755, var=[1.0, 1.0, 1.0]), 48.81918545384748, GPS(-43.520600, 172.583000, 0.000000, var=[-1.0, -1.0, -1.0])
20:45:11:726728, 1, 1, 1632987911.726466, 79, GPS(-43.520555, 172.582937, 21.384899, var=[1.0, 1.0, 1.0]), 48.8336843600956, GPS(-43.520600, 172.583000, 0.000000, var=[-1.0, -1.0, -1.0])
20:45:12:687417, 4, 1, 1632987912.6872873, 79, GPS(-43.520645, 172.583062, 21.287781, var=[1.0, 1.0, 1.0]), 48.711131179212174, GPS(-43.520600, 172.583000, 0.000000, var=[-1.0, -1.0, -1.0])
20:45:12:726975, 2, 1, 1632987912.726839, 81, GPS(-43.520555, 172.583062, 21.268925, var=[1.0, 1.0, 1.0]), 48.70541902236814, GPS(-43.520600, 172.583000, 0.000000, var=[-1.0, -1.0, -1.0])
20:45:12:727349, 1, 1, 1632987912.7272203, 80, GPS(-43.520555, 172.582937, 21.389899, var=[1.0, 1.0, 1.0]), 48.84536654574816, GPS(-43.520600, 172.583000, 0.000000, var=[-1.0, -1.0, -1.0])
20:45:12:727814, 3, 1, 1632987912.72768, 84, GPS(-43.520645, 172.582937, 21.383755, var=[1.0, 1.0, 1.0]), 48.81431136516854, GPS(-43.520600, 172.583000, 0.000000, var=[-1.0, -1.0, -1.0])
20:45:13:689110, 4, 1, 1632987913.6889803, 80, GPS(-43.520645, 172.583062, 21.281781, var=[1.0, 1.0, 1.0]), 48.699507041233495, GPS(-43.520600, 172.583000, 0.000000, var=[-1.0, -1.0, -1.0])
20:45:13:727213, 2, 1, 1632987913.7270849, 82, GPS(-43.520554, 172.583061, 21.257925, var=[1.0, 1.0, 1.0]), 48.69246365663649, GPS(-43.520600, 172.583000, 0.000000, var=[-1.0, -1.0, -1.0])
20:45:13:728676, 1, 1, 1632987913.728573, 81, GPS(-43.520554, 172.582937, 21.375899, var=[1.0, 1.0, 1.0]), 48.835618394268174, GPS(-43.520600, 172.583000, 0.000000, var=[-1.0, -1.0, -1.0])
20:45:13:729760, 3, 1, 1632987913.7296634, 85, GPS(-43.520645, 172.582937, 21.381755, var=[1.0, 1.0, 1.0]), 48.80960328055506, GPS(-43.520600, 172.583000, 0.000000, var=[-1.0, -1.0, -1.0])
20:45:14:689349, 4, 1, 1632987914.689222, 81, GPS(-43.520645, 172.583062, 21.284781, var=[1.0, 1.0, 1.0]), 48.698371642422615, GPS(-43.520600, 172.583000, 0.000000, var=[-1.0, -1.0, -1.0])
20:45:14:728297, 2, 1, 1632987914.7281718, 83, GPS(-43.520554, 172.583061, 21.257925, var=[1.0, 1.0, 1.0]), 48.690229477337695, GPS(-43.520600, 172.583000, 0.000000, var=[-1.0, -1.0, -1.0])
20:45:14:729427, 1, 1, 1632987914.7293293, 82, GPS(-43.520554, 172.582937, 21.382900, var=[1.0, 1.0, 1.0]), 48.84430519574793, GPS(-43.520600, 172.583000, 0.000000, var=[-1.0, -1.0, -1.0])
20:45:14:731752, 3, 1, 1632987914.731578, 86, GPS(-43.520645, 172.582937, 21.380755, var=[1.0, 1.0, 1.0]), 48.80567549304996, GPS(-43.520600, 172.583000, 0.000000, var=[-1.0, -1.0, -1.0])
20:45:15:690401, 4, 1, 1632987915.6902616, 82, GPS(-43.520645, 172.583062, 21.295781, var=[1.0, 1.0, 1.0]), 48.70450350058093, GPS(-43.520600, 172.583000, 0.000000, var=[-1.0, -1.0, -1.0])
20:45:15:729530, 2, 1, 1632987915.729389, 84, GPS(-43.520554, 172.583061, 21.273925, var=[1.0, 1.0, 1.0]), 48.709738771541254, GPS(-43.520600, 172.583000, 0.000000, var=[-1.0, -1.0, -1.0])
20:45:15:730830, 1, 1, 1632987915.7307217, 83, GPS(-43.520554, 172.582937, 21.379900, var=[1.0, 1.0, 1.0]), 48.84401201965423, GPS(-43.520600, 172.583000, 0.000000, var=[-1.0, -1.0, -1.0])
20:45:15:732956, 3, 1, 1632987915.7328403, 87, GPS(-43.520645, 172.582937, 21.378755, var=[1.0, 1.0, 1.0]), 48.80135786516089, GPS(-43.520600, 172.583000, 0.000000, var=[-1.0, -1.0, -1.0])
20:45:16:690454, 4, 1, 1632987916.690271, 83, GPS(-43.520645, 172.583062, 21.294781, var=[1.0, 1.0, 1.0]), 48.70783178167653, GPS(-43.520600, 172.583000, 0.000000, var=[-1.0, -1.0, -1.0])
20:45:16:730005, 2, 1, 1632987916.7298646, 85, GPS(-43.520554, 172.583062, 21.265926, var=[1.0, 1.0, 1.0]), 48.709963806062476, GPS(-43.520600, 172.583000, 0.000000, var=[-1.0, -1.0, -1.0])
20:45:16:731326, 1, 1, 1632987916.7312286, 84, GPS(-43.520554, 172.582937, 21.379900, var=[1.0, 1.0, 1.0]), 48.84389404331887, GPS(-43.520600, 172.583000, 0.000000, var=[-1.0, -1.0, -1.0])
20:45:16:734845, 3, 1, 1632987916.73473, 88, GPS(-43.520644, 172.582937, 21.380755, var=[1.0, 1.0, 1.0]), 48.806847036067765, GPS(-43.520600, 172.583000, 0.000000, var=[-1.0, -1.0, -1.0])
20:45:17:691295, 4, 1, 1632987917.6911519, 84, GPS(-43.520645, 172.583062, 21.289781, var=[1.0, 1.0, 1.0]), 48.71091427217536, GPS(-43.520600, 172.583000, 0.000000, var=[-1.0, -1.0, -1.0])
20:45:17:733452, 1, 1, 1632987917.7327056, 85, GPS(-43.520554, 172.582938, 21.378900, var=[1.0, 1.0, 1.0]), 48.834698987867284, GPS(-43.520600, 172.583000, 0.000000, var=[-1.0, -1.0, -1.0])
20:45:17:734290, 2, 1, 1632987917.734186, 86, GPS(-43.520554, 172.583062, 21.265926, var=[1.0, 1.0, 1.0]), 48.71071853243388, GPS(-43.520600, 172.583000, 0.000000, var=[-1.0, -1.0, -1.0])
20:45:17:735798, 3, 1, 1632987917.735671, 89, GPS(-43.520644, 172.582937, 21.384755, var=[1.0, 1.0, 1.0]), 48.804180981390914, GPS(-43.520600, 172.583000, 0.000000, var=[-1.0, -1.0, -1.0])
20:45:18:691815, 4, 1, 1632987918.6916583, 85, GPS(-43.520645, 172.583062, 21.290781, var=[1.0, 1.0, 1.0]), 48.716247033251015, GPS(-43.520600, 172.583000, 0.000000, var=[-1.0, -1.0, -1.0])
20:45:18:734770, 1, 1, 1632987918.734646, 86, GPS(-43.520554, 172.582938, 21.391899, var=[1.0, 1.0, 1.0]), 48.85166752093757, GPS(-43.520600, 172.583000, 0.000000, var=[-1.0, -1.0, -1.0])
20:45:18:735748, 2, 1, 1632987918.7356389, 87, GPS(-43.520554, 172.583062, 21.275925, var=[1.0, 1.0, 1.0]), 48.73702226652826, GPS(-43.520600, 172.583000, 0.000000, var=[-1.0, -1.0, -1.0])
20:45:18:736143, 3, 1, 1632987918.7360384, 90, GPS(-43.520644, 172.582938, 21.389756, var=[1.0, 1.0, 1.0]), 48.81326877462814, GPS(-43.520600, 172.583000, 0.000000, var=[-1.0, -1.0, -1.0])
20:45:19:692321, 4, 1, 1632987919.6922004, 86, GPS(-43.520645, 172.583062, 21.291781, var=[1.0, 1.0, 1.0]), 48.731830153470206, GPS(-43.520600, 172.583000, 0.000000, var=[-1.0, -1.0, -1.0])
20:45:19:736316, 1, 1, 1632987919.7361803, 87, GPS(-43.520554, 172.582938, 21.403899, var=[1.0, 1.0, 1.0]), 48.86449130233677, GPS(-43.520600, 172.583000, 0.000000, var=[-1.0, -1.0, -1.0])
20:45:19:736755, 2, 1, 1632987919.7366056, 88, GPS(-43.520554, 172.583062, 21.274925, var=[1.0, 1.0, 1.0]), 48.73749604898064, GPS(-43.520600, 172.583000, 0.000000, var=[-1.0, -1.0, -1.0])
20:45:19:738145, 3, 1, 1632987919.738041, 91, GPS(-43.520644, 172.582938, 21.395756, var=[1.0, 1.0, 1.0]), 48.82534674746677, GPS(-43.520600, 172.583000, 0.000000, var=[-1.0, -1.0, -1.0])
20:45:20:693540, 4, 1, 1632987920.6933844, 87, GPS(-43.520645, 172.583062, 21.307781, var=[1.0, 1.0, 1.0]), 48.75342384585866, GPS(-43.520600, 172.583000, 0.000000, var=[-1.0, -1.0, -1.0])
20:45:20:736568, 1, 1, 1632987920.7364383, 88, GPS(-43.520554, 172.582938, 21.405899, var=[1.0, 1.0, 1.0]), 48.87337874154301, GPS(-43.520600, 172.583000, 0.000000, var=[-1.0, -1.0, -1.0])
20:45:20:737808, 2, 1, 1632987920.7377079, 89, GPS(-43.520554, 172.583062, 21.275925, var=[1.0, 1.0, 1.0]), 48.74722948503346, GPS(-43.520600, 172.583000, 0.000000, var=[-1.0, -1.0, -1.0])
20:45:20:739451, 3, 1, 1632987920.7393517, 92, GPS(-43.520645, 172.582938, 21.414755, var=[1.0, 1.0, 1.0]), 48.853475180826734, GPS(-43.520600, 172.583000, 0.000000, var=[-1.0, -1.0, -1.0])
20:45:21:693703, 4, 1, 1632987921.6935802, 88, GPS(-43.520645, 172.583062, 21.317781, var=[1.0, 1.0, 1.0]), 48.7699047819864, GPS(-43.520600, 172.583000, 0.000000, var=[-1.0, -1.0, -1.0])
20:45:21:739230, 2, 1, 1632987921.7390747, 90, GPS(-43.520554, 172.583062, 21.294925, var=[1.0, 1.0, 1.0]), 48.77222347991015, GPS(-43.520600, 172.583000, 0.000000, var=[-1.0, -1.0, -1.0])
20:45:21:740739, 3, 1, 1632987921.7406404, 93, GPS(-43.520645, 172.582938, 21.423755, var=[1.0, 1.0, 1.0]), 48.87144935296142, GPS(-43.520600, 172.583000, 0.000000, var=[-1.0, -1.0, -1.0])
20:45:21:743536, 1, 1, 1632987921.7434251, 89, GPS(-43.520554, 172.582938, 21.418899, var=[1.0, 1.0, 1.0]), 48.89268909457117, GPS(-43.520600, 172.583000, 0.000000, var=[-1.0, -1.0, -1.0])
20:45:22:694535, 4, 1, 1632987922.6942792, 89, GPS(-43.520645, 172.583062, 21.319781, var=[1.0, 1.0, 1.0]), 48.77878046161424, GPS(-43.520600, 172.583000, 0.000000, var=[-1.0, -1.0, -1.0])
20:45:22:740782, 2, 1, 1632987922.7406528, 91, GPS(-43.520554, 172.583062, 21.307925, var=[1.0, 1.0, 1.0]), 48.80106908449936, GPS(-43.520600, 172.583000, 0.000000, var=[-1.0, -1.0, -1.0])
20:45:22:742858, 3, 1, 1632987922.7426233, 94, GPS(-43.520645, 172.582938, 21.425755, var=[1.0, 1.0, 1.0]), 48.88734898359593, GPS(-43.520600, 172.583000, 0.000000, var=[-1.0, -1.0, -1.0])
20:45:22:744749, 1, 1, 1632987922.7446597, 90, GPS(-43.520554, 172.582938, 21.428899, var=[1.0, 1.0, 1.0]), 48.91617641906501, GPS(-43.520600, 172.583000, 0.000000, var=[-1.0, -1.0, -1.0])
20:45:23:695804, 4, 1, 1632987923.695674, 90, GPS(-43.520645, 172.583062, 21.339781, var=[1.0, 1.0, 1.0]), 48.81422985514686, GPS(-43.520600, 172.583000, 0.000000, var=[-1.0, -1.0, -1.0])
20:45:23:741023, 2, 1, 1632987923.7408988, 92, GPS(-43.520554, 172.583062, 21.316925, var=[1.0, 1.0, 1.0]), 48.812625861478764, GPS(-43.520600, 172.583000, 0.000000, var=[-1.0, -1.0, -1.0])
20:45:23:744330, 3, 1, 1632987923.7442238, 95, GPS(-43.520645, 172.582938, 21.433755, var=[1.0, 1.0, 1.0]), 48.89731444167127, GPS(-43.520600, 172.583000, 0.000000, var=[-1.0, -1.0, -1.0])
20:45:23:745249, 1, 1, 1632987923.7451627, 91, GPS(-43.520554, 172.582938, 21.451899, var=[1.0, 1.0, 1.0]), 48.942814354038006, GPS(-43.520600, 172.583000, 0.000000, var=[-1.0, -1.0, -1.0])
20:45:24:697357, 4, 1, 1632987924.6972136, 91, GPS(-43.520645, 172.583062, 21.349781, var=[1.0, 1.0, 1.0]), 48.829214024035764, GPS(-43.520600, 172.583000, 0.000000, var=[-1.0, -1.0, -1.0])
20:45:24:742309, 2, 1, 1632987924.7421064, 93, GPS(-43.520554, 172.583062, 21.326925, var=[1.0, 1.0, 1.0]), 48.83288679680216, GPS(-43.520600, 172.583000, 0.000000, var=[-1.0, -1.0, -1.0])
20:45:24:745851, 3, 1, 1632987924.7457304, 96, GPS(-43.520645, 172.582938, 21.446755, var=[1.0, 1.0, 1.0]), 48.92367319921163, GPS(-43.520600, 172.583000, 0.000000, var=[-1.0, -1.0, -1.0])
20:45:24:746160, 1, 1, 1632987924.7459779, 92, GPS(-43.520554, 172.582938, 21.459899, var=[1.0, 1.0, 1.0]), 48.964414554860866, GPS(-43.520600, 172.583000, 0.000000, var=[-1.0, -1.0, -1.0])
20:45:25:699449, 4, 1, 1632987925.6992464, 92, GPS(-43.520645, 172.583062, 21.363781, var=[1.0, 1.0, 1.0]), 48.85651073777254, GPS(-43.520600, 172.583000, 0.000000, var=[-1.0, -1.0, -1.0])
20:45:25:743061, 2, 1, 1632987925.7429295, 94, GPS(-43.520554, 172.583062, 21.338925, var=[1.0, 1.0, 1.0]), 48.84424114607391, GPS(-43.520600, 172.583000, 0.000000, var=[-1.0, -1.0, -1.0])
20:45:25:746997, 3, 1, 1632987925.746881, 97, GPS(-43.520645, 172.582938, 21.455755, var=[1.0, 1.0, 1.0]), 48.93219548211931, GPS(-43.520600, 172.583000, 0.000000, var=[-1.0, -1.0, -1.0])
20:45:25:747737, 1, 1, 1632987925.7476318, 93, GPS(-43.520554, 172.582938, 21.470899, var=[1.0, 1.0, 1.0]), 48.97482439561324, GPS(-43.520600, 172.583000, 0.000000, var=[-1.0, -1.0, -1.0])
20:45:26:699555, 4, 1, 1632987926.6993725, 93, GPS(-43.520645, 172.583062, 21.385780, var=[1.0, 1.0, 1.0]), 48.8823136584887, GPS(-43.520600, 172.583000, 0.000000, var=[-1.0, -1.0, -1.0])
20:45:26:744314, 2, 1, 1632987926.7441833, 95, GPS(-43.520555, 172.583062, 21.362925, var=[1.0, 1.0, 1.0]), 48.88682163572286, GPS(-43.520600, 172.583000, 0.000000, var=[-1.0, -1.0, -1.0])
20:45:26:747131, 3, 1, 1632987926.7470095, 98, GPS(-43.520645, 172.582938, 21.482755, var=[1.0, 1.0, 1.0]), 48.98509512424741, GPS(-43.520600, 172.583000, 0.000000, var=[-1.0, -1.0, -1.0])
20:45:26:748755, 1, 1, 1632987926.748656, 94, GPS(-43.520555, 172.582938, 21.491899, var=[1.0, 1.0, 1.0]), 49.00922245211961, GPS(-43.520600, 172.583000, 0.000000, var=[-1.0, -1.0, -1.0])
20:45:27:700654, 4, 1, 1632987927.7004306, 94, GPS(-43.520645, 172.583062, 21.390780, var=[1.0, 1.0, 1.0]), 48.911874490715775, GPS(-43.520600, 172.583000, 0.000000, var=[-1.0, -1.0, -1.0])
20:45:27:745125, 2, 1, 1632987927.7449968, 96, GPS(-43.520555, 172.583062, 21.371925, var=[1.0, 1.0, 1.0]), 48.90205570642366, GPS(-43.520600, 172.583000, 0.000000, var=[-1.0, -1.0, -1.0])
20:45:27:748857, 3, 1, 1632987927.748725, 99, GPS(-43.520645, 172.582938, 21.485755, var=[1.0, 1.0, 1.0]), 48.997794120981496, GPS(-43.520600, 172.583000, 0.000000, var=[-1.0, -1.0, -1.0])
20:45:27:749411, 1, 1, 1632987927.749328, 95, GPS(-43.520555, 172.582938, 21.495899, var=[1.0, 1.0, 1.0]), 49.02043226237603, GPS(-43.520600, 172.583000, 0.000000, var=[-1.0, -1.0, -1.0])
20:45:28:702122, 4, 1, 1632987928.7019424, 95, GPS(-43.520645, 172.583063, 21.396780, var=[1.0, 1.0, 1.0]), 48.932828373950834, GPS(-43.520600, 172.583000, 0.000000, var=[-1.0, -1.0, -1.0])
20:45:28:745679, 2, 1, 1632987928.745556, 97, GPS(-43.520555, 172.583062, 21.386925, var=[1.0, 1.0, 1.0]), 48.9297820336004, GPS(-43.520600, 172.583000, 0.000000, var=[-1.0, -1.0, -1.0])
20:45:28:750197, 3, 1, 1632987928.7500675, 100, GPS(-43.520645, 172.582938, 21.495755, var=[1.0, 1.0, 1.0]), 49.02283533289522, GPS(-43.520600, 172.583000, 0.000000, var=[-1.0, -1.0, -1.0])
20:45:28:750266, 1, 1, 1632987928.750123, 96, GPS(-43.520555, 172.582938, 21.485899, var=[1.0, 1.0, 1.0]), 49.02196096896147, GPS(-43.520600, 172.583000, 0.000000, var=[-1.0, -1.0, -1.0])
20:45:29:702632, 4, 1, 1632987929.702445, 96, GPS(-43.520645, 172.583063, 21.399780, var=[1.0, 1.0, 1.0]), 48.95097154908618, GPS(-43.520600, 172.583000, 0.000000, var=[-1.0, -1.0, -1.0])
20:45:29:746364, 2, 1, 1632987929.7462332, 98, GPS(-43.520555, 172.583062, 21.385925, var=[1.0, 1.0, 1.0]), 48.9311064779033, GPS(-43.520600, 172.583000, 0.000000, var=[-1.0, -1.0, -1.0])
20:45:29:751079, 3, 1, 1632987929.7509696, 101, GPS(-43.520645, 172.582938, 21.495755, var=[1.0, 1.0, 1.0]), 49.021520214454604, GPS(-43.520600, 172.583000, 0.000000, var=[-1.0, -1.0, -1.0])
20:45:29:751646, 1, 1, 1632987929.7515547, 97, GPS(-43.520555, 172.582938, 21.474899, var=[1.0, 1.0, 1.0]), 49.0112963234766, GPS(-43.520600, 172.583000, 0.000000, var=[-1.0, -1.0, -1.0])
20:45:30:704062, 4, 1, 1632987930.7038891, 97, GPS(-43.520645, 172.583062, 21.387780, var=[1.0, 1.0, 1.0]), 48.93150146205888, GPS(-43.520600, 172.583000, 0.000000, var=[-1.0, -1.0, -1.0])
20:45:30:748168, 2, 1, 1632987930.7480235, 99, GPS(-43.520555, 172.583062, 21.369925, var=[1.0, 1.0, 1.0]), 48.90882457280754, GPS(-43.520600, 172.583000, 0.000000, var=[-1.0, -1.0, -1.0])
20:45:30:752471, 3, 1, 1632987930.7523365, 102, GPS(-43.520645, 172.582938, 21.481754, var=[1.0, 1.0, 1.0]), 49.00576983856291, GPS(-43.520600, 172.583000, 0.000000, var=[-1.0, -1.0, -1.0])
20:45:30:753225, 1, 1, 1632987930.7529747, 98, GPS(-43.520555, 172.582938, 21.462899, var=[1.0, 1.0, 1.0]), 48.99995077530658, GPS(-43.520600, 172.583000, 0.000000, var=[-1.0, -1.0, -1.0])
20:45:31:704239, 4, 1, 1632987931.7041013, 98, GPS(-43.520645, 172.583062, 21.368781, var=[1.0, 1.0, 1.0]), 48.89713181750704, GPS(-43.520600, 172.583000, 0.000000, var=[-1.0, -1.0, -1.0])
20:45:31:750041, 2, 1, 1632987931.749833, 100, GPS(-43.520554, 172.583062, 21.360925, var=[1.0, 1.0, 1.0]), 48.87773254029868, GPS(-43.520600, 172.583000, 0.000000, var=[-1.0, -1.0, -1.0])
20:45:31:753800, 3, 1, 1632987931.753574, 103, GPS(-43.520645, 172.582938, 21.465755, var=[1.0, 1.0, 1.0]), 48.97061353103169, GPS(-43.520600, 172.583000, 0.000000, var=[-1.0, -1.0, -1.0])
20:45:31:755126, 1, 1, 1632987931.7550082, 99, GPS(-43.520555, 172.582938, 21.449899, var=[1.0, 1.0, 1.0]), 48.97039729271482, GPS(-43.520600, 172.583000, 0.000000, var=[-1.0, -1.0, -1.0])
20:45:32:705692, 4, 1, 1632987932.7054331, 99, GPS(-43.520645, 172.583062, 21.340781, var=[1.0, 1.0, 1.0]), 48.84478175748963, GPS(-43.520600, 172.583000, 0.000000, var=[-1.0, -1.0, -1.0])
20:45:32:751290, 2, 1, 1632987932.7511694, 101, GPS(-43.520554, 172.583062, 21.339925, var=[1.0, 1.0, 1.0]), 48.85282462618689, GPS(-43.520600, 172.583000, 0.000000, var=[-1.0, -1.0, -1.0])
20:45:32:755076, 3, 1, 1632987932.7549253, 104, GPS(-43.520645, 172.582938, 21.451755, var=[1.0, 1.0, 1.0]), 48.95167921296362, GPS(-43.520600, 172.583000, 0.000000, var=[-1.0, -1.0, -1.0])
20:45:32:757114, 1, 1, 1632987932.7570128, 100, GPS(-43.520554, 172.582938, 21.439899, var=[1.0, 1.0, 1.0]), 48.96271173737263, GPS(-43.520600, 172.583000, 0.000000, var=[-1.0, -1.0, -1.0])
20:45:33:706389, 4, 1, 1632987933.7061305, 100, GPS(-43.520645, 172.583062, 21.330781, var=[1.0, 1.0, 1.0]), 48.828512830007426, GPS(-43.520600, 172.583000, 0.000000, var=[-1.0, -1.0, -1.0])
20:45:33:751912, 2, 1, 1632987933.7517867, 102, GPS(-43.520554, 172.583062, 21.324925, var=[1.0, 1.0, 1.0]), 48.81580806176663, GPS(-43.520600, 172.583000, 0.000000, var=[-1.0, -1.0, -1.0])
20:45:33:755217, 3, 1, 1632987933.7551048, 105, GPS(-43.520645, 172.582938, 21.443755, var=[1.0, 1.0, 1.0]), 48.9206331533107, GPS(-43.520600, 172.583000, 0.000000, var=[-1.0, -1.0, -1.0])
20:45:33:758480, 1, 1, 1632987933.7583642, 101, GPS(-43.520554, 172.582937, 21.422899, var=[1.0, 1.0, 1.0]), 48.930996249435104, GPS(-43.520600, 172.583000, 0.000000, var=[-1.0, -1.0, -1.0])
20:45:34:707204, 4, 1, 1632987934.7069886, 101, GPS(-43.520645, 172.583062, 21.312781, var=[1.0, 1.0, 1.0]), 48.788634053868506, GPS(-43.520600, 172.583000, 0.000000, var=[-1.0, -1.0, -1.0])
20:45:34:753694, 2, 1, 1632987934.7534897, 103, GPS(-43.520554, 172.583061, 21.295925, var=[1.0, 1.0, 1.0]), 48.76298147536875, GPS(-43.520600, 172.583000, 0.000000, var=[-1.0, -1.0, -1.0])
20:45:34:756658, 3, 1, 1632987934.7564807, 106, GPS(-43.520645, 172.582937, 21.426755, var=[1.0, 1.0, 1.0]), 48.8881305521497, GPS(-43.520600, 172.583000, 0.000000, var=[-1.0, -1.0, -1.0])
20:45:34:760244, 1, 1, 1632987934.7600727, 102, GPS(-43.520554, 172.582937, 21.400899, var=[1.0, 1.0, 1.0]), 48.889478660725764, GPS(-43.520600, 172.583000, 0.000000, var=[-1.0, -1.0, -1.0])
20:45:35:707611, 4, 1, 1632987935.7074397, 102, GPS(-43.520645, 172.583062, 21.296781, var=[1.0, 1.0, 1.0]), 48.751688726423595, GPS(-43.520600, 172.583000, 0.000000, var=[-1.0, -1.0, -1.0])
20:45:35:754816, 2, 1, 1632987935.7546735, 104, GPS(-43.520554, 172.583061, 21.287925, var=[1.0, 1.0, 1.0]), 48.74262914757429, GPS(-43.520600, 172.583000, 0.000000, var=[-1.0, -1.0, -1.0])
20:45:35:758405, 3, 1, 1632987935.7582502, 107, GPS(-43.520645, 172.582937, 21.421755, var=[1.0, 1.0, 1.0]), 48.874207640604965, GPS(-43.520600, 172.583000, 0.000000, var=[-1.0, -1.0, -1.0])
20:45:35:762159, 1, 1, 1632987935.7620313, 103, GPS(-43.520554, 172.582937, 21.399899, var=[1.0, 1.0, 1.0]), 48.87754656160061, GPS(-43.520600, 172.583000, 0.000000, var=[-1.0, -1.0, -1.0])
20:45:36:708019, 4, 1, 1632987936.7077873, 103, GPS(-43.520645, 172.583062, 21.284780, var=[1.0, 1.0, 1.0]), 48.7282190682201, GPS(-43.520600, 172.583000, 0.000000, var=[-1.0, -1.0, -1.0])
20:45:36:755292, 2, 1, 1632987936.7551022, 105, GPS(-43.520555, 172.583061, 21.275925, var=[1.0, 1.0, 1.0]), 48.713910249856596, GPS(-43.520600, 172.583000, 0.000000, var=[-1.0, -1.0, -1.0])
20:45:36:759640, 3, 1, 1632987936.759505, 108, GPS(-43.520645, 172.582937, 21.401755, var=[1.0, 1.0, 1.0]), 48.842178342470305, GPS(-43.520600, 172.583000, 0.000000, var=[-1.0, -1.0, -1.0])
20:45:36:764031, 1, 1, 1632987936.7639236, 104, GPS(-43.520555, 172.582937, 21.398899, var=[1.0, 1.0, 1.0]), 48.862871581004526, GPS(-43.520600, 172.583000, 0.000000, var=[-1.0, -1.0, -1.0])
20:45:37:709375, 4, 1, 1632987937.7092466, 104, GPS(-43.520645, 172.583061, 21.286780, var=[1.0, 1.0, 1.0]), 48.71777554036931, GPS(-43.520600, 172.583000, 0.000000, var=[-1.0, -1.0, -1.0])
20:45:37:756829, 2, 1, 1632987937.7566984, 106, GPS(-43.520555, 172.583061, 21.271925, var=[1.0, 1.0, 1.0]), 48.70163428390158, GPS(-43.520600, 172.583000, 0.000000, var=[-1.0, -1.0, -1.0])
20:45:37:759885, 3, 1, 1632987937.7597792, 109, GPS(-43.520645, 172.582937, 21.397755, var=[1.0, 1.0, 1.0]), 48.836675298386155, GPS(-43.520600, 172.583000, 0.000000, var=[-1.0, -1.0, -1.0])
20:45:37:764976, 1, 1, 1632987937.7648714, 105, GPS(-43.520555, 172.582937, 21.394899, var=[1.0, 1.0, 1.0]), 48.85674199030265, GPS(-43.520600, 172.583000, 0.000000, var=[-1.0, -1.0, -1.0])
20:45:38:709457, 4, 1, 1632987938.7093241, 105, GPS(-43.520645, 172.583061, 21.293780, var=[1.0, 1.0, 1.0]), 48.71489444126033, GPS(-43.520600, 172.583000, 0.000000, var=[-1.0, -1.0, -1.0])
20:45:38:757155, 2, 1, 1632987938.757026, 107, GPS(-43.520555, 172.583061, 21.274925, var=[1.0, 1.0, 1.0]), 48.69254339307761, GPS(-43.520600, 172.583000, 0.000000, var=[-1.0, -1.0, -1.0])
20:45:38:761282, 3, 1, 1632987938.7611706, 110, GPS(-43.520645, 172.582937, 21.393755, var=[1.0, 1.0, 1.0]), 48.826252855367144, GPS(-43.520600, 172.583000, 0.000000, var=[-1.0, -1.0, -1.0])
20:45:38:766777, 1, 1, 1632987938.7666583, 106, GPS(-43.520555, 172.582937, 21.393899, var=[1.0, 1.0, 1.0]), 48.84604967421677, GPS(-43.520600, 172.583000, 0.000000, var=[-1.0, -1.0, -1.0])
20:45:39:711267, 4, 1, 1632987939.7111278, 106, GPS(-43.520645, 172.583061, 21.296780, var=[1.0, 1.0, 1.0]), 48.70506932043743, GPS(-43.520600, 172.583000, 0.000000, var=[-1.0, -1.0, -1.0])
20:45:39:758648, 2, 1, 1632987939.7585022, 108, GPS(-43.520555, 172.583061, 21.280925, var=[1.0, 1.0, 1.0]), 48.711470839578794, GPS(-43.520600, 172.583000, 0.000000, var=[-1.0, -1.0, -1.0])
20:45:39:762429, 3, 1, 1632987939.7623217, 111, GPS(-43.520645, 172.582937, 21.401755, var=[1.0, 1.0, 1.0]), 48.85248041797229, GPS(-43.520600, 172.583000, 0.000000, var=[-1.0, -1.0, -1.0])
20:45:39:768749, 1, 1, 1632987939.7686403, 107, GPS(-43.520555, 172.582936, 21.395899, var=[1.0, 1.0, 1.0]), 48.86477311245987, GPS(-43.520600, 172.583000, 0.000000, var=[-1.0, -1.0, -1.0])
20:45:40:712115, 4, 1, 1632987940.7119312, 107, GPS(-43.520645, 172.583061, 21.296780, var=[1.0, 1.0, 1.0]), 48.71758556974768, GPS(-43.520600, 172.583000, 0.000000, var=[-1.0, -1.0, -1.0])
20:45:40:759827, 2, 1, 1632987940.7596984, 109, GPS(-43.520555, 172.583061, 21.278925, var=[1.0, 1.0, 1.0]), 48.70336673778209, GPS(-43.520600, 172.583000, 0.000000, var=[-1.0, -1.0, -1.0])
20:45:40:763638, 3, 1, 1632987940.7635388, 112, GPS(-43.520645, 172.582937, 21.392755, var=[1.0, 1.0, 1.0]), 48.83955007712744, GPS(-43.520600, 172.583000, 0.000000, var=[-1.0, -1.0, -1.0])
20:45:40:770466, 1, 1, 1632987940.7703354, 108, GPS(-43.520555, 172.582937, 21.405899, var=[1.0, 1.0, 1.0]), 48.870492232171, GPS(-43.520600, 172.583000, 0.000000, var=[-1.0, -1.0, -1.0])
20:45:41:712404, 4, 1, 1632987941.7121954, 108, GPS(-43.520645, 172.583061, 21.292780, var=[1.0, 1.0, 1.0]), 48.711147887413844, GPS(-43.520600, 172.583000, 0.000000, var=[-1.0, -1.0, -1.0])
20:45:41:761601, 2, 1, 1632987941.7614791, 110, GPS(-43.520554, 172.583061, 21.277925, var=[1.0, 1.0, 1.0]), 48.713427892372394, GPS(-43.520600, 172.583000, 0.000000, var=[-1.0, -1.0, -1.0])
20:45:41:764115, 3, 1, 1632987941.7640226, 113, GPS(-43.520645, 172.582937, 21.399755, var=[1.0, 1.0, 1.0]), 48.85155190241417, GPS(-43.520600, 172.583000, 0.000000, var=[-1.0, -1.0, -1.0])
20:45:41:772116, 1, 1, 1632987941.7719982, 109, GPS(-43.520554, 172.582937, 21.410899, var=[1.0, 1.0, 1.0]), 48.88438130529609, GPS(-43.520600, 172.583000, 0.000000, var=[-1.0, -1.0, -1.0])
20:45:42:713499, 4, 1, 1632987942.713352, 109, GPS(-43.520645, 172.583061, 21.304781, var=[1.0, 1.0, 1.0]), 48.73208826798479, GPS(-43.520600, 172.583000, 0.000000, var=[-1.0, -1.0, -1.0])
20:45:42:763507, 2, 1, 1632987942.7633848, 111, GPS(-43.520554, 172.583061, 21.282925, var=[1.0, 1.0, 1.0]), 48.72244700946548, GPS(-43.520600, 172.583000, 0.000000, var=[-1.0, -1.0, -1.0])
20:45:42:764670, 3, 1, 1632987942.764516, 114, GPS(-43.520645, 172.582937, 21.408755, var=[1.0, 1.0, 1.0]), 48.856616150456915, GPS(-43.520600, 172.583000, 0.000000, var=[-1.0, -1.0, -1.0])
20:45:42:772811, 1, 1, 1632987942.772635, 110, GPS(-43.520554, 172.582937, 21.407899, var=[1.0, 1.0, 1.0]), 48.881187789152285, GPS(-43.520600, 172.583000, 0.000000, var=[-1.0, -1.0, -1.0])
20:45:43:714348, 4, 1, 1632987943.7141638, 110, GPS(-43.520645, 172.583061, 21.320780, var=[1.0, 1.0, 1.0]), 48.748729682334684, GPS(-43.520600, 172.583000, 0.000000, var=[-1.0, -1.0, -1.0])
20:45:43:763739, 2, 1, 1632987943.7635977, 112, GPS(-43.520554, 172.583061, 21.295925, var=[1.0, 1.0, 1.0]), 48.73775858224616, GPS(-43.520600, 172.583000, 0.000000, var=[-1.0, -1.0, -1.0])
20:45:43:766204, 3, 1, 1632987943.7660682, 115, GPS(-43.520645, 172.582937, 21.402755, var=[1.0, 1.0, 1.0]), 48.85207341225042, GPS(-43.520600, 172.583000, 0.000000, var=[-1.0, -1.0, -1.0])
20:45:43:773005, 1, 1, 1632987943.7728927, 111, GPS(-43.520554, 172.582937, 21.406899, var=[1.0, 1.0, 1.0]), 48.88321395647304, GPS(-43.520600, 172.583000, 0.000000, var=[-1.0, -1.0, -1.0])
20:45:44:715562, 4, 1, 1632987944.7153184, 111, GPS(-43.520645, 172.583062, 21.314780, var=[1.0, 1.0, 1.0]), 48.74778598785808, GPS(-43.520600, 172.583000, 0.000000, var=[-1.0, -1.0, -1.0])
20:45:44:764535, 2, 1, 1632987944.7644002, 113, GPS(-43.520554, 172.583061, 21.291925, var=[1.0, 1.0, 1.0]), 48.74217174452299, GPS(-43.520600, 172.583000, 0.000000, var=[-1.0, -1.0, -1.0])
20:45:44:766788, 3, 1, 1632987944.7666833, 116, GPS(-43.520645, 172.582937, 21.403755, var=[1.0, 1.0, 1.0]), 48.86300103303259, GPS(-43.520600, 172.583000, 0.000000, var=[-1.0, -1.0, -1.0])
20:45:44:773468, 1, 1, 1632987944.7733083, 112, GPS(-43.520554, 172.582937, 21.408899, var=[1.0, 1.0, 1.0]), 48.898732101408534, GPS(-43.520600, 172.583000, 0.000000, var=[-1.0, -1.0, -1.0])
20:45:45:715947, 4, 1, 1632987945.7158172, 112, GPS(-43.520645, 172.583061, 21.300781, var=[1.0, 1.0, 1.0]), 48.73774191493182, GPS(-43.520600, 172.583000, 0.000000, var=[-1.0, -1.0, -1.0])
20:45:45:766037, 2, 1, 1632987945.7659047, 114, GPS(-43.520554, 172.583061, 21.284925, var=[1.0, 1.0, 1.0]), 48.74056681684488, GPS(-43.520600, 172.583000, 0.000000, var=[-1.0, -1.0, -1.0])
20:45:45:767921, 3, 1, 1632987945.7678204, 117, GPS(-43.520645, 172.582937, 21.409755, var=[1.0, 1.0, 1.0]), 48.8668752022305, GPS(-43.520600, 172.583000, 0.000000, var=[-1.0, -1.0, -1.0])
20:45:45:774219, 1, 1, 1632987945.7741086, 113, GPS(-43.520554, 172.582937, 21.397899, var=[1.0, 1.0, 1.0]), 48.886483283239784, GPS(-43.520600, 172.583000, 0.000000, var=[-1.0, -1.0, -1.0])
20:45:46:717623, 4, 1, 1632987946.7174501, 113, GPS(-43.520645, 172.583062, 21.294781, var=[1.0, 1.0, 1.0]), 48.735609715291346, GPS(-43.520600, 172.583000, 0.000000, var=[-1.0, -1.0, -1.0])
20:45:46:767068, 2, 1, 1632987946.766927, 115, GPS(-43.520554, 172.583061, 21.283925, var=[1.0, 1.0, 1.0]), 48.73340871815272, GPS(-43.520600, 172.583000, 0.000000, var=[-1.0, -1.0, -1.0])
20:45:46:769627, 3, 1, 1632987946.76953, 118, GPS(-43.520645, 172.582937, 21.395755, var=[1.0, 1.0, 1.0]), 48.84134783259953, GPS(-43.520600, 172.583000, 0.000000, var=[-1.0, -1.0, -1.0])
20:45:46:775891, 1, 1, 1632987946.7757845, 114, GPS(-43.520554, 172.582937, 21.388899, var=[1.0, 1.0, 1.0]), 48.866333678843205, GPS(-43.520600, 172.583000, 0.000000, var=[-1.0, -1.0, -1.0])
20:45:47:717799, 4, 1, 1632987947.717616, 114, GPS(-43.520645, 172.583062, 21.282781, var=[1.0, 1.0, 1.0]), 48.71488504709783, GPS(-43.520600, 172.583000, 0.000000, var=[-1.0, -1.0, -1.0])
20:45:47:768766, 2, 1, 1632987947.7685955, 116, GPS(-43.520554, 172.583061, 21.268925, var=[1.0, 1.0, 1.0]), 48.710729166375415, GPS(-43.520600, 172.583000, 0.000000, var=[-1.0, -1.0, -1.0])
20:45:47:770884, 3, 1, 1632987947.7707493, 119, GPS(-43.520645, 172.582937, 21.387755, var=[1.0, 1.0, 1.0]), 48.819940521596465, GPS(-43.520600, 172.583000, 0.000000, var=[-1.0, -1.0, -1.0])
20:45:47:777238, 1, 1, 1632987947.7770407, 115, GPS(-43.520554, 172.582937, 21.384899, var=[1.0, 1.0, 1.0]), 48.84872800130778, GPS(-43.520600, 172.583000, 0.000000, var=[-1.0, -1.0, -1.0])
20:45:48:718943, 4, 1, 1632987948.7187953, 115, GPS(-43.520645, 172.583062, 21.262781, var=[1.0, 1.0, 1.0]), 48.68995597846377, GPS(-43.520600, 172.583000, 0.000000, var=[-1.0, -1.0, -1.0])
20:45:48:769014, 2, 1, 1632987948.7688596, 117, GPS(-43.520554, 172.583061, 21.249925, var=[1.0, 1.0, 1.0]), 48.670993003978836, GPS(-43.520600, 172.583000, 0.000000, var=[-1.0, -1.0, -1.0])
20:45:48:770924, 3, 1, 1632987948.7707763, 120, GPS(-43.520645, 172.582937, 21.383755, var=[1.0, 1.0, 1.0]), 48.79336052332073, GPS(-43.520600, 172.583000, 0.000000, var=[-1.0, -1.0, -1.0])
20:45:48:779485, 1, 1, 1632987948.7792344, 116, GPS(-43.520554, 172.582937, 21.371899, var=[1.0, 1.0, 1.0]), 48.813621120900834, GPS(-43.520600, 172.583000, 0.000000, var=[-1.0, -1.0, -1.0])
20:45:49:720308, 4, 1, 1632987949.720172, 116, GPS(-43.520645, 172.583062, 21.255781, var=[1.0, 1.0, 1.0]), 48.66054409061354, GPS(-43.520600, 172.583000, 0.000000, var=[-1.0, -1.0, -1.0])
20:45:49:770267, 2, 1, 1632987949.7701027, 118, GPS(-43.520554, 172.583061, 21.243925, var=[1.0, 1.0, 1.0]), 48.67077571704138, GPS(-43.520600, 172.583000, 0.000000, var=[-1.0, -1.0, -1.0])
20:45:49:771606, 3, 1, 1632987949.7714791, 121, GPS(-43.520645, 172.582937, 21.366755, var=[1.0, 1.0, 1.0]), 48.78261775335062, GPS(-43.520600, 172.583000, 0.000000, var=[-1.0, -1.0, -1.0])
20:45:49:779553, 1, 1, 1632987949.7792883, 117, GPS(-43.520554, 172.582937, 21.366899, var=[1.0, 1.0, 1.0]), 48.81001688901718, GPS(-43.520600, 172.583000, 0.000000, var=[-1.0, -1.0, -1.0])
20:45:50:722212, 4, 1, 1632987950.722056, 117, GPS(-43.520645, 172.583062, 21.268781, var=[1.0, 1.0, 1.0]), 48.67830203781203, GPS(-43.520600, 172.583000, 0.000000, var=[-1.0, -1.0, -1.0])
20:45:50:772238, 2, 1, 1632987950.772113, 119, GPS(-43.520554, 172.583062, 21.253926, var=[1.0, 1.0, 1.0]), 48.68232290602517, GPS(-43.520600, 172.583000, 0.000000, var=[-1.0, -1.0, -1.0])
20:45:50:772417, 3, 1, 1632987950.772318, 122, GPS(-43.520645, 172.582937, 21.368755, var=[1.0, 1.0, 1.0]), 48.78229630102793, GPS(-43.520600, 172.583000, 0.000000, var=[-1.0, -1.0, -1.0])
20:45:50:779884, 1, 1, 1632987950.7797763, 118, GPS(-43.520554, 172.582937, 21.368899, var=[1.0, 1.0, 1.0]), 48.80606841182192, GPS(-43.520600, 172.583000, 0.000000, var=[-1.0, -1.0, -1.0])
20:45:51:724203, 4, 1, 1632987951.724054, 118, GPS(-43.520645, 172.583062, 21.275781, var=[1.0, 1.0, 1.0]), 48.68204016257795, GPS(-43.520600, 172.583000, 0.000000, var=[-1.0, -1.0, -1.0])
20:45:51:773605, 2, 1, 1632987951.7734594, 120, GPS(-43.520554, 172.583062, 21.259926, var=[1.0, 1.0, 1.0]), 48.70533228784305, GPS(-43.520600, 172.583000, 0.000000, var=[-1.0, -1.0, -1.0])
20:45:51:774344, 3, 1, 1632987951.7742476, 123, GPS(-43.520645, 172.582937, 21.377755, var=[1.0, 1.0, 1.0]), 48.80161295195204, GPS(-43.520600, 172.583000, 0.000000, var=[-1.0, -1.0, -1.0])
20:45:51:780366, 1, 1, 1632987951.7802382, 119, GPS(-43.520554, 172.582937, 21.366899, var=[1.0, 1.0, 1.0]), 48.81180922393624, GPS(-43.520600, 172.583000, 0.000000, var=[-1.0, -1.0, -1.0])
20:45:52:725422, 4, 1, 1632987952.72528, 119, GPS(-43.520645, 172.583062, 21.283781, var=[1.0, 1.0, 1.0]), 48.705851946978505, GPS(-43.520600, 172.583000, 0.000000, var=[-1.0, -1.0, -1.0])
20:45:52:774988, 2, 1, 1632987952.774862, 121, GPS(-43.520554, 172.583062, 21.272925, var=[1.0, 1.0, 1.0]), 48.69688743524782, GPS(-43.520600, 172.583000, 0.000000, var=[-1.0, -1.0, -1.0])
20:45:52:776360, 3, 1, 1632987952.7762601, 124, GPS(-43.520645, 172.582938, 21.368755, var=[1.0, 1.0, 1.0]), 48.773308608853384, GPS(-43.520600, 172.583000, 0.000000, var=[-1.0, -1.0, -1.0])
20:45:52:780538, 1, 1, 1632987952.78043, 120, GPS(-43.520554, 172.582938, 21.367899, var=[1.0, 1.0, 1.0]), 48.7941508827756, GPS(-43.520600, 172.583000, 0.000000, var=[-1.0, -1.0, -1.0])
20:45:53:725984, 4, 1, 1632987953.725859, 120, GPS(-43.520645, 172.583062, 21.275781, var=[1.0, 1.0, 1.0]), 48.685733109825534, GPS(-43.520600, 172.583000, 0.000000, var=[-1.0, -1.0, -1.0])
20:45:53:775189, 2, 1, 1632987953.7750294, 122, GPS(-43.520554, 172.583062, 21.261925, var=[1.0, 1.0, 1.0]), 48.70064170242402, GPS(-43.520600, 172.583000, 0.000000, var=[-1.0, -1.0, -1.0])
20:45:53:776410, 3, 1, 1632987953.7762704, 125, GPS(-43.520645, 172.582938, 21.377755, var=[1.0, 1.0, 1.0]), 48.79112741969599, GPS(-43.520600, 172.583000, 0.000000, var=[-1.0, -1.0, -1.0])
20:45:53:782513, 1, 1, 1632987953.782377, 121, GPS(-43.520554, 172.582938, 21.375900, var=[1.0, 1.0, 1.0]), 48.819140078861366, GPS(-43.520600, 172.583000, 0.000000, var=[-1.0, -1.0, -1.0])
20:45:54:727550, 4, 1, 1632987954.7274072, 121, GPS(-43.520645, 172.583062, 21.272781, var=[1.0, 1.0, 1.0]), 48.70067305841039, GPS(-43.520600, 172.583000, 0.000000, var=[-1.0, -1.0, -1.0])
20:45:54:776855, 2, 1, 1632987954.7766936, 123, GPS(-43.520554, 172.583062, 21.246925, var=[1.0, 1.0, 1.0]), 48.6852137065886, GPS(-43.520600, 172.583000, 0.000000, var=[-1.0, -1.0, -1.0])
20:45:54:777188, 3, 1, 1632987954.777076, 126, GPS(-43.520645, 172.582938, 21.381755, var=[1.0, 1.0, 1.0]), 48.791924839597286, GPS(-43.520600, 172.583000, 0.000000, var=[-1.0, -1.0, -1.0])
20:45:54:784061, 1, 1, 1632987954.7839096, 122, GPS(-43.520554, 172.582938, 21.380899, var=[1.0, 1.0, 1.0]), 48.82016667562657, GPS(-43.520600, 172.583000, 0.000000, var=[-1.0, -1.0, -1.0])
20:45:55:728451, 4, 1, 1632987955.7282789, 122, GPS(-43.520645, 172.583063, 21.290781, var=[1.0, 1.0, 1.0]), 48.72084296797516, GPS(-43.520600, 172.583000, 0.000000, var=[-1.0, -1.0, -1.0])
20:45:55:777473, 3, 1, 1632987955.777347, 127, GPS(-43.520645, 172.582938, 21.366755, var=[1.0, 1.0, 1.0]), 48.77709685341817, GPS(-43.520600, 172.583000, 0.000000, var=[-1.0, -1.0, -1.0])
20:45:55:778404, 2, 1, 1632987955.7783098, 124, GPS(-43.520555, 172.583062, 21.262925, var=[1.0, 1.0, 1.0]), 48.70024214454648, GPS(-43.520600, 172.583000, 0.000000, var=[-1.0, -1.0, -1.0])
20:45:55:785481, 1, 1, 1632987955.7852871, 123, GPS(-43.520555, 172.582938, 21.378899, var=[1.0, 1.0, 1.0]), 48.805939850760666, GPS(-43.520600, 172.583000, 0.000000, var=[-1.0, -1.0, -1.0])
20:45:56:729720, 4, 1, 1632987956.7295904, 123, GPS(-43.520645, 172.583063, 21.286781, var=[1.0, 1.0, 1.0]), 48.714011778760266, GPS(-43.520600, 172.583000, 0.000000, var=[-1.0, -1.0, -1.0])
20:45:56:778363, 3, 1, 1632987956.7782354, 128, GPS(-43.520645, 172.582938, 21.372755, var=[1.0, 1.0, 1.0]), 48.78586331979764, GPS(-43.520600, 172.583000, 0.000000, var=[-1.0, -1.0, -1.0])
20:45:56:779499, 2, 1, 1632987956.7793996, 125, GPS(-43.520555, 172.583062, 21.261925, var=[1.0, 1.0, 1.0]), 48.70347738235453, GPS(-43.520600, 172.583000, 0.000000, var=[-1.0, -1.0, -1.0])
20:45:56:785981, 1, 1, 1632987956.7858605, 124, GPS(-43.520555, 172.582938, 21.376899, var=[1.0, 1.0, 1.0]), 48.80644619325564, GPS(-43.520600, 172.583000, 0.000000, var=[-1.0, -1.0, -1.0])
20:45:57:731249, 4, 1, 1632987957.7311165, 124, GPS(-43.520645, 172.583063, 21.287780, var=[1.0, 1.0, 1.0]), 48.725242156996046, GPS(-43.520600, 172.583000, 0.000000, var=[-1.0, -1.0, -1.0])
20:45:57:778478, 3, 1, 1632987957.7782993, 129, GPS(-43.520645, 172.582938, 21.383755, var=[1.0, 1.0, 1.0]), 48.810553425527445, GPS(-43.520600, 172.583000, 0.000000, var=[-1.0, -1.0, -1.0])
20:45:57:779787, 2, 1, 1632987957.7796843, 126, GPS(-43.520555, 172.583062, 21.264925, var=[1.0, 1.0, 1.0]), 48.71631476312116, GPS(-43.520600, 172.583000, 0.000000, var=[-1.0, -1.0, -1.0])
20:45:57:787713, 1, 1, 1632987957.7875931, 125, GPS(-43.520555, 172.582938, 21.391899, var=[1.0, 1.0, 1.0]), 48.829975805852506, GPS(-43.520600, 172.583000, 0.000000, var=[-1.0, -1.0, -1.0])
20:45:58:732673, 4, 1, 1632987958.732523, 125, GPS(-43.520645, 172.583063, 21.286780, var=[1.0, 1.0, 1.0]), 48.73247459837181, GPS(-43.520600, 172.583000, 0.000000, var=[-1.0, -1.0, -1.0])
20:45:58:778839, 3, 1, 1632987958.7787004, 130, GPS(-43.520645, 172.582938, 21.386755, var=[1.0, 1.0, 1.0]), 48.820460631139085, GPS(-43.520600, 172.583000, 0.000000, var=[-1.0, -1.0, -1.0])
20:45:58:780052, 2, 1, 1632987958.7799437, 127, GPS(-43.520555, 172.583062, 21.262925, var=[1.0, 1.0, 1.0]), 48.70861586875969, GPS(-43.520600, 172.583000, 0.000000, var=[-1.0, -1.0, -1.0])
20:45:58:787946, 1, 1, 1632987958.787806, 126, GPS(-43.520555, 172.582938, 21.389899, var=[1.0, 1.0, 1.0]), 48.83198898942384, GPS(-43.520600, 172.583000, 0.000000, var=[-1.0, -1.0, -1.0])
20:45:59:788105, 3, 1, 1632987959.787934, 131, GPS(-43.520645, 172.582938, 21.381755, var=[1.0, 1.0, 1.0]), 48.817510925290605, GPS(-43.520600, 172.583000, 0.000000, var=[-1.0, -1.0, -1.0])
STOP: 09/30/2021 20:45:59:788444
