START: 09/27/2021 14:31:56:300880
TIME,            RX_ID,          STATE,          TIMESTAMP,          SEQ_NO,          RX_COORDS,          RANGE_READING,          TARGET_COORDS,          
14:32:11:994847, 2, 1, 1632706331.9725468, 0, GPS(-43.520509, 172.583129, 21.525012, var=[1.0, 1.0, 1.0]), 40.95863369951023, GPS(-43.520600, 172.583000, 0.000000, var=[-1.0, -1.0, -1.0])
14:32:11:994933, 3, 1, 1632706331.9866726, 0, GPS(-43.520691, 172.582877, 21.537669, var=[1.0, 1.0, 1.0]), 40.782023619553875, GPS(-43.520600, 172.583000, 0.000000, var=[-1.0, -1.0, -1.0])
14:32:11:994966, 1, 1, 1632706331.9772055, 0, GPS(-43.520511, 172.582876, 21.493955, var=[1.0, 1.0, 1.0]), 40.69349643607308, GPS(-43.520600, 172.583000, 0.000000, var=[-1.0, -1.0, -1.0])
14:32:11:999202, 4, 1, 1632706331.9990816, 0, GPS(-43.520691, 172.583124, 21.530721, var=[1.0, 1.0, 1.0]), 40.80496247022023, GPS(-43.520600, 172.583000, 0.000000, var=[-1.0, -1.0, -1.0])
14:32:12:973278, 2, 1, 1632706332.9730012, 1, GPS(-43.520509, 172.583129, 21.513012, var=[1.0, 1.0, 1.0]), 52.44733531172391, GPS(-43.520600, 172.583000, 0.000000, var=[-1.0, -1.0, -1.0])
14:32:12:977573, 1, 1, 1632706332.9774208, 1, GPS(-43.520511, 172.582876, 21.502955, var=[1.0, 1.0, 1.0]), 52.20079468766137, GPS(-43.520600, 172.583000, 0.000000, var=[-1.0, -1.0, -1.0])
14:32:12:987793, 3, 1, 1632706332.9876788, 1, GPS(-43.520691, 172.582877, 21.531669, var=[1.0, 1.0, 1.0]), 52.272422403335625, GPS(-43.520600, 172.583000, 0.000000, var=[-1.0, -1.0, -1.0])
14:32:13:000402, 4, 1, 1632706333.000221, 1, GPS(-43.520691, 172.583124, 21.517721, var=[1.0, 1.0, 1.0]), 52.292677087591464, GPS(-43.520600, 172.583000, 0.000000, var=[-1.0, -1.0, -1.0])
14:32:13:495665, 1, 1, 1632706333.4955487, 2, GPS(-43.520511, 172.582876, 21.500956, var=[1.0, 1.0, 1.0]), 52.20253471495924, GPS(-43.520600, 172.583000, 0.000000, var=[-1.0, -1.0, -1.0])
14:32:13:495733, 2, 1, 1632706333.4955595, 2, GPS(-43.520509, 172.583129, 21.505012, var=[1.0, 1.0, 1.0]), 52.43031788959472, GPS(-43.520600, 172.583000, 0.000000, var=[-1.0, -1.0, -1.0])
14:32:13:495769, 4, 1, 1632706333.4955554, 2, GPS(-43.520691, 172.583124, 21.517721, var=[1.0, 1.0, 1.0]), 52.285518973100665, GPS(-43.520600, 172.583000, 0.000000, var=[-1.0, -1.0, -1.0])
14:32:13:495798, 3, 1, 1632706333.4955778, 2, GPS(-43.520691, 172.582877, 21.520669, var=[1.0, 1.0, 1.0]), 52.25296730226002, GPS(-43.520600, 172.583000, 0.000000, var=[-1.0, -1.0, -1.0])
14:32:14:495778, 1, 1, 1632706334.4955766, 3, GPS(-43.520511, 172.582875, 21.484956, var=[1.0, 1.0, 1.0]), 52.1842063217412, GPS(-43.520600, 172.583000, 0.000000, var=[-1.0, -1.0, -1.0])
14:32:14:495973, 2, 1, 1632706334.495825, 3, GPS(-43.520509, 172.583129, 21.504012, var=[1.0, 1.0, 1.0]), 52.41816368896232, GPS(-43.520600, 172.583000, 0.000000, var=[-1.0, -1.0, -1.0])
14:32:14:497506, 3, 1, 1632706334.4973145, 3, GPS(-43.520691, 172.582877, 21.505669, var=[1.0, 1.0, 1.0]), 52.22612502652589, GPS(-43.520600, 172.583000, 0.000000, var=[-1.0, -1.0, -1.0])
14:32:14:497898, 2, 1, 1632706334.4977434, 4, GPS(-43.520509, 172.583129, 21.504012, var=[1.0, 1.0, 1.0]), 52.41816368896232, GPS(-43.520600, 172.583000, 0.000000, var=[-1.0, -1.0, -1.0])
14:32:14:497974, 4, 1, 1632706334.4977252, 3, GPS(-43.520691, 172.583125, 21.504721, var=[1.0, 1.0, 1.0]), 52.27285769513055, GPS(-43.520600, 172.583000, 0.000000, var=[-1.0, -1.0, -1.0])
14:32:14:499725, 3, 1, 1632706334.4977355, 4, GPS(-43.520691, 172.582877, 21.505669, var=[1.0, 1.0, 1.0]), 52.22612502652589, GPS(-43.520600, 172.583000, 0.000000, var=[-1.0, -1.0, -1.0])
14:32:14:499824, 1, 1, 1632706334.4979231, 4, GPS(-43.520511, 172.582875, 21.484956, var=[1.0, 1.0, 1.0]), 52.1842063217412, GPS(-43.520600, 172.583000, 0.000000, var=[-1.0, -1.0, -1.0])
14:32:15:498104, 4, 1, 1632706335.497979, 4, GPS(-43.520691, 172.583125, 21.495721, var=[1.0, 1.0, 1.0]), 52.25135349348261, GPS(-43.520600, 172.583000, 0.000000, var=[-1.0, -1.0, -1.0])
14:32:15:499273, 3, 1, 1632706335.4981694, 5, GPS(-43.520691, 172.582877, 21.505669, var=[1.0, 1.0, 1.0]), 52.20592184114484, GPS(-43.520600, 172.583000, 0.000000, var=[-1.0, -1.0, -1.0])
14:32:15:499323, 2, 1, 1632706335.4980779, 5, GPS(-43.520509, 172.583129, 21.486012, var=[1.0, 1.0, 1.0]), 52.40004311458952, GPS(-43.520600, 172.583000, 0.000000, var=[-1.0, -1.0, -1.0])
14:32:15:499370, 1, 1, 1632706335.4981084, 5, GPS(-43.520511, 172.582876, 21.477956, var=[1.0, 1.0, 1.0]), 52.15805381490513, GPS(-43.520600, 172.583000, 0.000000, var=[-1.0, -1.0, -1.0])
14:32:15:525030, 3, 1, 1632706335.5248458, 6, GPS(-43.520691, 172.582877, 21.504669, var=[1.0, 1.0, 1.0]), 52.204676664670856, GPS(-43.520600, 172.583000, 0.000000, var=[-1.0, -1.0, -1.0])
14:32:15:532437, 2, 1, 1632706335.532231, 6, GPS(-43.520509, 172.583129, 21.485012, var=[1.0, 1.0, 1.0]), 52.40316531616878, GPS(-43.520600, 172.583000, 0.000000, var=[-1.0, -1.0, -1.0])
14:32:15:533265, 4, 1, 1632706335.5331328, 5, GPS(-43.520691, 172.583125, 21.496721, var=[1.0, 1.0, 1.0]), 52.25613811242651, GPS(-43.520600, 172.583000, 0.000000, var=[-1.0, -1.0, -1.0])
14:32:15:535390, 1, 1, 1632706335.5333548, 6, GPS(-43.520511, 172.582876, 21.478956, var=[1.0, 1.0, 1.0]), 52.162840770601264, GPS(-43.520600, 172.583000, 0.000000, var=[-1.0, -1.0, -1.0])
14:32:16:526675, 3, 1, 1632706336.526533, 7, GPS(-43.520691, 172.582877, 21.500669, var=[1.0, 1.0, 1.0]), 52.20669456530267, GPS(-43.520600, 172.583000, 0.000000, var=[-1.0, -1.0, -1.0])
14:32:16:533821, 2, 1, 1632706336.533584, 7, GPS(-43.520509, 172.583129, 21.489012, var=[1.0, 1.0, 1.0]), 52.421525528812566, GPS(-43.520600, 172.583000, 0.000000, var=[-1.0, -1.0, -1.0])
14:32:16:534737, 4, 1, 1632706336.5345836, 6, GPS(-43.520690, 172.583125, 21.488721, var=[1.0, 1.0, 1.0]), 52.24808136292409, GPS(-43.520600, 172.583000, 0.000000, var=[-1.0, -1.0, -1.0])
14:32:16:536144, 4, 1, 1632706336.5357223, 7, GPS(-43.520690, 172.583125, 21.488721, var=[1.0, 1.0, 1.0]), 52.24808136292409, GPS(-43.520600, 172.583000, 0.000000, var=[-1.0, -1.0, -1.0])
14:32:16:536204, 1, 1, 1632706336.5353928, 7, GPS(-43.520511, 172.582876, 21.476956, var=[1.0, 1.0, 1.0]), 52.153879847677764, GPS(-43.520600, 172.583000, 0.000000, var=[-1.0, -1.0, -1.0])
14:32:16:537330, 2, 1, 1632706336.5355952, 8, GPS(-43.520509, 172.583129, 21.489012, var=[1.0, 1.0, 1.0]), 52.421525528812566, GPS(-43.520600, 172.583000, 0.000000, var=[-1.0, -1.0, -1.0])
14:32:16:537377, 3, 1, 1632706336.5357654, 8, GPS(-43.520691, 172.582877, 21.499669, var=[1.0, 1.0, 1.0]), 52.205858984747415, GPS(-43.520600, 172.583000, 0.000000, var=[-1.0, -1.0, -1.0])
14:32:16:537421, 1, 1, 1632706336.535521, 8, GPS(-43.520511, 172.582876, 21.476956, var=[1.0, 1.0, 1.0]), 52.153879847677764, GPS(-43.520600, 172.583000, 0.000000, var=[-1.0, -1.0, -1.0])
14:32:17:536133, 3, 1, 1632706337.5357716, 9, GPS(-43.520691, 172.582877, 21.505669, var=[1.0, 1.0, 1.0]), 52.207734854436936, GPS(-43.520600, 172.583000, 0.000000, var=[-1.0, -1.0, -1.0])
14:32:17:537057, 2, 1, 1632706337.536294, 9, GPS(-43.520509, 172.583129, 21.483012, var=[1.0, 1.0, 1.0]), 52.422992353146086, GPS(-43.520600, 172.583000, 0.000000, var=[-1.0, -1.0, -1.0])
14:32:17:537175, 4, 1, 1632706337.5364263, 8, GPS(-43.520691, 172.583125, 21.497721, var=[1.0, 1.0, 1.0]), 52.269341456515264, GPS(-43.520600, 172.583000, 0.000000, var=[-1.0, -1.0, -1.0])
14:32:17:538964, 1, 1, 1632706337.5365372, 9, GPS(-43.520511, 172.582876, 21.470956, var=[1.0, 1.0, 1.0]), 52.146841041853676, GPS(-43.520600, 172.583000, 0.000000, var=[-1.0, -1.0, -1.0])
14:32:17:539044, 3, 1, 1632706337.5372288, 10, GPS(-43.520691, 172.582877, 21.505669, var=[1.0, 1.0, 1.0]), 52.207734854436936, GPS(-43.520600, 172.583000, 0.000000, var=[-1.0, -1.0, -1.0])
14:32:18:537060, 2, 1, 1632706338.5369327, 10, GPS(-43.520509, 172.583129, 21.481012, var=[1.0, 1.0, 1.0]), 52.400958465943546, GPS(-43.520600, 172.583000, 0.000000, var=[-1.0, -1.0, -1.0])
14:32:18:537202, 1, 1, 1632706338.5371091, 10, GPS(-43.520511, 172.582876, 21.472956, var=[1.0, 1.0, 1.0]), 52.12819071583607, GPS(-43.520600, 172.583000, 0.000000, var=[-1.0, -1.0, -1.0])
14:32:18:537388, 3, 1, 1632706338.5372949, 11, GPS(-43.520691, 172.582877, 21.510669, var=[1.0, 1.0, 1.0]), 52.192788754751106, GPS(-43.520600, 172.583000, 0.000000, var=[-1.0, -1.0, -1.0])
14:32:18:537478, 4, 1, 1632706338.5372796, 9, GPS(-43.520691, 172.583125, 21.500721, var=[1.0, 1.0, 1.0]), 52.26765132203066, GPS(-43.520600, 172.583000, 0.000000, var=[-1.0, -1.0, -1.0])
14:32:18:566209, 4, 1, 1632706338.5660775, 10, GPS(-43.520691, 172.583125, 21.499721, var=[1.0, 1.0, 1.0]), 52.277919673584364, GPS(-43.520600, 172.583000, 0.000000, var=[-1.0, -1.0, -1.0])
14:32:18:567487, 1, 1, 1632706338.5671988, 11, GPS(-43.520511, 172.582876, 21.471956, var=[1.0, 1.0, 1.0]), 52.13845562269974, GPS(-43.520600, 172.583000, 0.000000, var=[-1.0, -1.0, -1.0])
14:32:18:567536, 2, 1, 1632706338.5662456, 11, GPS(-43.520509, 172.583129, 21.481012, var=[1.0, 1.0, 1.0]), 52.41205990618579, GPS(-43.520600, 172.583000, 0.000000, var=[-1.0, -1.0, -1.0])
14:32:18:570831, 3, 1, 1632706338.5684054, 12, GPS(-43.520691, 172.582877, 21.510669, var=[1.0, 1.0, 1.0]), 52.20389019499335, GPS(-43.520600, 172.583000, 0.000000, var=[-1.0, -1.0, -1.0])
14:32:19:566769, 4, 1, 1632706339.566637, 11, GPS(-43.520691, 172.583125, 21.504721, var=[1.0, 1.0, 1.0]), 52.28327746025127, GPS(-43.520600, 172.583000, 0.000000, var=[-1.0, -1.0, -1.0])
14:32:19:568117, 4, 1, 1632706339.5675795, 12, GPS(-43.520691, 172.583125, 21.504721, var=[1.0, 1.0, 1.0]), 52.28327746025127, GPS(-43.520600, 172.583000, 0.000000, var=[-1.0, -1.0, -1.0])
14:32:19:568170, 2, 1, 1632706339.5670211, 12, GPS(-43.520509, 172.583129, 21.491012, var=[1.0, 1.0, 1.0]), 52.421450799277665, GPS(-43.520600, 172.583000, 0.000000, var=[-1.0, -1.0, -1.0])
14:32:19:568215, 1, 1, 1632706339.5675814, 12, GPS(-43.520511, 172.582876, 21.469956, var=[1.0, 1.0, 1.0]), 52.128206027331665, GPS(-43.520600, 172.583000, 0.000000, var=[-1.0, -1.0, -1.0])
14:32:19:569592, 3, 1, 1632706339.567608, 13, GPS(-43.520691, 172.582877, 21.505669, var=[1.0, 1.0, 1.0]), 52.20717201873036, GPS(-43.520600, 172.583000, 0.000000, var=[-1.0, -1.0, -1.0])
14:32:19:569645, 2, 1, 1632706339.5675943, 13, GPS(-43.520509, 172.583129, 21.491012, var=[1.0, 1.0, 1.0]), 52.421450799277665, GPS(-43.520600, 172.583000, 0.000000, var=[-1.0, -1.0, -1.0])
14:32:20:568376, 1, 1, 1632706340.568233, 13, GPS(-43.520511, 172.582876, 21.449955, var=[1.0, 1.0, 1.0]), 52.11326451321134, GPS(-43.520600, 172.583000, 0.000000, var=[-1.0, -1.0, -1.0])
14:32:20:568447, 4, 1, 1632706340.5682461, 13, GPS(-43.520691, 172.583125, 21.486721, var=[1.0, 1.0, 1.0]), 52.264904387039785, GPS(-43.520600, 172.583000, 0.000000, var=[-1.0, -1.0, -1.0])
14:32:20:570196, 3, 1, 1632706340.5682635, 14, GPS(-43.520691, 172.582877, 21.488669, var=[1.0, 1.0, 1.0]), 52.208350832330844, GPS(-43.520600, 172.583000, 0.000000, var=[-1.0, -1.0, -1.0])
14:32:20:570275, 2, 1, 1632706340.5682585, 14, GPS(-43.520509, 172.583129, 21.474012, var=[1.0, 1.0, 1.0]), 52.41345092271697, GPS(-43.520600, 172.583000, 0.000000, var=[-1.0, -1.0, -1.0])
14:32:21:568718, 4, 1, 1632706341.5685883, 14, GPS(-43.520691, 172.583125, 21.482721, var=[1.0, 1.0, 1.0]), 52.24257602954373, GPS(-43.520600, 172.583000, 0.000000, var=[-1.0, -1.0, -1.0])
14:32:21:568781, 1, 1, 1632706341.5685914, 14, GPS(-43.520511, 172.582876, 21.464956, var=[1.0, 1.0, 1.0]), 52.1355209797766, GPS(-43.520600, 172.583000, 0.000000, var=[-1.0, -1.0, -1.0])
14:32:21:570139, 3, 1, 1632706341.5695884, 15, GPS(-43.520691, 172.582877, 21.490669, var=[1.0, 1.0, 1.0]), 52.20040155306455, GPS(-43.520600, 172.583000, 0.000000, var=[-1.0, -1.0, -1.0])
14:32:21:570179, 2, 1, 1632706341.5687425, 15, GPS(-43.520509, 172.583129, 21.481012, var=[1.0, 1.0, 1.0]), 52.40119184354019, GPS(-43.520600, 172.583000, 0.000000, var=[-1.0, -1.0, -1.0])
14:32:21:594303, 2, 1, 1632706341.594173, 16, GPS(-43.520509, 172.583129, 21.481012, var=[1.0, 1.0, 1.0]), 52.39723121240418, GPS(-43.520600, 172.583000, 0.000000, var=[-1.0, -1.0, -1.0])
14:32:21:597851, 1, 1, 1632706341.5967433, 15, GPS(-43.520511, 172.582876, 21.464956, var=[1.0, 1.0, 1.0]), 52.13156034864059, GPS(-43.520600, 172.583000, 0.000000, var=[-1.0, -1.0, -1.0])
14:32:21:605878, 3, 1, 1632706341.6057158, 16, GPS(-43.520691, 172.582877, 21.491669, var=[1.0, 1.0, 1.0]), 52.19727623606342, GPS(-43.520600, 172.583000, 0.000000, var=[-1.0, -1.0, -1.0])
14:32:21:607474, 4, 1, 1632706341.607357, 15, GPS(-43.520691, 172.583125, 21.481721, var=[1.0, 1.0, 1.0]), 52.23778177153089, GPS(-43.520600, 172.583000, 0.000000, var=[-1.0, -1.0, -1.0])
14:32:22:594412, 2, 1, 1632706342.5942526, 17, GPS(-43.520509, 172.583129, 21.477012, var=[1.0, 1.0, 1.0]), 52.386337884071175, GPS(-43.520600, 172.583000, 0.000000, var=[-1.0, -1.0, -1.0])
14:32:22:598407, 1, 1, 1632706342.5982952, 16, GPS(-43.520511, 172.582876, 21.466956, var=[1.0, 1.0, 1.0]), 52.14695729762818, GPS(-43.520600, 172.583000, 0.000000, var=[-1.0, -1.0, -1.0])
14:32:22:606815, 3, 1, 1632706342.6066961, 17, GPS(-43.520691, 172.582877, 21.487669, var=[1.0, 1.0, 1.0]), 52.190827710510334, GPS(-43.520600, 172.583000, 0.000000, var=[-1.0, -1.0, -1.0])
14:32:22:608872, 4, 1, 1632706342.6087344, 16, GPS(-43.520690, 172.583125, 21.470721, var=[1.0, 1.0, 1.0]), 52.216776645542566, GPS(-43.520600, 172.583000, 0.000000, var=[-1.0, -1.0, -1.0])
14:32:22:610281, 1, 1, 1632706342.6087308, 17, GPS(-43.520511, 172.582876, 21.466956, var=[1.0, 1.0, 1.0]), 52.14695729762818, GPS(-43.520600, 172.583000, 0.000000, var=[-1.0, -1.0, -1.0])
14:32:22:610322, 3, 1, 1632706342.6087532, 18, GPS(-43.520691, 172.582877, 21.487669, var=[1.0, 1.0, 1.0]), 52.190827710510334, GPS(-43.520600, 172.583000, 0.000000, var=[-1.0, -1.0, -1.0])
14:32:22:610353, 2, 1, 1632706342.608751, 18, GPS(-43.520509, 172.583129, 21.477012, var=[1.0, 1.0, 1.0]), 52.386337884071175, GPS(-43.520600, 172.583000, 0.000000, var=[-1.0, -1.0, -1.0])
14:32:23:608983, 3, 1, 1632706343.6088457, 19, GPS(-43.520691, 172.582877, 21.480669, var=[1.0, 1.0, 1.0]), 52.17059285068406, GPS(-43.520600, 172.583000, 0.000000, var=[-1.0, -1.0, -1.0])
14:32:23:609177, 2, 1, 1632706343.6090906, 19, GPS(-43.520509, 172.583129, 21.484012, var=[1.0, 1.0, 1.0]), 52.381987245363504, GPS(-43.520600, 172.583000, 0.000000, var=[-1.0, -1.0, -1.0])
14:32:23:610354, 4, 1, 1632706343.6102488, 17, GPS(-43.520690, 172.583125, 21.473721, var=[1.0, 1.0, 1.0]), 52.21235585370131, GPS(-43.520600, 172.583000, 0.000000, var=[-1.0, -1.0, -1.0])
14:32:23:611713, 4, 1, 1632706343.610392, 18, GPS(-43.520690, 172.583125, 21.473721, var=[1.0, 1.0, 1.0]), 52.21235585370131, GPS(-43.520600, 172.583000, 0.000000, var=[-1.0, -1.0, -1.0])
14:32:23:611770, 2, 1, 1632706343.6104064, 20, GPS(-43.520509, 172.583129, 21.484012, var=[1.0, 1.0, 1.0]), 52.381987245363504, GPS(-43.520600, 172.583000, 0.000000, var=[-1.0, -1.0, -1.0])
14:32:23:611812, 1, 1, 1632706343.6104066, 18, GPS(-43.520511, 172.582876, 21.454956, var=[1.0, 1.0, 1.0]), 52.13000374203641, GPS(-43.520600, 172.583000, 0.000000, var=[-1.0, -1.0, -1.0])
14:32:23:612962, 3, 1, 1632706343.6104217, 20, GPS(-43.520691, 172.582877, 21.480669, var=[1.0, 1.0, 1.0]), 52.17059285068406, GPS(-43.520600, 172.583000, 0.000000, var=[-1.0, -1.0, -1.0])
14:32:24:610712, 1, 1, 1632706344.6105819, 19, GPS(-43.520511, 172.582876, 21.434956, var=[1.0, 1.0, 1.0]), 52.11571354395238, GPS(-43.520600, 172.583000, 0.000000, var=[-1.0, -1.0, -1.0])
14:32:24:610954, 3, 1, 1632706344.6108577, 21, GPS(-43.520691, 172.582877, 21.460669, var=[1.0, 1.0, 1.0]), 52.14962254763165, GPS(-43.520600, 172.583000, 0.000000, var=[-1.0, -1.0, -1.0])
14:32:24:610995, 4, 1, 1632706344.610881, 19, GPS(-43.520690, 172.583125, 21.471721, var=[1.0, 1.0, 1.0]), 52.207675053358244, GPS(-43.520600, 172.583000, 0.000000, var=[-1.0, -1.0, -1.0])
14:32:24:612296, 4, 1, 1632706344.6118479, 20, GPS(-43.520690, 172.583125, 21.471721, var=[1.0, 1.0, 1.0]), 52.207675053358244, GPS(-43.520600, 172.583000, 0.000000, var=[-1.0, -1.0, -1.0])
14:32:24:612358, 1, 1, 1632706344.611838, 20, GPS(-43.520511, 172.582876, 21.434956, var=[1.0, 1.0, 1.0]), 52.11571354395238, GPS(-43.520600, 172.583000, 0.000000, var=[-1.0, -1.0, -1.0])
14:32:24:613503, 3, 1, 1632706344.611863, 22, GPS(-43.520691, 172.582877, 21.460669, var=[1.0, 1.0, 1.0]), 52.14962254763165, GPS(-43.520600, 172.583000, 0.000000, var=[-1.0, -1.0, -1.0])
14:32:24:613599, 2, 1, 1632706344.6118636, 21, GPS(-43.520509, 172.583129, 21.470012, var=[1.0, 1.0, 1.0]), 52.37930441382643, GPS(-43.520600, 172.583000, 0.000000, var=[-1.0, -1.0, -1.0])
14:32:25:612505, 4, 1, 1632706345.612395, 21, GPS(-43.520690, 172.583124, 21.466721, var=[1.0, 1.0, 1.0]), 52.191187546879064, GPS(-43.520600, 172.583000, 0.000000, var=[-1.0, -1.0, -1.0])
14:32:25:612581, 1, 1, 1632706345.6124115, 21, GPS(-43.520511, 172.582876, 21.433956, var=[1.0, 1.0, 1.0]), 52.106858108547925, GPS(-43.520600, 172.583000, 0.000000, var=[-1.0, -1.0, -1.0])
14:32:25:614123, 2, 1, 1632706345.6124024, 22, GPS(-43.520509, 172.583129, 21.467012, var=[1.0, 1.0, 1.0]), 52.37523574879181, GPS(-43.520600, 172.583000, 0.000000, var=[-1.0, -1.0, -1.0])
14:32:25:614171, 3, 1, 1632706345.612412, 23, GPS(-43.520691, 172.582877, 21.466669, var=[1.0, 1.0, 1.0]), 52.14857251499178, GPS(-43.520600, 172.583000, 0.000000, var=[-1.0, -1.0, -1.0])
14:32:26:613755, 2, 1, 1632706346.613565, 23, GPS(-43.520508, 172.583129, 21.459012, var=[1.0, 1.0, 1.0]), 52.37382652434997, GPS(-43.520600, 172.583000, 0.000000, var=[-1.0, -1.0, -1.0])
14:32:26:613864, 1, 1, 1632706346.6135888, 22, GPS(-43.520511, 172.582876, 21.433956, var=[1.0, 1.0, 1.0]), 52.10456440999664, GPS(-43.520600, 172.583000, 0.000000, var=[-1.0, -1.0, -1.0])
14:32:26:613948, 3, 1, 1632706346.6137862, 24, GPS(-43.520691, 172.582877, 21.452669, var=[1.0, 1.0, 1.0]), 52.140845716939005, GPS(-43.520600, 172.583000, 0.000000, var=[-1.0, -1.0, -1.0])
14:32:26:614069, 4, 2, 1632706346.6139412, 22, GPS(-43.520690, 172.583125, 21.456721, var=[1.0, 1.0, 1.0]), 52.182506776981356, GPS(-43.520600, 172.583000, 0.000000, var=[-1.0, -1.0, -1.0])
14:32:26:616379, 4, 2, 1632706346.6147265, 23, GPS(-43.520690, 172.583125, 21.456721, var=[1.0, 1.0, 1.0]), 52.182506776981356, GPS(-43.520600, 172.583000, 0.000000, var=[-1.0, -1.0, -1.0])
14:32:26:616451, 2, 1, 1632706346.6151047, 24, GPS(-43.520508, 172.583129, 21.459012, var=[1.0, 1.0, 1.0]), 52.37382652434997, GPS(-43.520600, 172.583000, 0.000000, var=[-1.0, -1.0, -1.0])
14:32:26:616504, 3, 1, 1632706346.6151037, 25, GPS(-43.520691, 172.582877, 21.452669, var=[1.0, 1.0, 1.0]), 52.140845716939005, GPS(-43.520600, 172.583000, 0.000000, var=[-1.0, -1.0, -1.0])
14:32:26:616551, 1, 1, 1632706346.615146, 23, GPS(-43.520511, 172.582876, 21.433956, var=[1.0, 1.0, 1.0]), 52.10456440999664, GPS(-43.520600, 172.583000, 0.000000, var=[-1.0, -1.0, -1.0])
14:32:27:616547, 3, 1, 1632706347.6163623, 26, GPS(-43.520691, 172.582877, 21.449669, var=[1.0, 1.0, 1.0]), 52.13186579157425, GPS(-43.520600, 172.583000, 0.000000, var=[-1.0, -1.0, -1.0])
14:32:27:616643, 3, 1, 1632706347.6165342, 27, GPS(-43.520691, 172.582877, 21.449669, var=[1.0, 1.0, 1.0]), 52.13186579157425, GPS(-43.520600, 172.583000, 0.000000, var=[-1.0, -1.0, -1.0])
14:32:27:616681, 1, 1, 1632706347.616487, 24, GPS(-43.520511, 172.582876, 21.432956, var=[1.0, 1.0, 1.0]), 52.08304735028611, GPS(-43.520600, 172.583000, 0.000000, var=[-1.0, -1.0, -1.0])
14:32:27:616711, 4, 2, 1632706347.6164942, 24, GPS(-43.520690, 172.583125, 21.456721, var=[1.0, 1.0, 1.0]), 52.176725755470486, GPS(-43.520600, 172.583000, 0.000000, var=[-1.0, -1.0, -1.0])
14:32:27:618289, 2, 1, 1632706347.6165044, 25, GPS(-43.520508, 172.583129, 21.450012, var=[1.0, 1.0, 1.0]), 52.35753021150802, GPS(-43.520600, 172.583000, 0.000000, var=[-1.0, -1.0, -1.0])
14:32:28:616707, 1, 1, 1632706348.6165857, 25, GPS(-43.520511, 172.582876, 21.412956, var=[1.0, 1.0, 1.0]), 52.05820647171206, GPS(-43.520600, 172.583000, 0.000000, var=[-1.0, -1.0, -1.0])
14:32:28:617545, 2, 2, 1632706348.6174185, 26, GPS(-43.520509, 172.583129, 21.433012, var=[1.0, 1.0, 1.0]), 52.334117023743914, GPS(-43.520600, 172.583000, 0.000000, var=[-1.0, -1.0, -1.0])
14:32:28:617629, 4, 2, 1632706348.6175177, 25, GPS(-43.520691, 172.583125, 21.448721, var=[1.0, 1.0, 1.0]), 52.18007034029016, GPS(-43.520600, 172.583000, 0.000000, var=[-1.0, -1.0, -1.0])
14:32:28:619389, 4, 2, 1632706348.6183913, 26, GPS(-43.520691, 172.583125, 21.448721, var=[1.0, 1.0, 1.0]), 52.18007034029016, GPS(-43.520600, 172.583000, 0.000000, var=[-1.0, -1.0, -1.0])
14:32:28:619500, 3, 2, 1632706348.618048, 28, GPS(-43.520691, 172.582877, 21.432669, var=[1.0, 1.0, 1.0]), 52.115215074299186, GPS(-43.520600, 172.583000, 0.000000, var=[-1.0, -1.0, -1.0])
14:32:28:619564, 1, 1, 1632706348.6183798, 26, GPS(-43.520511, 172.582876, 21.412956, var=[1.0, 1.0, 1.0]), 52.05820647171206, GPS(-43.520600, 172.583000, 0.000000, var=[-1.0, -1.0, -1.0])
14:32:28:620976, 2, 2, 1632706348.618392, 27, GPS(-43.520509, 172.583129, 21.433012, var=[1.0, 1.0, 1.0]), 52.334117023743914, GPS(-43.520600, 172.583000, 0.000000, var=[-1.0, -1.0, -1.0])
14:32:28:621026, 3, 2, 1632706348.6183984, 29, GPS(-43.520691, 172.582877, 21.432669, var=[1.0, 1.0, 1.0]), 52.115215074299186, GPS(-43.520600, 172.583000, 0.000000, var=[-1.0, -1.0, -1.0])
14:32:29:618811, 2, 2, 1632706349.6186752, 28, GPS(-43.520509, 172.583129, 21.423012, var=[1.0, 1.0, 1.0]), 52.308493373298596, GPS(-43.520600, 172.583000, 0.000000, var=[-1.0, -1.0, -1.0])
14:32:29:618875, 1, 1, 1632706349.6187322, 27, GPS(-43.520511, 172.582876, 21.395956, var=[1.0, 1.0, 1.0]), 52.032133376161255, GPS(-43.520600, 172.583000, 0.000000, var=[-1.0, -1.0, -1.0])
14:32:29:619401, 4, 2, 1632706349.6193063, 27, GPS(-43.520691, 172.583125, 21.435721, var=[1.0, 1.0, 1.0]), 52.16923375894781, GPS(-43.520600, 172.583000, 0.000000, var=[-1.0, -1.0, -1.0])
14:32:29:621074, 4, 2, 1632706349.6195061, 28, GPS(-43.520691, 172.583125, 21.435721, var=[1.0, 1.0, 1.0]), 52.16923375894781, GPS(-43.520600, 172.583000, 0.000000, var=[-1.0, -1.0, -1.0])
14:32:29:621134, 1, 1, 1632706349.6194887, 28, GPS(-43.520511, 172.582876, 21.395956, var=[1.0, 1.0, 1.0]), 52.032133376161255, GPS(-43.520600, 172.583000, 0.000000, var=[-1.0, -1.0, -1.0])
14:32:29:622259, 3, 2, 1632706349.6195304, 30, GPS(-43.520691, 172.582877, 21.424668, var=[1.0, 1.0, 1.0]), 52.10104935451751, GPS(-43.520600, 172.583000, 0.000000, var=[-1.0, -1.0, -1.0])
14:32:29:622309, 2, 2, 1632706349.6195233, 29, GPS(-43.520509, 172.583129, 21.423012, var=[1.0, 1.0, 1.0]), 52.308493373298596, GPS(-43.520600, 172.583000, 0.000000, var=[-1.0, -1.0, -1.0])
14:32:30:620415, 4, 2, 1632706350.6202347, 29, GPS(-43.520691, 172.583125, 21.414721, var=[1.0, 1.0, 1.0]), 52.1472047277382, GPS(-43.520600, 172.583000, 0.000000, var=[-1.0, -1.0, -1.0])
14:32:30:620665, 3, 2, 1632706350.6203718, 31, GPS(-43.520691, 172.582877, 21.421668, var=[1.0, 1.0, 1.0]), 52.08963752889417, GPS(-43.520600, 172.583000, 0.000000, var=[-1.0, -1.0, -1.0])
14:32:30:620729, 1, 2, 1632706350.6204753, 29, GPS(-43.520511, 172.582876, 21.387956, var=[1.0, 1.0, 1.0]), 52.00909259099445, GPS(-43.520600, 172.583000, 0.000000, var=[-1.0, -1.0, -1.0])
14:32:30:621813, 2, 2, 1632706350.6208475, 30, GPS(-43.520509, 172.583129, 21.414012, var=[1.0, 1.0, 1.0]), 52.287781591094884, GPS(-43.520600, 172.583000, 0.000000, var=[-1.0, -1.0, -1.0])
14:32:30:656342, 3, 2, 1632706350.656162, 32, GPS(-43.520691, 172.582877, 21.421668, var=[1.0, 1.0, 1.0]), 52.066797100579315, GPS(-43.520600, 172.583000, 0.000000, var=[-1.0, -1.0, -1.0])
14:32:30:658053, 4, 2, 1632706350.6579223, 30, GPS(-43.520691, 172.583125, 21.414721, var=[1.0, 1.0, 1.0]), 52.124364299423334, GPS(-43.520600, 172.583000, 0.000000, var=[-1.0, -1.0, -1.0])
14:32:30:659023, 1, 2, 1632706350.6589124, 30, GPS(-43.520511, 172.582876, 21.386956, var=[1.0, 1.0, 1.0]), 51.98541658985922, GPS(-43.520600, 172.583000, 0.000000, var=[-1.0, -1.0, -1.0])
14:32:30:660426, 2, 2, 1632706350.659509, 31, GPS(-43.520509, 172.583129, 21.414012, var=[1.0, 1.0, 1.0]), 52.264941162780026, GPS(-43.520600, 172.583000, 0.000000, var=[-1.0, -1.0, -1.0])
14:32:31:658290, 3, 2, 1632706351.6581514, 33, GPS(-43.520691, 172.582877, 21.413668, var=[1.0, 1.0, 1.0]), 52.06323438845375, GPS(-43.520600, 172.583000, 0.000000, var=[-1.0, -1.0, -1.0])
14:32:31:659750, 4, 2, 1632706351.6596458, 31, GPS(-43.520691, 172.583125, 21.411720, var=[1.0, 1.0, 1.0]), 52.12744314491786, GPS(-43.520600, 172.583000, 0.000000, var=[-1.0, -1.0, -1.0])
14:32:31:660650, 4, 2, 1632706351.6605117, 32, GPS(-43.520691, 172.583125, 21.411720, var=[1.0, 1.0, 1.0]), 52.12744314491786, GPS(-43.520600, 172.583000, 0.000000, var=[-1.0, -1.0, -1.0])
14:32:31:660704, 1, 2, 1632706351.6605153, 31, GPS(-43.520511, 172.582876, 21.373956, var=[1.0, 1.0, 1.0]), 51.97770465086346, GPS(-43.520600, 172.583000, 0.000000, var=[-1.0, -1.0, -1.0])
14:32:31:661814, 2, 2, 1632706351.660529, 32, GPS(-43.520509, 172.583129, 21.393012, var=[1.0, 1.0, 1.0]), 52.25192277404993, GPS(-43.520600, 172.583000, 0.000000, var=[-1.0, -1.0, -1.0])
14:32:31:661866, 3, 2, 1632706351.6605318, 34, GPS(-43.520691, 172.582877, 21.413668, var=[1.0, 1.0, 1.0]), 52.06323438845375, GPS(-43.520600, 172.583000, 0.000000, var=[-1.0, -1.0, -1.0])
14:32:32:661009, 1, 2, 1632706352.6608667, 32, GPS(-43.520511, 172.582876, 21.368956, var=[1.0, 1.0, 1.0]), 51.958336752178326, GPS(-43.520600, 172.583000, 0.000000, var=[-1.0, -1.0, -1.0])
14:32:32:662518, 1, 2, 1632706352.6618989, 33, GPS(-43.520511, 172.582876, 21.368956, var=[1.0, 1.0, 1.0]), 51.958336752178326, GPS(-43.520600, 172.583000, 0.000000, var=[-1.0, -1.0, -1.0])
14:32:32:662567, 3, 2, 1632706352.6610463, 35, GPS(-43.520691, 172.582877, 21.428668, var=[1.0, 1.0, 1.0]), 52.064854674209506, GPS(-43.520600, 172.583000, 0.000000, var=[-1.0, -1.0, -1.0])
14:32:32:662599, 2, 2, 1632706352.6611538, 33, GPS(-43.520509, 172.583129, 21.386012, var=[1.0, 1.0, 1.0]), 52.230881360930425, GPS(-43.520600, 172.583000, 0.000000, var=[-1.0, -1.0, -1.0])
14:32:32:662627, 4, 2, 1632706352.6619189, 33, GPS(-43.520691, 172.583125, 21.424720, var=[1.0, 1.0, 1.0]), 52.11353892709818, GPS(-43.520600, 172.583000, 0.000000, var=[-1.0, -1.0, -1.0])
14:32:32:663806, 2, 2, 1632706352.6619232, 34, GPS(-43.520509, 172.583129, 21.386012, var=[1.0, 1.0, 1.0]), 52.230881360930425, GPS(-43.520600, 172.583000, 0.000000, var=[-1.0, -1.0, -1.0])
14:32:32:663910, 3, 2, 1632706352.6619294, 36, GPS(-43.520691, 172.582877, 21.428668, var=[1.0, 1.0, 1.0]), 52.064854674209506, GPS(-43.520600, 172.583000, 0.000000, var=[-1.0, -1.0, -1.0])
14:32:33:662806, 4, 2, 1632706353.66265, 34, GPS(-43.520691, 172.583125, 21.415721, var=[1.0, 1.0, 1.0]), 52.101254673094, GPS(-43.520600, 172.583000, 0.000000, var=[-1.0, -1.0, -1.0])
14:32:33:662883, 1, 2, 1632706353.6626437, 34, GPS(-43.520511, 172.582876, 21.388955, var=[1.0, 1.0, 1.0]), 51.98099560438493, GPS(-43.520600, 172.583000, 0.000000, var=[-1.0, -1.0, -1.0])
14:32:33:664236, 2, 2, 1632706353.6626673, 35, GPS(-43.520509, 172.583129, 21.393012, var=[1.0, 1.0, 1.0]), 52.23300950809691, GPS(-43.520600, 172.583000, 0.000000, var=[-1.0, -1.0, -1.0])
14:32:33:664292, 3, 2, 1632706353.6627505, 37, GPS(-43.520691, 172.582877, 21.412669, var=[1.0, 1.0, 1.0]), 52.05106435109339, GPS(-43.520600, 172.583000, 0.000000, var=[-1.0, -1.0, -1.0])
14:32:34:663573, 4, 2, 1632706354.6634178, 35, GPS(-43.520691, 172.583125, 21.409721, var=[1.0, 1.0, 1.0]), 52.0882863200887, GPS(-43.520600, 172.583000, 0.000000, var=[-1.0, -1.0, -1.0])
14:32:34:663667, 2, 2, 1632706354.6635075, 36, GPS(-43.520509, 172.583129, 21.397012, var=[1.0, 1.0, 1.0]), 52.23697167512718, GPS(-43.520600, 172.583000, 0.000000, var=[-1.0, -1.0, -1.0])
14:32:34:663711, 1, 2, 1632706354.6635258, 35, GPS(-43.520511, 172.582876, 21.384955, var=[1.0, 1.0, 1.0]), 51.98041663408658, GPS(-43.520600, 172.583000, 0.000000, var=[-1.0, -1.0, -1.0])
14:32:34:664918, 2, 2, 1632706354.6643503, 37, GPS(-43.520509, 172.583129, 21.397012, var=[1.0, 1.0, 1.0]), 52.23697167512718, GPS(-43.520600, 172.583000, 0.000000, var=[-1.0, -1.0, -1.0])
14:32:34:665830, 1, 2, 1632706354.6643245, 36, GPS(-43.520511, 172.582876, 21.384955, var=[1.0, 1.0, 1.0]), 51.98041663408658, GPS(-43.520600, 172.583000, 0.000000, var=[-1.0, -1.0, -1.0])
14:32:34:665944, 3, 2, 1632706354.663631, 38, GPS(-43.520691, 172.582877, 21.406669, var=[1.0, 1.0, 1.0]), 52.04869168116187, GPS(-43.520600, 172.583000, 0.000000, var=[-1.0, -1.0, -1.0])
14:32:34:666049, 4, 2, 1632706354.6643414, 36, GPS(-43.520691, 172.583125, 21.409721, var=[1.0, 1.0, 1.0]), 52.0882863200887, GPS(-43.520600, 172.583000, 0.000000, var=[-1.0, -1.0, -1.0])
14:32:34:667473, 3, 2, 1632706354.6643536, 39, GPS(-43.520691, 172.582877, 21.406669, var=[1.0, 1.0, 1.0]), 52.04869168116187, GPS(-43.520600, 172.583000, 0.000000, var=[-1.0, -1.0, -1.0])
14:32:35:664530, 2, 2, 1632706355.6643913, 38, GPS(-43.520509, 172.583129, 21.408012, var=[1.0, 1.0, 1.0]), 52.24783763795099, GPS(-43.520600, 172.583000, 0.000000, var=[-1.0, -1.0, -1.0])
14:32:35:665001, 1, 2, 1632706355.6648903, 37, GPS(-43.520511, 172.582876, 21.403955, var=[1.0, 1.0, 1.0]), 52.005578717240624, GPS(-43.520600, 172.583000, 0.000000, var=[-1.0, -1.0, -1.0])
14:32:35:665114, 2, 2, 1632706355.665007, 39, GPS(-43.520509, 172.583129, 21.408012, var=[1.0, 1.0, 1.0]), 52.24783763795099, GPS(-43.520600, 172.583000, 0.000000, var=[-1.0, -1.0, -1.0])
14:32:35:665176, 4, 2, 1632706355.6650026, 37, GPS(-43.520691, 172.583124, 21.416721, var=[1.0, 1.0, 1.0]), 52.10468186516033, GPS(-43.520600, 172.583000, 0.000000, var=[-1.0, -1.0, -1.0])
14:32:35:666755, 1, 2, 1632706355.665023, 38, GPS(-43.520511, 172.582876, 21.403955, var=[1.0, 1.0, 1.0]), 52.005578717240624, GPS(-43.520600, 172.583000, 0.000000, var=[-1.0, -1.0, -1.0])
14:32:35:666801, 3, 2, 1632706355.6650274, 40, GPS(-43.520691, 172.582877, 21.416669, var=[1.0, 1.0, 1.0]), 52.060779286295386, GPS(-43.520600, 172.583000, 0.000000, var=[-1.0, -1.0, -1.0])
14:32:36:665563, 2, 2, 1632706356.665435, 40, GPS(-43.520509, 172.583129, 21.415012, var=[1.0, 1.0, 1.0]), 52.259909242780154, GPS(-43.520600, 172.583000, 0.000000, var=[-1.0, -1.0, -1.0])
14:32:36:666794, 4, 2, 1632706356.6666632, 38, GPS(-43.520691, 172.583125, 21.417721, var=[1.0, 1.0, 1.0]), 52.10937939110242, GPS(-43.520600, 172.583000, 0.000000, var=[-1.0, -1.0, -1.0])
14:32:36:668361, 4, 2, 1632706356.6668396, 39, GPS(-43.520691, 172.583125, 21.417721, var=[1.0, 1.0, 1.0]), 52.10937939110242, GPS(-43.520600, 172.583000, 0.000000, var=[-1.0, -1.0, -1.0])
14:32:36:668434, 1, 2, 1632706356.6668007, 39, GPS(-43.520511, 172.582876, 21.401956, var=[1.0, 1.0, 1.0]), 52.011259377739606, GPS(-43.520600, 172.583000, 0.000000, var=[-1.0, -1.0, -1.0])
14:32:36:669683, 2, 2, 1632706356.6668642, 41, GPS(-43.520509, 172.583129, 21.415012, var=[1.0, 1.0, 1.0]), 52.259909242780154, GPS(-43.520600, 172.583000, 0.000000, var=[-1.0, -1.0, -1.0])
14:32:36:669740, 3, 2, 1632706356.666865, 41, GPS(-43.520691, 172.582877, 21.419669, var=[1.0, 1.0, 1.0]), 52.05897456735704, GPS(-43.520600, 172.583000, 0.000000, var=[-1.0, -1.0, -1.0])
14:32:36:669793, 1, 2, 1632706356.6669543, 40, GPS(-43.520511, 172.582876, 21.401956, var=[1.0, 1.0, 1.0]), 52.011259377739606, GPS(-43.520600, 172.583000, 0.000000, var=[-1.0, -1.0, -1.0])
14:32:37:667698, 3, 2, 1632706357.6675067, 42, GPS(-43.520691, 172.582877, 21.440669, var=[1.0, 1.0, 1.0]), 52.079482201731125, GPS(-43.520600, 172.583000, 0.000000, var=[-1.0, -1.0, -1.0])
14:32:37:667844, 4, 2, 1632706357.667734, 40, GPS(-43.520691, 172.583125, 21.422721, var=[1.0, 1.0, 1.0]), 52.11967598543718, GPS(-43.520600, 172.583000, 0.000000, var=[-1.0, -1.0, -1.0])
14:32:37:669153, 1, 2, 1632706357.6682715, 41, GPS(-43.520511, 172.582876, 21.402956, var=[1.0, 1.0, 1.0]), 52.01307312558097, GPS(-43.520600, 172.583000, 0.000000, var=[-1.0, -1.0, -1.0])
14:32:37:669207, 2, 2, 1632706357.6677625, 42, GPS(-43.520509, 172.583129, 21.409012, var=[1.0, 1.0, 1.0]), 52.26764422368879, GPS(-43.520600, 172.583000, 0.000000, var=[-1.0, -1.0, -1.0])
14:32:37:694885, 4, 2, 1632706357.6946447, 41, GPS(-43.520691, 172.583125, 21.422721, var=[1.0, 1.0, 1.0]), 52.13575851790595, GPS(-43.520600, 172.583000, 0.000000, var=[-1.0, -1.0, -1.0])
14:32:37:696836, 1, 2, 1632706357.695227, 42, GPS(-43.520511, 172.582876, 21.401956, var=[1.0, 1.0, 1.0]), 52.025164877214294, GPS(-43.520600, 172.583000, 0.000000, var=[-1.0, -1.0, -1.0])
14:32:37:729397, 2, 2, 1632706357.7292316, 43, GPS(-43.520509, 172.583129, 21.409012, var=[1.0, 1.0, 1.0]), 52.27957150491112, GPS(-43.520600, 172.583000, 0.000000, var=[-1.0, -1.0, -1.0])
14:32:37:735319, 3, 2, 1632706357.7351959, 43, GPS(-43.520691, 172.582877, 21.440669, var=[1.0, 1.0, 1.0]), 52.09577786728071, GPS(-43.520600, 172.583000, 0.000000, var=[-1.0, -1.0, -1.0])
14:32:38:695886, 4, 2, 1632706358.695725, 42, GPS(-43.520691, 172.583125, 21.439721, var=[1.0, 1.0, 1.0]), 52.159582689775775, GPS(-43.520600, 172.583000, 0.000000, var=[-1.0, -1.0, -1.0])
14:32:38:697377, 4, 2, 1632706358.6969452, 43, GPS(-43.520691, 172.583125, 21.439721, var=[1.0, 1.0, 1.0]), 52.159582689775775, GPS(-43.520600, 172.583000, 0.000000, var=[-1.0, -1.0, -1.0])
14:32:38:697469, 1, 2, 1632706358.6964738, 43, GPS(-43.520511, 172.582876, 21.407956, var=[1.0, 1.0, 1.0]), 52.01859042510536, GPS(-43.520600, 172.583000, 0.000000, var=[-1.0, -1.0, -1.0])
14:32:38:699452, 2, 2, 1632706358.6969597, 44, GPS(-43.520509, 172.583129, 21.416012, var=[1.0, 1.0, 1.0]), 52.292963519163635, GPS(-43.520600, 172.583000, 0.000000, var=[-1.0, -1.0, -1.0])
14:32:38:699526, 3, 2, 1632706358.6969633, 44, GPS(-43.520691, 172.582877, 21.456669, var=[1.0, 1.0, 1.0]), 52.1072920525288, GPS(-43.520600, 172.583000, 0.000000, var=[-1.0, -1.0, -1.0])
14:32:38:699589, 1, 2, 1632706358.6969116, 44, GPS(-43.520511, 172.582876, 21.407956, var=[1.0, 1.0, 1.0]), 52.01859042510536, GPS(-43.520600, 172.583000, 0.000000, var=[-1.0, -1.0, -1.0])
14:32:39:697451, 4, 2, 1632706359.6972883, 44, GPS(-43.520691, 172.583125, 21.453721, var=[1.0, 1.0, 1.0]), 52.17182581701005, GPS(-43.520600, 172.583000, 0.000000, var=[-1.0, -1.0, -1.0])
14:32:39:698741, 4, 2, 1632706359.6974287, 45, GPS(-43.520691, 172.583125, 21.453721, var=[1.0, 1.0, 1.0]), 52.17182581701005, GPS(-43.520600, 172.583000, 0.000000, var=[-1.0, -1.0, -1.0])
14:32:39:698820, 1, 2, 1632706359.6974237, 45, GPS(-43.520511, 172.582876, 21.428956, var=[1.0, 1.0, 1.0]), 52.04309056997582, GPS(-43.520600, 172.583000, 0.000000, var=[-1.0, -1.0, -1.0])
14:32:39:698886, 2, 2, 1632706359.6974437, 45, GPS(-43.520509, 172.583129, 21.436012, var=[1.0, 1.0, 1.0]), 52.3132547091422, GPS(-43.520600, 172.583000, 0.000000, var=[-1.0, -1.0, -1.0])
14:32:39:698949, 3, 2, 1632706359.697459, 45, GPS(-43.520691, 172.582877, 21.465669, var=[1.0, 1.0, 1.0]), 52.11853001669511, GPS(-43.520600, 172.583000, 0.000000, var=[-1.0, -1.0, -1.0])
14:32:40:698383, 2, 2, 1632706360.6982467, 46, GPS(-43.520509, 172.583129, 21.451012, var=[1.0, 1.0, 1.0]), 52.332881803543, GPS(-43.520600, 172.583000, 0.000000, var=[-1.0, -1.0, -1.0])
14:32:40:698886, 2, 2, 1632706360.6987932, 47, GPS(-43.520509, 172.583129, 21.451012, var=[1.0, 1.0, 1.0]), 52.332881803543, GPS(-43.520600, 172.583000, 0.000000, var=[-1.0, -1.0, -1.0])
14:32:40:698961, 1, 2, 1632706360.6987855, 46, GPS(-43.520511, 172.582876, 21.433956, var=[1.0, 1.0, 1.0]), 52.06080598403322, GPS(-43.520600, 172.583000, 0.000000, var=[-1.0, -1.0, -1.0])
14:32:40:699014, 4, 4, 1632706360.6988008, 46, GPS(-43.520691, 172.583125, 21.472721, var=[1.0, 1.0, 1.0]), 52.19060257403738, GPS(-43.520600, 172.583000, 0.000000, var=[-1.0, -1.0, -1.0])
14:32:40:699051, 3, 2, 1632706360.6988401, 46, GPS(-43.520691, 172.582877, 21.476669, var=[1.0, 1.0, 1.0]), 52.14002728839492, GPS(-43.520600, 172.583000, 0.000000, var=[-1.0, -1.0, -1.0])
14:32:41:699045, 3, 2, 1632706361.6989212, 47, GPS(-43.520691, 172.582877, 21.484669, var=[1.0, 1.0, 1.0]), 52.16779172150956, GPS(-43.520600, 172.583000, 0.000000, var=[-1.0, -1.0, -1.0])
14:32:41:699427, 1, 2, 1632706361.6993341, 47, GPS(-43.520511, 172.582876, 21.442956, var=[1.0, 1.0, 1.0]), 52.09374376852534, GPS(-43.520600, 172.583000, 0.000000, var=[-1.0, -1.0, -1.0])
14:32:41:699715, 4, 4, 1632706361.6996298, 47, GPS(-43.520691, 172.583125, 21.470721, var=[1.0, 1.0, 1.0]), 52.20376171724124, GPS(-43.520600, 172.583000, 0.000000, var=[-1.0, -1.0, -1.0])
14:32:41:701164, 4, 4, 1632706361.7006686, 48, GPS(-43.520691, 172.583125, 21.470721, var=[1.0, 1.0, 1.0]), 52.20376171724124, GPS(-43.520600, 172.583000, 0.000000, var=[-1.0, -1.0, -1.0])
14:32:41:701237, 2, 2, 1632706361.6996546, 48, GPS(-43.520509, 172.583129, 21.462012, var=[1.0, 1.0, 1.0]), 52.34702958153281, GPS(-43.520600, 172.583000, 0.000000, var=[-1.0, -1.0, -1.0])
14:32:41:701294, 1, 2, 1632706361.7005177, 48, GPS(-43.520511, 172.582876, 21.442956, var=[1.0, 1.0, 1.0]), 52.09374376852534, GPS(-43.520600, 172.583000, 0.000000, var=[-1.0, -1.0, -1.0])
14:32:41:701345, 3, 2, 1632706361.7007778, 48, GPS(-43.520691, 172.582877, 21.484669, var=[1.0, 1.0, 1.0]), 52.16779172150956, GPS(-43.520600, 172.583000, 0.000000, var=[-1.0, -1.0, -1.0])
14:32:41:702652, 2, 2, 1632706361.7005394, 49, GPS(-43.520509, 172.583129, 21.462012, var=[1.0, 1.0, 1.0]), 52.34702958153281, GPS(-43.520600, 172.583000, 0.000000, var=[-1.0, -1.0, -1.0])
14:32:42:701210, 3, 2, 1632706362.7009099, 49, GPS(-43.520691, 172.582877, 21.502669, var=[1.0, 1.0, 1.0]), 52.18390441257448, GPS(-43.520600, 172.583000, 0.000000, var=[-1.0, -1.0, -1.0])
14:32:42:701362, 3, 2, 1632706362.7012532, 50, GPS(-43.520691, 172.582877, 21.502669, var=[1.0, 1.0, 1.0]), 52.18390441257448, GPS(-43.520600, 172.583000, 0.000000, var=[-1.0, -1.0, -1.0])
14:32:42:701484, 1, 2, 1632706362.7012248, 49, GPS(-43.520511, 172.582876, 21.451956, var=[1.0, 1.0, 1.0]), 52.121606701207526, GPS(-43.520600, 172.583000, 0.000000, var=[-1.0, -1.0, -1.0])
14:32:42:701591, 2, 2, 1632706362.701253, 50, GPS(-43.520509, 172.583129, 21.474012, var=[1.0, 1.0, 1.0]), 52.375355247627176, GPS(-43.520600, 172.583000, 0.000000, var=[-1.0, -1.0, -1.0])
14:32:42:701680, 4, 4, 1632706362.7012675, 49, GPS(-43.520691, 172.583125, 21.485721, var=[1.0, 1.0, 1.0]), 52.22601665211832, GPS(-43.520600, 172.583000, 0.000000, var=[-1.0, -1.0, -1.0])
14:32:43:702569, 4, 4, 1632706363.7024086, 50, GPS(-43.520690, 172.583125, 21.504721, var=[1.0, 1.0, 1.0]), 52.22958460396009, GPS(-43.520600, 172.583000, 0.000000, var=[-1.0, -1.0, -1.0])
14:32:43:702672, 3, 2, 1632706363.7025726, 51, GPS(-43.520691, 172.582877, 21.500669, var=[1.0, 1.0, 1.0]), 52.184871581078035, GPS(-43.520600, 172.583000, 0.000000, var=[-1.0, -1.0, -1.0])
14:32:43:702768, 1, 2, 1632706363.7026784, 50, GPS(-43.520511, 172.582876, 21.470956, var=[1.0, 1.0, 1.0]), 52.148811787580314, GPS(-43.520600, 172.583000, 0.000000, var=[-1.0, -1.0, -1.0])
14:32:43:703946, 2, 2, 1632706363.7030454, 51, GPS(-43.520508, 172.583129, 21.492012, var=[1.0, 1.0, 1.0]), 52.40932346376491, GPS(-43.520600, 172.583000, 0.000000, var=[-1.0, -1.0, -1.0])
14:32:43:739275, 3, 2, 1632706363.7390766, 52, GPS(-43.520691, 172.582877, 21.501669, var=[1.0, 1.0, 1.0]), 52.21381589898024, GPS(-43.520600, 172.583000, 0.000000, var=[-1.0, -1.0, -1.0])
14:32:43:739357, 4, 4, 1632706363.7391114, 51, GPS(-43.520690, 172.583125, 21.504721, var=[1.0, 1.0, 1.0]), 52.254584077660056, GPS(-43.520600, 172.583000, 0.000000, var=[-1.0, -1.0, -1.0])
14:32:43:740946, 2, 2, 1632706363.7408233, 52, GPS(-43.520508, 172.583129, 21.492012, var=[1.0, 1.0, 1.0]), 52.43432293746488, GPS(-43.520600, 172.583000, 0.000000, var=[-1.0, -1.0, -1.0])
14:32:43:745871, 1, 2, 1632706363.7457173, 51, GPS(-43.520511, 172.582876, 21.472956, var=[1.0, 1.0, 1.0]), 52.17233858709333, GPS(-43.520600, 172.583000, 0.000000, var=[-1.0, -1.0, -1.0])
14:32:44:739693, 3, 2, 1632706364.7395453, 53, GPS(-43.520691, 172.582877, 21.508669, var=[1.0, 1.0, 1.0]), 52.220665499300395, GPS(-43.520600, 172.583000, 0.000000, var=[-1.0, -1.0, -1.0])
14:32:44:739765, 4, 4, 1632706364.7395475, 52, GPS(-43.520690, 172.583124, 21.500721, var=[1.0, 1.0, 1.0]), 52.24910399155857, GPS(-43.520600, 172.583000, 0.000000, var=[-1.0, -1.0, -1.0])
14:32:44:741227, 2, 2, 1632706364.7410495, 53, GPS(-43.520508, 172.583129, 21.504013, var=[1.0, 1.0, 1.0]), 52.459310115608474, GPS(-43.520600, 172.583000, 0.000000, var=[-1.0, -1.0, -1.0])
14:32:44:746078, 1, 2, 1632706364.745901, 52, GPS(-43.520511, 172.582876, 21.470956, var=[1.0, 1.0, 1.0]), 52.17481124024894, GPS(-43.520600, 172.583000, 0.000000, var=[-1.0, -1.0, -1.0])
14:32:44:774867, 3, 2, 1632706364.7747066, 54, GPS(-43.520691, 172.582877, 21.508669, var=[1.0, 1.0, 1.0]), 52.223544382741935, GPS(-43.520600, 172.583000, 0.000000, var=[-1.0, -1.0, -1.0])
14:32:44:778265, 1, 2, 1632706364.7781365, 53, GPS(-43.520511, 172.582876, 21.470956, var=[1.0, 1.0, 1.0]), 52.17769012369048, GPS(-43.520600, 172.583000, 0.000000, var=[-1.0, -1.0, -1.0])
14:32:44:780716, 4, 4, 1632706364.7806132, 53, GPS(-43.520690, 172.583124, 21.500721, var=[1.0, 1.0, 1.0]), 52.2519828750001, GPS(-43.520600, 172.583000, 0.000000, var=[-1.0, -1.0, -1.0])
14:32:44:813173, 2, 2, 1632706364.8128276, 54, GPS(-43.520508, 172.583129, 21.505013, var=[1.0, 1.0, 1.0]), 52.463016849351945, GPS(-43.520600, 172.583000, 0.000000, var=[-1.0, -1.0, -1.0])
14:32:45:776823, 3, 2, 1632706365.7766914, 55, GPS(-43.520691, 172.582877, 21.510669, var=[1.0, 1.0, 1.0]), 52.225215808612134, GPS(-43.520600, 172.583000, 0.000000, var=[-1.0, -1.0, -1.0])
14:32:45:780054, 1, 2, 1632706365.7799475, 54, GPS(-43.520511, 172.582876, 21.472956, var=[1.0, 1.0, 1.0]), 52.176217449503525, GPS(-43.520600, 172.583000, 0.000000, var=[-1.0, -1.0, -1.0])
14:32:45:782368, 1, 2, 1632706365.7822616, 55, GPS(-43.520511, 172.582876, 21.472956, var=[1.0, 1.0, 1.0]), 52.176217449503525, GPS(-43.520600, 172.583000, 0.000000, var=[-1.0, -1.0, -1.0])
14:32:45:782448, 3, 2, 1632706365.7822967, 56, GPS(-43.520691, 172.582877, 21.510669, var=[1.0, 1.0, 1.0]), 52.225215808612134, GPS(-43.520600, 172.583000, 0.000000, var=[-1.0, -1.0, -1.0])
14:32:45:782490, 2, 2, 1632706365.7822855, 55, GPS(-43.520508, 172.583129, 21.510013, var=[1.0, 1.0, 1.0]), 52.459564136479116, GPS(-43.520600, 172.583000, 0.000000, var=[-1.0, -1.0, -1.0])
14:32:45:782549, 4, 4, 1632706365.7822797, 54, GPS(-43.520690, 172.583125, 21.503721, var=[1.0, 1.0, 1.0]), 52.260772861425295, GPS(-43.520600, 172.583000, 0.000000, var=[-1.0, -1.0, -1.0])
14:32:46:782909, 2, 2, 1632706366.7827802, 56, GPS(-43.520509, 172.583129, 21.502012, var=[1.0, 1.0, 1.0]), 52.44143495072775, GPS(-43.520600, 172.583000, 0.000000, var=[-1.0, -1.0, -1.0])
14:32:46:783058, 1, 2, 1632706366.7829707, 56, GPS(-43.520511, 172.582876, 21.473956, var=[1.0, 1.0, 1.0]), 52.16244491527181, GPS(-43.520600, 172.583000, 0.000000, var=[-1.0, -1.0, -1.0])
14:32:46:783767, 1, 2, 1632706366.7836611, 57, GPS(-43.520511, 172.582876, 21.473956, var=[1.0, 1.0, 1.0]), 52.16244491527181, GPS(-43.520600, 172.583000, 0.000000, var=[-1.0, -1.0, -1.0])
14:32:46:783840, 3, 2, 1632706366.7836683, 57, GPS(-43.520691, 172.582877, 21.518669, var=[1.0, 1.0, 1.0]), 52.22277381755187, GPS(-43.520600, 172.583000, 0.000000, var=[-1.0, -1.0, -1.0])
14:32:46:783891, 2, 2, 1632706366.7836885, 57, GPS(-43.520509, 172.583129, 21.502012, var=[1.0, 1.0, 1.0]), 52.44143495072775, GPS(-43.520600, 172.583000, 0.000000, var=[-1.0, -1.0, -1.0])
14:32:46:783928, 4, 4, 1632706366.7836869, 55, GPS(-43.520690, 172.583124, 21.501721, var=[1.0, 1.0, 1.0]), 52.25113162818272, GPS(-43.520600, 172.583000, 0.000000, var=[-1.0, -1.0, -1.0])
14:32:46:785022, 3, 2, 1632706366.7838454, 58, GPS(-43.520691, 172.582877, 21.518669, var=[1.0, 1.0, 1.0]), 52.22277381755187, GPS(-43.520600, 172.583000, 0.000000, var=[-1.0, -1.0, -1.0])
14:32:47:784221, 2, 2, 1632706367.7840037, 58, GPS(-43.520509, 172.583129, 21.502012, var=[1.0, 1.0, 1.0]), 52.43758258234921, GPS(-43.520600, 172.583000, 0.000000, var=[-1.0, -1.0, -1.0])
14:32:47:784372, 1, 2, 1632706367.784043, 58, GPS(-43.520511, 172.582876, 21.487956, var=[1.0, 1.0, 1.0]), 52.1853746164377, GPS(-43.520600, 172.583000, 0.000000, var=[-1.0, -1.0, -1.0])
14:32:47:785337, 1, 2, 1632706367.7851214, 59, GPS(-43.520511, 172.582876, 21.487956, var=[1.0, 1.0, 1.0]), 52.1853746164377, GPS(-43.520600, 172.583000, 0.000000, var=[-1.0, -1.0, -1.0])
14:32:47:785430, 2, 2, 1632706367.785153, 59, GPS(-43.520509, 172.583129, 21.502012, var=[1.0, 1.0, 1.0]), 52.43758258234921, GPS(-43.520600, 172.583000, 0.000000, var=[-1.0, -1.0, -1.0])
14:32:47:785501, 3, 4, 1632706367.7852457, 59, GPS(-43.520691, 172.582877, 21.547669, var=[1.0, 1.0, 1.0]), 52.256342061837614, GPS(-43.520600, 172.583000, 0.000000, var=[-1.0, -1.0, -1.0])
14:32:47:785568, 4, 4, 1632706367.785165, 56, GPS(-43.520691, 172.583125, 21.522721, var=[1.0, 1.0, 1.0]), 52.284209657671695, GPS(-43.520600, 172.583000, 0.000000, var=[-1.0, -1.0, -1.0])
14:32:48:786255, 1, 2, 1632706368.7861226, 60, GPS(-43.520511, 172.582876, 21.519956, var=[1.0, 1.0, 1.0]), 52.230131363449914, GPS(-43.520600, 172.583000, 0.000000, var=[-1.0, -1.0, -1.0])
14:32:48:786339, 4, 4, 1632706368.7862434, 57, GPS(-43.520691, 172.583124, 21.537721, var=[1.0, 1.0, 1.0]), 52.31705654698438, GPS(-43.520600, 172.583000, 0.000000, var=[-1.0, -1.0, -1.0])
14:32:48:787503, 3, 4, 1632706368.7863333, 60, GPS(-43.520691, 172.582877, 21.568669, var=[1.0, 1.0, 1.0]), 52.30608594946473, GPS(-43.520600, 172.583000, 0.000000, var=[-1.0, -1.0, -1.0])
14:32:48:787551, 2, 2, 1632706368.7862592, 60, GPS(-43.520509, 172.583129, 21.530012, var=[1.0, 1.0, 1.0]), 52.46912378933972, GPS(-43.520600, 172.583000, 0.000000, var=[-1.0, -1.0, -1.0])
14:32:48:824247, 2, 2, 1632706368.8241024, 61, GPS(-43.520509, 172.583129, 21.530012, var=[1.0, 1.0, 1.0]), 52.5002183670223, GPS(-43.520600, 172.583000, 0.000000, var=[-1.0, -1.0, -1.0])
14:32:48:826321, 3, 4, 1632706368.8261712, 61, GPS(-43.520691, 172.582877, 21.568669, var=[1.0, 1.0, 1.0]), 52.340278664614715, GPS(-43.520600, 172.583000, 0.000000, var=[-1.0, -1.0, -1.0])
14:32:48:826531, 1, 2, 1632706368.8264065, 61, GPS(-43.520511, 172.582876, 21.519956, var=[1.0, 1.0, 1.0]), 52.261225941132494, GPS(-43.520600, 172.583000, 0.000000, var=[-1.0, -1.0, -1.0])
14:32:48:831704, 4, 4, 1632706368.8315752, 58, GPS(-43.520691, 172.583124, 21.537721, var=[1.0, 1.0, 1.0]), 52.348151124666956, GPS(-43.520600, 172.583000, 0.000000, var=[-1.0, -1.0, -1.0])
14:32:49:824867, 2, 2, 1632706369.8247156, 62, GPS(-43.520509, 172.583129, 21.544012, var=[1.0, 1.0, 1.0]), 52.509720487666, GPS(-43.520600, 172.583000, 0.000000, var=[-1.0, -1.0, -1.0])
14:32:49:827902, 3, 4, 1632706369.8277924, 62, GPS(-43.520691, 172.582877, 21.575668, var=[1.0, 1.0, 1.0]), 52.355687690542766, GPS(-43.520600, 172.583000, 0.000000, var=[-1.0, -1.0, -1.0])
14:32:49:828165, 1, 2, 1632706369.8280675, 62, GPS(-43.520511, 172.582876, 21.537955, var=[1.0, 1.0, 1.0]), 52.27101329860296, GPS(-43.520600, 172.583000, 0.000000, var=[-1.0, -1.0, -1.0])
14:32:49:832851, 4, 4, 1632706369.8327308, 59, GPS(-43.520691, 172.583124, 21.558721, var=[1.0, 1.0, 1.0]), 52.36467792934481, GPS(-43.520600, 172.583000, 0.000000, var=[-1.0, -1.0, -1.0])
14:32:49:864950, 3, 4, 1632706369.864684, 63, GPS(-43.520691, 172.582877, 21.573668, var=[1.0, 1.0, 1.0]), 52.36506989052292, GPS(-43.520600, 172.583000, 0.000000, var=[-1.0, -1.0, -1.0])
14:32:49:866066, 1, 2, 1632706369.865957, 63, GPS(-43.520511, 172.582876, 21.538955, var=[1.0, 1.0, 1.0]), 52.28290380197193, GPS(-43.520600, 172.583000, 0.000000, var=[-1.0, -1.0, -1.0])
14:32:49:870066, 2, 2, 1632706369.86994, 63, GPS(-43.520509, 172.583129, 21.543012, var=[1.0, 1.0, 1.0]), 52.51994452420983, GPS(-43.520600, 172.583000, 0.000000, var=[-1.0, -1.0, -1.0])
14:32:49:871976, 4, 4, 1632706369.8718753, 60, GPS(-43.520691, 172.583124, 21.559721, var=[1.0, 1.0, 1.0]), 52.37656620144671, GPS(-43.520600, 172.583000, 0.000000, var=[-1.0, -1.0, -1.0])
14:32:50:865392, 3, 4, 1632706370.8652518, 64, GPS(-43.520691, 172.582877, 21.597668, var=[1.0, 1.0, 1.0]), 52.38598176022445, GPS(-43.520600, 172.583000, 0.000000, var=[-1.0, -1.0, -1.0])
14:32:50:867832, 1, 2, 1632706370.8677337, 64, GPS(-43.520511, 172.582876, 21.542955, var=[1.0, 1.0, 1.0]), 52.28098299603137, GPS(-43.520600, 172.583000, 0.000000, var=[-1.0, -1.0, -1.0])
14:32:50:871968, 2, 4, 1632706370.871857, 64, GPS(-43.520509, 172.583129, 21.567011, var=[1.0, 1.0, 1.0]), 52.529192570322664, GPS(-43.520600, 172.583000, 0.000000, var=[-1.0, -1.0, -1.0])
14:32:50:872381, 4, 4, 1632706370.8722932, 61, GPS(-43.520691, 172.583124, 21.560720, var=[1.0, 1.0, 1.0]), 52.38508291412464, GPS(-43.520600, 172.583000, 0.000000, var=[-1.0, -1.0, -1.0])
14:32:50:873647, 1, 2, 1632706370.873553, 65, GPS(-43.520511, 172.582876, 21.542955, var=[1.0, 1.0, 1.0]), 52.28098299603137, GPS(-43.520600, 172.583000, 0.000000, var=[-1.0, -1.0, -1.0])
14:32:50:873693, 3, 4, 1632706370.8735826, 65, GPS(-43.520691, 172.582877, 21.597668, var=[1.0, 1.0, 1.0]), 52.38598176022445, GPS(-43.520600, 172.583000, 0.000000, var=[-1.0, -1.0, -1.0])
14:32:50:873773, 2, 4, 1632706370.8735752, 65, GPS(-43.520509, 172.583129, 21.567011, var=[1.0, 1.0, 1.0]), 52.529192570322664, GPS(-43.520600, 172.583000, 0.000000, var=[-1.0, -1.0, -1.0])
14:32:50:903572, 4, 4, 1632706370.9034245, 62, GPS(-43.520691, 172.583124, 21.562720, var=[1.0, 1.0, 1.0]), 52.40081507629621, GPS(-43.520600, 172.583000, 0.000000, var=[-1.0, -1.0, -1.0])
14:32:51:874522, 4, 4, 1632706371.8737862, 63, GPS(-43.520691, 172.583124, 21.589721, var=[1.0, 1.0, 1.0]), 52.42001184822631, GPS(-43.520600, 172.583000, 0.000000, var=[-1.0, -1.0, -1.0])
14:32:51:876177, 1, 2, 1632706371.8737867, 66, GPS(-43.520511, 172.582876, 21.563956, var=[1.0, 1.0, 1.0]), 52.32216499784387, GPS(-43.520600, 172.583000, 0.000000, var=[-1.0, -1.0, -1.0])
14:32:51:876279, 2, 4, 1632706371.8737993, 66, GPS(-43.520509, 172.583129, 21.575012, var=[1.0, 1.0, 1.0]), 52.5595640996709, GPS(-43.520600, 172.583000, 0.000000, var=[-1.0, -1.0, -1.0])
14:32:51:876373, 3, 4, 1632706371.8738654, 66, GPS(-43.520691, 172.582877, 21.615668, var=[1.0, 1.0, 1.0]), 52.416092568937756, GPS(-43.520600, 172.583000, 0.000000, var=[-1.0, -1.0, -1.0])
14:32:52:874180, 2, 4, 1632706372.8740249, 67, GPS(-43.520509, 172.583129, 21.595012, var=[1.0, 1.0, 1.0]), 52.597715616560386, GPS(-43.520600, 172.583000, 0.000000, var=[-1.0, -1.0, -1.0])
14:32:52:874765, 3, 4, 1632706372.8746486, 67, GPS(-43.520691, 172.582877, 21.629669, var=[1.0, 1.0, 1.0]), 52.437455332842035, GPS(-43.520600, 172.583000, 0.000000, var=[-1.0, -1.0, -1.0])
14:32:52:875404, 4, 4, 1632706372.875262, 64, GPS(-43.520691, 172.583124, 21.604721, var=[1.0, 1.0, 1.0]), 52.442204276767164, GPS(-43.520600, 172.583000, 0.000000, var=[-1.0, -1.0, -1.0])
14:32:52:876828, 1, 4, 1632706372.8757, 67, GPS(-43.520511, 172.582876, 21.573956, var=[1.0, 1.0, 1.0]), 52.341398859965025, GPS(-43.520600, 172.583000, 0.000000, var=[-1.0, -1.0, -1.0])
14:32:52:904360, 2, 4, 1632706372.9042192, 68, GPS(-43.520509, 172.583129, 21.596012, var=[1.0, 1.0, 1.0]), 52.61554499429112, GPS(-43.520600, 172.583000, 0.000000, var=[-1.0, -1.0, -1.0])
14:32:52:907439, 4, 4, 1632706372.9072835, 65, GPS(-43.520691, 172.583124, 21.606721, var=[1.0, 1.0, 1.0]), 52.460874307565334, GPS(-43.520600, 172.583000, 0.000000, var=[-1.0, -1.0, -1.0])
14:32:52:951428, 3, 4, 1632706372.9512892, 68, GPS(-43.520691, 172.582877, 21.629669, var=[1.0, 1.0, 1.0]), 52.45645473614471, GPS(-43.520600, 172.583000, 0.000000, var=[-1.0, -1.0, -1.0])
14:32:52:952171, 1, 4, 1632706372.9520729, 68, GPS(-43.520511, 172.582876, 21.578956, var=[1.0, 1.0, 1.0]), 52.36885766696912, GPS(-43.520600, 172.583000, 0.000000, var=[-1.0, -1.0, -1.0])
14:32:53:904920, 2, 4, 1632706373.9047933, 69, GPS(-43.520509, 172.583129, 21.613012, var=[1.0, 1.0, 1.0]), 52.63165525874193, GPS(-43.520600, 172.583000, 0.000000, var=[-1.0, -1.0, -1.0])
14:32:53:908093, 4, 4, 1632706373.9079823, 66, GPS(-43.520691, 172.583125, 21.633721, var=[1.0, 1.0, 1.0]), 52.490497060348815, GPS(-43.520600, 172.583000, 0.000000, var=[-1.0, -1.0, -1.0])
14:32:53:935847, 4, 4, 1632706373.9356399, 67, GPS(-43.520691, 172.583125, 21.632721, var=[1.0, 1.0, 1.0]), 52.50349776174082, GPS(-43.520600, 172.583000, 0.000000, var=[-1.0, -1.0, -1.0])
14:32:53:937603, 1, 4, 1632706373.937027, 69, GPS(-43.520511, 172.582876, 21.594956, var=[1.0, 1.0, 1.0]), 52.39922639778679, GPS(-43.520600, 172.583000, 0.000000, var=[-1.0, -1.0, -1.0])
14:32:53:973274, 2, 4, 1632706373.9731376, 70, GPS(-43.520509, 172.583129, 21.614012, var=[1.0, 1.0, 1.0]), 52.646321526778564, GPS(-43.520600, 172.583000, 0.000000, var=[-1.0, -1.0, -1.0])
14:32:53:974137, 3, 4, 1632706373.974013, 69, GPS(-43.520691, 172.582877, 21.640669, var=[1.0, 1.0, 1.0]), 52.46585914266096, GPS(-43.520600, 172.583000, 0.000000, var=[-1.0, -1.0, -1.0])
14:32:54:937366, 4, 4, 1632706374.937191, 68, GPS(-43.520691, 172.583125, 21.644721, var=[1.0, 1.0, 1.0]), 52.51352380975365, GPS(-43.520600, 172.583000, 0.000000, var=[-1.0, -1.0, -1.0])
14:32:54:939723, 4, 4, 1632706374.9380672, 69, GPS(-43.520691, 172.583125, 21.644721, var=[1.0, 1.0, 1.0]), 52.51352380975365, GPS(-43.520600, 172.583000, 0.000000, var=[-1.0, -1.0, -1.0])
14:32:54:940998, 1, 4, 1632706374.938052, 70, GPS(-43.520511, 172.582876, 21.606956, var=[1.0, 1.0, 1.0]), 52.41041447507142, GPS(-43.520600, 172.583000, 0.000000, var=[-1.0, -1.0, -1.0])
14:32:54:941061, 3, 4, 1632706374.938194, 70, GPS(-43.520691, 172.582877, 21.641669, var=[1.0, 1.0, 1.0]), 52.45742052329537, GPS(-43.520600, 172.583000, 0.000000, var=[-1.0, -1.0, -1.0])
14:32:54:941116, 2, 4, 1632706374.9382746, 71, GPS(-43.520509, 172.583129, 21.628012, var=[1.0, 1.0, 1.0]), 52.66437308114145, GPS(-43.520600, 172.583000, 0.000000, var=[-1.0, -1.0, -1.0])
14:32:55:939193, 1, 4, 1632706375.939065, 71, GPS(-43.520511, 172.582876, 21.618956, var=[1.0, 1.0, 1.0]), 52.414783307861526, GPS(-43.520600, 172.583000, 0.000000, var=[-1.0, -1.0, -1.0])
14:32:55:939954, 1, 4, 1632706375.9398518, 72, GPS(-43.520511, 172.582876, 21.618956, var=[1.0, 1.0, 1.0]), 52.414783307861526, GPS(-43.520600, 172.583000, 0.000000, var=[-1.0, -1.0, -1.0])
14:32:55:940119, 2, 4, 1632706375.9399033, 72, GPS(-43.520509, 172.583129, 21.635012, var=[1.0, 1.0, 1.0]), 52.67815821129753, GPS(-43.520600, 172.583000, 0.000000, var=[-1.0, -1.0, -1.0])
14:32:55:940160, 3, 4, 1632706375.9398854, 71, GPS(-43.520691, 172.582877, 21.654669, var=[1.0, 1.0, 1.0]), 52.48370675905957, GPS(-43.520600, 172.583000, 0.000000, var=[-1.0, -1.0, -1.0])
14:32:55:940261, 4, 4, 1632706375.9398727, 70, GPS(-43.520691, 172.583125, 21.647721, var=[1.0, 1.0, 1.0]), 52.525195614703435, GPS(-43.520600, 172.583000, 0.000000, var=[-1.0, -1.0, -1.0])
14:32:56:940186, 1, 4, 1632706376.940058, 73, GPS(-43.520511, 172.582876, 21.629956, var=[1.0, 1.0, 1.0]), 52.42762374793148, GPS(-43.520600, 172.583000, 0.000000, var=[-1.0, -1.0, -1.0])
14:32:56:941383, 2, 4, 1632706376.941285, 73, GPS(-43.520509, 172.583129, 21.646012, var=[1.0, 1.0, 1.0]), 52.691988020727194, GPS(-43.520600, 172.583000, 0.000000, var=[-1.0, -1.0, -1.0])
14:32:56:941563, 1, 4, 1632706376.9414434, 74, GPS(-43.520511, 172.582876, 21.629956, var=[1.0, 1.0, 1.0]), 52.42762374793148, GPS(-43.520600, 172.583000, 0.000000, var=[-1.0, -1.0, -1.0])
14:32:56:942518, 3, 4, 1632706376.9414206, 72, GPS(-43.520691, 172.582877, 21.666668, var=[1.0, 1.0, 1.0]), 52.51455206187947, GPS(-43.520600, 172.583000, 0.000000, var=[-1.0, -1.0, -1.0])
14:32:56:943795, 2, 4, 1632706376.9414687, 74, GPS(-43.520509, 172.583129, 21.646012, var=[1.0, 1.0, 1.0]), 52.691988020727194, GPS(-43.520600, 172.583000, 0.000000, var=[-1.0, -1.0, -1.0])
14:32:56:944741, 4, 4, 1632706376.9414542, 71, GPS(-43.520691, 172.583125, 21.643721, var=[1.0, 1.0, 1.0]), 52.53400952067676, GPS(-43.520600, 172.583000, 0.000000, var=[-1.0, -1.0, -1.0])
14:32:56:946600, 3, 4, 1632706376.9415495, 73, GPS(-43.520691, 172.582877, 21.666668, var=[1.0, 1.0, 1.0]), 52.51455206187947, GPS(-43.520600, 172.583000, 0.000000, var=[-1.0, -1.0, -1.0])
14:32:57:941760, 4, 4, 1632706377.941625, 72, GPS(-43.520691, 172.583125, 21.645720, var=[1.0, 1.0, 1.0]), 52.5410785542595, GPS(-43.520600, 172.583000, 0.000000, var=[-1.0, -1.0, -1.0])
14:32:57:943990, 1, 4, 1632706377.9416878, 75, GPS(-43.520511, 172.582876, 21.630955, var=[1.0, 1.0, 1.0]), 52.430332322216785, GPS(-43.520600, 172.583000, 0.000000, var=[-1.0, -1.0, -1.0])
14:32:57:967563, 3, 4, 1632706377.9673657, 74, GPS(-43.520691, 172.582877, 21.653668, var=[1.0, 1.0, 1.0]), 52.51426170527887, GPS(-43.520600, 172.583000, 0.000000, var=[-1.0, -1.0, -1.0])
14:32:57:968761, 3, 4, 1632706377.9677575, 75, GPS(-43.520691, 172.582877, 21.653668, var=[1.0, 1.0, 1.0]), 52.51426170527887, GPS(-43.520600, 172.583000, 0.000000, var=[-1.0, -1.0, -1.0])
14:32:57:971959, 2, 4, 1632706377.9717903, 75, GPS(-43.520509, 172.583129, 21.645012, var=[1.0, 1.0, 1.0]), 52.693198115450656, GPS(-43.520600, 172.583000, 0.000000, var=[-1.0, -1.0, -1.0])
14:32:57:973307, 2, 4, 1632706377.972159, 76, GPS(-43.520509, 172.583129, 21.645012, var=[1.0, 1.0, 1.0]), 52.693198115450656, GPS(-43.520600, 172.583000, 0.000000, var=[-1.0, -1.0, -1.0])
14:32:57:974456, 4, 4, 1632706377.974268, 73, GPS(-43.520691, 172.583125, 21.644720, var=[1.0, 1.0, 1.0]), 52.54039145024947, GPS(-43.520600, 172.583000, 0.000000, var=[-1.0, -1.0, -1.0])
14:32:57:976824, 1, 4, 1632706377.9744394, 76, GPS(-43.520511, 172.582876, 21.629955, var=[1.0, 1.0, 1.0]), 52.429642204710305, GPS(-43.520600, 172.583000, 0.000000, var=[-1.0, -1.0, -1.0])
14:32:58:968526, 3, 4, 1632706378.9683359, 76, GPS(-43.520691, 172.582877, 21.639668, var=[1.0, 1.0, 1.0]), 52.503551165370226, GPS(-43.520600, 172.583000, 0.000000, var=[-1.0, -1.0, -1.0])
14:32:58:973261, 2, 4, 1632706378.9731364, 77, GPS(-43.520509, 172.583129, 21.638012, var=[1.0, 1.0, 1.0]), 52.68195226847479, GPS(-43.520600, 172.583000, 0.000000, var=[-1.0, -1.0, -1.0])
14:32:58:975541, 4, 4, 1632706378.9752417, 74, GPS(-43.520691, 172.583124, 21.632721, var=[1.0, 1.0, 1.0]), 52.52390856463224, GPS(-43.520600, 172.583000, 0.000000, var=[-1.0, -1.0, -1.0])
14:32:58:977743, 4, 4, 1632706378.9761176, 75, GPS(-43.520691, 172.583124, 21.632721, var=[1.0, 1.0, 1.0]), 52.52390856463224, GPS(-43.520600, 172.583000, 0.000000, var=[-1.0, -1.0, -1.0])
14:32:58:979444, 1, 4, 1632706378.9761114, 77, GPS(-43.520511, 172.582876, 21.614955, var=[1.0, 1.0, 1.0]), 52.41694489867727, GPS(-43.520600, 172.583000, 0.000000, var=[-1.0, -1.0, -1.0])
14:32:58:980624, 2, 4, 1632706378.9761407, 78, GPS(-43.520509, 172.583129, 21.638012, var=[1.0, 1.0, 1.0]), 52.68195226847479, GPS(-43.520600, 172.583000, 0.000000, var=[-1.0, -1.0, -1.0])
14:32:58:981387, 3, 4, 1632706378.9761674, 77, GPS(-43.520691, 172.582877, 21.639668, var=[1.0, 1.0, 1.0]), 52.503551165370226, GPS(-43.520600, 172.583000, 0.000000, var=[-1.0, -1.0, -1.0])
14:32:59:976654, 4, 4, 1632706379.976528, 76, GPS(-43.520691, 172.583124, 21.621720, var=[1.0, 1.0, 1.0]), 52.50100981103304, GPS(-43.520600, 172.583000, 0.000000, var=[-1.0, -1.0, -1.0])
14:32:59:978740, 4, 4, 1632706379.9769633, 77, GPS(-43.520691, 172.583124, 21.621720, var=[1.0, 1.0, 1.0]), 52.50100981103304, GPS(-43.520600, 172.583000, 0.000000, var=[-1.0, -1.0, -1.0])
14:32:59:981178, 1, 4, 1632706379.9766932, 78, GPS(-43.520511, 172.582876, 21.595955, var=[1.0, 1.0, 1.0]), 52.38722582936876, GPS(-43.520600, 172.583000, 0.000000, var=[-1.0, -1.0, -1.0])
14:32:59:982104, 3, 4, 1632706379.9769812, 78, GPS(-43.520691, 172.582877, 21.630669, var=[1.0, 1.0, 1.0]), 52.47550073392068, GPS(-43.520600, 172.583000, 0.000000, var=[-1.0, -1.0, -1.0])
14:32:59:983034, 2, 4, 1632706379.9769762, 79, GPS(-43.520509, 172.583129, 21.631012, var=[1.0, 1.0, 1.0]), 52.66011379857153, GPS(-43.520600, 172.583000, 0.000000, var=[-1.0, -1.0, -1.0])
14:32:59:983980, 1, 4, 1632706379.9769573, 79, GPS(-43.520511, 172.582876, 21.595955, var=[1.0, 1.0, 1.0]), 52.38722582936876, GPS(-43.520600, 172.583000, 0.000000, var=[-1.0, -1.0, -1.0])
14:33:00:977423, 2, 4, 1632706380.9772947, 80, GPS(-43.520509, 172.583129, 21.615012, var=[1.0, 1.0, 1.0]), 52.62747847788331, GPS(-43.520600, 172.583000, 0.000000, var=[-1.0, -1.0, -1.0])
14:33:00:978553, 2, 4, 1632706380.977995, 81, GPS(-43.520509, 172.583129, 21.615012, var=[1.0, 1.0, 1.0]), 52.62747847788331, GPS(-43.520600, 172.583000, 0.000000, var=[-1.0, -1.0, -1.0])
14:33:00:979341, 1, 4, 1632706380.9779906, 80, GPS(-43.520511, 172.582876, 21.593955, var=[1.0, 1.0, 1.0]), 52.38316886144112, GPS(-43.520600, 172.583000, 0.000000, var=[-1.0, -1.0, -1.0])
14:33:00:980251, 4, 4, 1632706380.978004, 78, GPS(-43.520691, 172.583124, 21.612720, var=[1.0, 1.0, 1.0]), 52.47745468933493, GPS(-43.520600, 172.583000, 0.000000, var=[-1.0, -1.0, -1.0])
14:33:00:982304, 3, 4, 1632706380.978014, 79, GPS(-43.520691, 172.582877, 21.611669, var=[1.0, 1.0, 1.0]), 52.445450423974904, GPS(-43.520600, 172.583000, 0.000000, var=[-1.0, -1.0, -1.0])
14:33:01:978371, 3, 4, 1632706381.978237, 80, GPS(-43.520691, 172.582876, 21.599669, var=[1.0, 1.0, 1.0]), 52.43051828062865, GPS(-43.520600, 172.583000, 0.000000, var=[-1.0, -1.0, -1.0])
14:33:01:979634, 2, 4, 1632706381.979499, 82, GPS(-43.520509, 172.583129, 21.602012, var=[1.0, 1.0, 1.0]), 52.60668669994861, GPS(-43.520600, 172.583000, 0.000000, var=[-1.0, -1.0, -1.0])
14:33:01:980787, 4, 4, 1632706381.9783442, 79, GPS(-43.520691, 172.583124, 21.589721, var=[1.0, 1.0, 1.0]), 52.4427981955302, GPS(-43.520600, 172.583000, 0.000000, var=[-1.0, -1.0, -1.0])
14:33:01:983068, 1, 4, 1632706381.9783692, 81, GPS(-43.520511, 172.582875, 21.579956, var=[1.0, 1.0, 1.0]), 52.37829712762725, GPS(-43.520600, 172.583000, 0.000000, var=[-1.0, -1.0, -1.0])
14:33:01:984183, 3, 4, 1632706381.9815054, 81, GPS(-43.520691, 172.582876, 21.599669, var=[1.0, 1.0, 1.0]), 52.43051828062865, GPS(-43.520600, 172.583000, 0.000000, var=[-1.0, -1.0, -1.0])
14:33:01:985188, 2, 4, 1632706381.9814832, 83, GPS(-43.520509, 172.583129, 21.602012, var=[1.0, 1.0, 1.0]), 52.60668669994861, GPS(-43.520600, 172.583000, 0.000000, var=[-1.0, -1.0, -1.0])
14:33:01:986765, 4, 4, 1632706381.9814682, 80, GPS(-43.520691, 172.583124, 21.589721, var=[1.0, 1.0, 1.0]), 52.4427981955302, GPS(-43.520600, 172.583000, 0.000000, var=[-1.0, -1.0, -1.0])
14:33:01:991458, 1, 4, 1632706381.981452, 82, GPS(-43.520511, 172.582875, 21.579956, var=[1.0, 1.0, 1.0]), 52.37829712762725, GPS(-43.520600, 172.583000, 0.000000, var=[-1.0, -1.0, -1.0])
14:33:02:981894, 3, 4, 1632706382.981746, 82, GPS(-43.520691, 172.582876, 21.576669, var=[1.0, 1.0, 1.0]), 52.37853097585585, GPS(-43.520600, 172.583000, 0.000000, var=[-1.0, -1.0, -1.0])
14:33:02:983066, 3, 4, 1632706382.982119, 83, GPS(-43.520691, 172.582876, 21.576669, var=[1.0, 1.0, 1.0]), 52.37853097585585, GPS(-43.520600, 172.583000, 0.000000, var=[-1.0, -1.0, -1.0])
14:33:02:983847, 2, 4, 1632706382.9818225, 84, GPS(-43.520509, 172.583129, 21.583012, var=[1.0, 1.0, 1.0]), 52.56683601910307, GPS(-43.520600, 172.583000, 0.000000, var=[-1.0, -1.0, -1.0])
14:33:02:984764, 4, 4, 1632706382.9819677, 81, GPS(-43.520691, 172.583124, 21.577721, var=[1.0, 1.0, 1.0]), 52.411829617932725, GPS(-43.520600, 172.583000, 0.000000, var=[-1.0, -1.0, -1.0])
14:33:02:988248, 1, 4, 1632706382.9821002, 83, GPS(-43.520511, 172.582875, 21.563956, var=[1.0, 1.0, 1.0]), 52.337688433640245, GPS(-43.520600, 172.583000, 0.000000, var=[-1.0, -1.0, -1.0])
14:33:02:990890, 4, 4, 1632706382.9821284, 82, GPS(-43.520691, 172.583124, 21.577721, var=[1.0, 1.0, 1.0]), 52.411829617932725, GPS(-43.520600, 172.583000, 0.000000, var=[-1.0, -1.0, -1.0])
14:33:02:995492, 2, 4, 1632706382.982129, 85, GPS(-43.520509, 172.583129, 21.583012, var=[1.0, 1.0, 1.0]), 52.56683601910307, GPS(-43.520600, 172.583000, 0.000000, var=[-1.0, -1.0, -1.0])
14:33:03:982322, 3, 4, 1632706383.982176, 84, GPS(-43.520691, 172.582877, 21.560669, var=[1.0, 1.0, 1.0]), 52.32807230230587, GPS(-43.520600, 172.583000, 0.000000, var=[-1.0, -1.0, -1.0])
14:33:03:983390, 1, 4, 1632706383.9825237, 84, GPS(-43.520511, 172.582876, 21.536956, var=[1.0, 1.0, 1.0]), 52.275534523558406, GPS(-43.520600, 172.583000, 0.000000, var=[-1.0, -1.0, -1.0])
14:33:03:984123, 2, 4, 1632706383.982278, 86, GPS(-43.520509, 172.583129, 21.555012, var=[1.0, 1.0, 1.0]), 52.514597626003884, GPS(-43.520600, 172.583000, 0.000000, var=[-1.0, -1.0, -1.0])
14:33:03:984798, 4, 4, 1632706383.9824665, 83, GPS(-43.520691, 172.583125, 21.562721, var=[1.0, 1.0, 1.0]), 52.37223599667153, GPS(-43.520600, 172.583000, 0.000000, var=[-1.0, -1.0, -1.0])
14:33:04:011667, 2, 4, 1632706384.0114827, 87, GPS(-43.520509, 172.583129, 21.554012, var=[1.0, 1.0, 1.0]), 52.51273725402535, GPS(-43.520600, 172.583000, 0.000000, var=[-1.0, -1.0, -1.0])
14:33:04:015002, 1, 4, 1632706384.0147812, 85, GPS(-43.520511, 172.582876, 21.535956, var=[1.0, 1.0, 1.0]), 52.273667145123596, GPS(-43.520600, 172.583000, 0.000000, var=[-1.0, -1.0, -1.0])
14:33:04:016232, 3, 4, 1632706384.0148008, 85, GPS(-43.520691, 172.582877, 21.560669, var=[1.0, 1.0, 1.0]), 52.32704173056808, GPS(-43.520600, 172.583000, 0.000000, var=[-1.0, -1.0, -1.0])
14:33:04:021718, 4, 4, 1632706384.0214763, 84, GPS(-43.520691, 172.583125, 21.561721, var=[1.0, 1.0, 1.0]), 52.37037075332654, GPS(-43.520600, 172.583000, 0.000000, var=[-1.0, -1.0, -1.0])
14:33:05:013168, 2, 4, 1632706385.012592, 88, GPS(-43.520509, 172.583128, 21.544012, var=[1.0, 1.0, 1.0]), 52.50556169755485, GPS(-43.520600, 172.583000, 0.000000, var=[-1.0, -1.0, -1.0])
14:33:05:015953, 1, 4, 1632706385.015821, 86, GPS(-43.520511, 172.582876, 21.510956, var=[1.0, 1.0, 1.0]), 52.24646495372925, GPS(-43.520600, 172.583000, 0.000000, var=[-1.0, -1.0, -1.0])
14:33:05:017049, 3, 4, 1632706385.0166926, 86, GPS(-43.520691, 172.582877, 21.549669, var=[1.0, 1.0, 1.0]), 52.323451812348345, GPS(-43.520600, 172.583000, 0.000000, var=[-1.0, -1.0, -1.0])
14:33:05:024370, 1, 4, 1632706385.02337, 87, GPS(-43.520511, 172.582876, 21.510956, var=[1.0, 1.0, 1.0]), 52.24646495372925, GPS(-43.520600, 172.583000, 0.000000, var=[-1.0, -1.0, -1.0])
14:33:05:025480, 2, 4, 1632706385.0233839, 89, GPS(-43.520509, 172.583128, 21.544012, var=[1.0, 1.0, 1.0]), 52.50556169755485, GPS(-43.520600, 172.583000, 0.000000, var=[-1.0, -1.0, -1.0])
14:33:05:026554, 3, 4, 1632706385.0233996, 87, GPS(-43.520691, 172.582877, 21.549669, var=[1.0, 1.0, 1.0]), 52.323451812348345, GPS(-43.520600, 172.583000, 0.000000, var=[-1.0, -1.0, -1.0])
14:33:05:027376, 4, 4, 1632706385.0233796, 85, GPS(-43.520691, 172.583125, 21.531721, var=[1.0, 1.0, 1.0]), 52.348475970778125, GPS(-43.520600, 172.583000, 0.000000, var=[-1.0, -1.0, -1.0])
14:33:06:023764, 2, 4, 1632706386.0236027, 90, GPS(-43.520509, 172.583129, 21.538012, var=[1.0, 1.0, 1.0]), 52.486537389079835, GPS(-43.520600, 172.583000, 0.000000, var=[-1.0, -1.0, -1.0])
14:33:06:024942, 3, 4, 1632706386.0247521, 88, GPS(-43.520691, 172.582877, 21.546669, var=[1.0, 1.0, 1.0]), 52.28669307241622, GPS(-43.520600, 172.583000, 0.000000, var=[-1.0, -1.0, -1.0])
14:33:06:026125, 1, 4, 1632706386.0237997, 88, GPS(-43.520511, 172.582876, 21.508956, var=[1.0, 1.0, 1.0]), 52.210460813363, GPS(-43.520600, 172.583000, 0.000000, var=[-1.0, -1.0, -1.0])
14:33:06:027038, 4, 4, 1632706386.0247624, 86, GPS(-43.520691, 172.583125, 21.546721, var=[1.0, 1.0, 1.0]), 52.331742624856126, GPS(-43.520600, 172.583000, 0.000000, var=[-1.0, -1.0, -1.0])
14:33:06:055827, 1, 4, 1632706386.055608, 89, GPS(-43.520511, 172.582876, 21.508956, var=[1.0, 1.0, 1.0]), 52.21043753619641, GPS(-43.520600, 172.583000, 0.000000, var=[-1.0, -1.0, -1.0])
14:33:06:056910, 4, 4, 1632706386.0556905, 87, GPS(-43.520691, 172.583125, 21.546721, var=[1.0, 1.0, 1.0]), 52.33171934768953, GPS(-43.520600, 172.583000, 0.000000, var=[-1.0, -1.0, -1.0])
14:33:06:059005, 3, 4, 1632706386.056933, 89, GPS(-43.520691, 172.582877, 21.545669, var=[1.0, 1.0, 1.0]), 52.28583391816558, GPS(-43.520600, 172.583000, 0.000000, var=[-1.0, -1.0, -1.0])
14:33:06:108052, 2, 4, 1632706386.1079228, 91, GPS(-43.520509, 172.583129, 21.536012, var=[1.0, 1.0, 1.0]), 52.48385592398501, GPS(-43.520600, 172.583000, 0.000000, var=[-1.0, -1.0, -1.0])
14:33:07:057276, 3, 4, 1632706387.057132, 90, GPS(-43.520691, 172.582877, 21.533669, var=[1.0, 1.0, 1.0]), 52.281005490901066, GPS(-43.520600, 172.583000, 0.000000, var=[-1.0, -1.0, -1.0])
14:33:07:058617, 3, 4, 1632706387.0582519, 91, GPS(-43.520691, 172.582877, 21.533669, var=[1.0, 1.0, 1.0]), 52.281005490901066, GPS(-43.520600, 172.583000, 0.000000, var=[-1.0, -1.0, -1.0])
14:33:07:059451, 1, 4, 1632706387.0574965, 90, GPS(-43.520511, 172.582876, 21.505956, var=[1.0, 1.0, 1.0]), 52.20264677064174, GPS(-43.520600, 172.583000, 0.000000, var=[-1.0, -1.0, -1.0])
14:33:07:101537, 4, 4, 1632706387.0575287, 88, GPS(-43.520691, 172.583125, 21.539721, var=[1.0, 1.0, 1.0]), 52.33235827597259, GPS(-43.520600, 172.583000, 0.000000, var=[-1.0, -1.0, -1.0])
STOP: 09/27/2021 14:33:07:104262
