START: 09/16/2021 21:30:38:749745
TIME,            RX_ID,          STATE,          TIMESTAMP,          SEQ_NO,          RX_COORDS,          RANGE_READING,          TARGET_COORDS,          
21:30:51:055897, 1, 1, 1631784651.024336, 406, GPS(-43.520556, 172.582939, 21.465897, var=[1.0, 1.0, 1.0]), 37.56792999561841, GPS(-43.520600, 172.583000, 0.000000, var=[-1.0, -1.0, -1.0])
21:30:51:057380, 4, 1, 1631784651.0253453, 406, GPS(-43.520645, 172.583063, 21.465781, var=[1.0, 1.0, 1.0]), 37.606262587362565, GPS(-43.520600, 172.583000, 0.000000, var=[-1.0, -1.0, -1.0])
21:30:51:058078, 3, 1, 1631784651.0243647, 406, GPS(-43.520646, 172.582938, 21.460753, var=[1.0, 1.0, 1.0]), 37.62117699826951, GPS(-43.520600, 172.583000, 0.000000, var=[-1.0, -1.0, -1.0])
21:30:51:058732, 2, 1, 1631784651.0251381, 406, GPS(-43.520556, 172.583062, 21.454923, var=[1.0, 1.0, 1.0]), 37.57114775862814, GPS(-43.520600, 172.583000, 0.000000, var=[-1.0, -1.0, -1.0])
21:30:51:099761, 1, 1, 1631784651.096584, 407, GPS(-43.520556, 172.582939, 21.465897, var=[1.0, 1.0, 1.0]), 49.01480003225777, GPS(-43.520600, 172.583000, 0.000000, var=[-1.0, -1.0, -1.0])
21:30:51:100893, 2, 1, 1631784651.0965788, 407, GPS(-43.520556, 172.583062, 21.455923, var=[1.0, 1.0, 1.0]), 49.01896834377189, GPS(-43.520600, 172.583000, 0.000000, var=[-1.0, -1.0, -1.0])
21:30:51:101747, 3, 1, 1631784651.0965924, 407, GPS(-43.520646, 172.582938, 21.460753, var=[1.0, 1.0, 1.0]), 49.06804703490887, GPS(-43.520600, 172.583000, 0.000000, var=[-1.0, -1.0, -1.0])
21:30:51:102419, 4, 1, 1631784651.0965853, 407, GPS(-43.520645, 172.583063, 21.465781, var=[1.0, 1.0, 1.0]), 49.05313262400192, GPS(-43.520600, 172.583000, 0.000000, var=[-1.0, -1.0, -1.0])
21:30:52:099033, 4, 1, 1631784652.096753, 408, GPS(-43.520645, 172.583063, 21.460781, var=[1.0, 1.0, 1.0]), 49.05003321178829, GPS(-43.520600, 172.583000, 0.000000, var=[-1.0, -1.0, -1.0])
21:30:52:099836, 1, 1, 1631784652.097812, 408, GPS(-43.520556, 172.582938, 21.462897, var=[1.0, 1.0, 1.0]), 49.017135793831144, GPS(-43.520600, 172.583000, 0.000000, var=[-1.0, -1.0, -1.0])
21:30:52:100993, 3, 1, 1631784652.0973067, 408, GPS(-43.520646, 172.582938, 21.464753, var=[1.0, 1.0, 1.0]), 49.0753606660746, GPS(-43.520600, 172.583000, 0.000000, var=[-1.0, -1.0, -1.0])
21:30:52:101774, 2, 1, 1631784652.0984645, 408, GPS(-43.520556, 172.583062, 21.454922, var=[1.0, 1.0, 1.0]), 49.01722430466974, GPS(-43.520600, 172.583000, 0.000000, var=[-1.0, -1.0, -1.0])
21:30:52:138837, 1, 1, 1631784652.1364264, 408, GPS(-43.520556, 172.582938, 21.461897, var=[1.0, 1.0, 1.0]), 49.03918092302521, GPS(-43.520600, 172.583000, 0.000000, var=[-1.0, -1.0, -1.0])
STOP: 09/16/2021 21:30:52:139843
