START: 09/30/2021 20:22:23:939241
TIME,            STATES_LIST,          TARGET_FILT_CART,          TARGET_FILT_GPS,          TARGET_REAL_GPS,          TX_FILT_CART,          TX_FILT_GPS,          TX_REAL_GPS,          MULTILATERATION_ERROR,          MODE,          
20:22:46:620345, [1, 1, 1, 1]1, None, GPS(-43.520600, 172.583000, 0.000000, var=[-1.0, -1.0, -1.0]), GPS(-43.520600, 172.583000, 0.000000, var=[-1.0, -1.0, -1.0]), None, GPS(-43.520600, 172.583000, 15.000000, var=[-1, -1, -1]), GPS(-43.520600, 172.583000, 26.302840, var=[1.0, 1.0, 1.0]), 0.0, OFFBOARD
20:22:47:620767, [1, 1, 1, 1]1, None, GPS(-43.520600, 172.583000, 0.000000, var=[-1.0, -1.0, -1.0]), GPS(-43.520600, 172.583000, 0.000000, var=[-1.0, -1.0, -1.0]), None, GPS(-43.520600, 172.583000, 15.000000, var=[-1, -1, -1]), GPS(-43.520600, 172.583000, 26.296840, var=[1.0, 1.0, 1.0]), 0.0, OFFBOARD
20:22:48:019027, [1, 1, 1, 1]1, None, GPS(-43.520600, 172.583000, 0.000000, var=[-1.0, -1.0, -1.0]), GPS(-43.520600, 172.583000, 0.000000, var=[-1.0, -1.0, -1.0]), None, GPS(-43.520600, 172.583000, 15.000000, var=[-1, -1, -1]), GPS(-43.520600, 172.583000, 26.296840, var=[1.0, 1.0, 1.0]), 0.0, OFFBOARD
20:22:49:020379, [1, 1, 1, 1]1, None, GPS(-43.520600, 172.583000, 0.000000, var=[-1.0, -1.0, -1.0]), GPS(-43.520600, 172.583000, 0.000000, var=[-1.0, -1.0, -1.0]), None, GPS(-43.520600, 172.583000, 15.000000, var=[-1, -1, -1]), GPS(-43.520600, 172.583000, 26.294840, var=[1.0, 1.0, 1.0]), 0.0, OFFBOARD
20:22:49:021758, [1, 1, 1, 1]1, None, GPS(-43.520600, 172.583000, 0.000000, var=[-1.0, -1.0, -1.0]), GPS(-43.520600, 172.583000, 0.000000, var=[-1.0, -1.0, -1.0]), None, GPS(-43.520600, 172.583000, 15.000000, var=[-1, -1, -1]), GPS(-43.520600, 172.583000, 26.294840, var=[1.0, 1.0, 1.0]), 0.0, OFFBOARD
20:22:50:022458, [1, 1, 1, 1]1, None, GPS(-43.520600, 172.583000, 0.000000, var=[-1.0, -1.0, -1.0]), GPS(-43.520600, 172.583000, 0.000000, var=[-1.0, -1.0, -1.0]), None, GPS(-43.520600, 172.583000, 15.000000, var=[-1, -1, -1]), GPS(-43.520600, 172.583000, 26.287840, var=[1.0, 1.0, 1.0]), 0.0, OFFBOARD
20:22:51:023494, [1, 1, 1, 1]1, None, GPS(-43.520600, 172.583000, 0.000000, var=[-1.0, -1.0, -1.0]), GPS(-43.520600, 172.583000, 0.000000, var=[-1.0, -1.0, -1.0]), None, GPS(-43.520600, 172.583000, 15.000000, var=[-1, -1, -1]), GPS(-43.520600, 172.583000, 26.311840, var=[1.0, 1.0, 1.0]), 0.0, OFFBOARD
20:22:51:026288, [1, 1, 1, 1]1, None, GPS(-43.520600, 172.583000, 0.000000, var=[-1.0, -1.0, -1.0]), GPS(-43.520600, 172.583000, 0.000000, var=[-1.0, -1.0, -1.0]), None, GPS(-43.520600, 172.583000, 15.000000, var=[-1, -1, -1]), GPS(-43.520600, 172.583000, 26.311840, var=[1.0, 1.0, 1.0]), 0.0, OFFBOARD
20:22:52:025303, [1, 1, 1, 1]1, None, GPS(-43.520600, 172.583000, 0.000000, var=[-1.0, -1.0, -1.0]), GPS(-43.520600, 172.583000, 0.000000, var=[-1.0, -1.0, -1.0]), None, GPS(-43.520600, 172.583000, 15.000000, var=[-1, -1, -1]), GPS(-43.520600, 172.583000, 26.305840, var=[1.0, 1.0, 1.0]), 0.0, OFFBOARD
20:22:53:025799, [1, 1, 1, 1]1, None, GPS(-43.520600, 172.583000, 0.000000, var=[-1.0, -1.0, -1.0]), GPS(-43.520600, 172.583000, 0.000000, var=[-1.0, -1.0, -1.0]), None, GPS(-43.520600, 172.583000, 15.000000, var=[-1, -1, -1]), GPS(-43.520600, 172.583000, 26.307840, var=[1.0, 1.0, 1.0]), 0.0, OFFBOARD
20:22:53:027359, [1, 1, 1, 1]1, None, GPS(-43.520600, 172.583000, 0.000000, var=[-1.0, -1.0, -1.0]), GPS(-43.520600, 172.583000, 0.000000, var=[-1.0, -1.0, -1.0]), None, GPS(-43.520600, 172.583000, 15.000000, var=[-1, -1, -1]), GPS(-43.520600, 172.583000, 26.307840, var=[1.0, 1.0, 1.0]), 0.0, OFFBOARD
20:22:54:029090, [1, 1, 1, 1]1, None, GPS(-43.520600, 172.583000, 0.000000, var=[-1.0, -1.0, -1.0]), GPS(-43.520600, 172.583000, 0.000000, var=[-1.0, -1.0, -1.0]), None, GPS(-43.520600, 172.583000, 15.000000, var=[-1, -1, -1]), GPS(-43.520600, 172.583000, 26.303840, var=[1.0, 1.0, 1.0]), 0.0, OFFBOARD
20:22:54:030343, [1, 1, 1, 1]1, None, GPS(-43.520600, 172.583000, 0.000000, var=[-1.0, -1.0, -1.0]), GPS(-43.520600, 172.583000, 0.000000, var=[-1.0, -1.0, -1.0]), None, GPS(-43.520600, 172.583000, 15.000000, var=[-1, -1, -1]), GPS(-43.520600, 172.583000, 26.303840, var=[1.0, 1.0, 1.0]), 0.0, OFFBOARD
20:22:55:030583, [1, 1, 1, 1]1, None, GPS(-43.520600, 172.583000, 0.000000, var=[-1.0, -1.0, -1.0]), GPS(-43.520600, 172.583000, 0.000000, var=[-1.0, -1.0, -1.0]), None, GPS(-43.520600, 172.583000, 15.000000, var=[-1, -1, -1]), GPS(-43.520600, 172.583000, 26.296840, var=[1.0, 1.0, 1.0]), 0.0, OFFBOARD
20:22:55:031943, [1, 1, 1, 1]1, None, GPS(-43.520600, 172.583000, 0.000000, var=[-1.0, -1.0, -1.0]), GPS(-43.520600, 172.583000, 0.000000, var=[-1.0, -1.0, -1.0]), None, GPS(-43.520600, 172.583000, 15.000000, var=[-1, -1, -1]), GPS(-43.520600, 172.583000, 26.296840, var=[1.0, 1.0, 1.0]), 0.0, OFFBOARD
20:22:56:033840, [1, 1, 1, 2]1, None, GPS(-43.520600, 172.583000, 0.000000, var=[-1.0, -1.0, -1.0]), GPS(-43.520600, 172.583000, 0.000000, var=[-1.0, -1.0, -1.0]), None, GPS(-43.520600, 172.583000, 15.000000, var=[-1, -1, -1]), GPS(-43.520600, 172.583000, 26.279840, var=[1.0, 1.0, 1.0]), 0.0, OFFBOARD
20:22:57:035339, [1, 1, 1, 2]1, None, GPS(-43.520600, 172.583000, 0.000000, var=[-1.0, -1.0, -1.0]), GPS(-43.520600, 172.583000, 0.000000, var=[-1.0, -1.0, -1.0]), None, GPS(-43.520600, 172.583000, 15.000000, var=[-1, -1, -1]), GPS(-43.520600, 172.583000, 26.275840, var=[1.0, 1.0, 1.0]), 0.0, OFFBOARD
20:22:57:036477, [1, 1, 1, 2]1, None, GPS(-43.520600, 172.583000, 0.000000, var=[-1.0, -1.0, -1.0]), GPS(-43.520600, 172.583000, 0.000000, var=[-1.0, -1.0, -1.0]), None, GPS(-43.520600, 172.583000, 15.000000, var=[-1, -1, -1]), GPS(-43.520600, 172.583000, 26.275840, var=[1.0, 1.0, 1.0]), 0.0, OFFBOARD
20:22:58:036102, [1, 1, 1, 2]1, None, GPS(-43.520600, 172.583000, 0.000000, var=[-1.0, -1.0, -1.0]), GPS(-43.520600, 172.583000, 0.000000, var=[-1.0, -1.0, -1.0]), None, GPS(-43.520600, 172.583000, 15.000000, var=[-1, -1, -1]), GPS(-43.520600, 172.583000, 26.266839, var=[1.0, 1.0, 1.0]), 0.0, OFFBOARD
20:22:58:037361, [1, 1, 2, 2]1, None, GPS(-43.520600, 172.583000, 0.000000, var=[-1.0, -1.0, -1.0]), GPS(-43.520600, 172.583000, 0.000000, var=[-1.0, -1.0, -1.0]), None, GPS(-43.520600, 172.583000, 15.000000, var=[-1, -1, -1]), GPS(-43.520600, 172.583000, 26.266839, var=[1.0, 1.0, 1.0]), 0.0, OFFBOARD
20:22:59:038592, [1, 1, 2, 2]1, None, GPS(-43.520600, 172.583000, 0.000000, var=[-1.0, -1.0, -1.0]), GPS(-43.520600, 172.583000, 0.000000, var=[-1.0, -1.0, -1.0]), None, GPS(-43.520600, 172.583000, 15.000000, var=[-1, -1, -1]), GPS(-43.520600, 172.583000, 26.278839, var=[1.0, 1.0, 1.0]), 0.0, OFFBOARD
20:23:00:039116, [1, 1, 2, 2]1, None, GPS(-43.520600, 172.583000, 0.000000, var=[-1.0, -1.0, -1.0]), GPS(-43.520600, 172.583000, 0.000000, var=[-1.0, -1.0, -1.0]), None, GPS(-43.520600, 172.583000, 15.000000, var=[-1, -1, -1]), GPS(-43.520600, 172.583000, 26.269839, var=[1.0, 1.0, 1.0]), 0.0, OFFBOARD
20:23:00:040003, [1, 1, 2, 2]1, None, GPS(-43.520600, 172.583000, 0.000000, var=[-1.0, -1.0, -1.0]), GPS(-43.520600, 172.583000, 0.000000, var=[-1.0, -1.0, -1.0]), None, GPS(-43.520600, 172.583000, 15.000000, var=[-1, -1, -1]), GPS(-43.520600, 172.583000, 26.269839, var=[1.0, 1.0, 1.0]), 0.0, OFFBOARD
20:23:01:040804, [1, 1, 2, 2]1, None, GPS(-43.520600, 172.583000, 0.000000, var=[-1.0, -1.0, -1.0]), GPS(-43.520600, 172.583000, 0.000000, var=[-1.0, -1.0, -1.0]), None, GPS(-43.520600, 172.583000, 15.000000, var=[-1, -1, -1]), GPS(-43.520600, 172.583000, 26.276839, var=[1.0, 1.0, 1.0]), 0.0, OFFBOARD
20:23:02:042166, [1, 1, 2, 2]1, None, GPS(-43.520600, 172.583000, 0.000000, var=[-1.0, -1.0, -1.0]), GPS(-43.520600, 172.583000, 0.000000, var=[-1.0, -1.0, -1.0]), None, GPS(-43.520600, 172.583000, 15.000000, var=[-1, -1, -1]), GPS(-43.520600, 172.583000, 26.295839, var=[1.0, 1.0, 1.0]), 0.0, OFFBOARD
20:23:03:043311, [1, 2, 2, 2]1, None, GPS(-43.520600, 172.583000, 0.000000, var=[-1.0, -1.0, -1.0]), GPS(-43.520600, 172.583000, 0.000000, var=[-1.0, -1.0, -1.0]), None, GPS(-43.520600, 172.583000, 15.000000, var=[-1, -1, -1]), GPS(-43.520600, 172.583000, 26.306839, var=[1.0, 1.0, 1.0]), 0.0, OFFBOARD
20:23:03:045404, [2, 2, 2, 2]1, None, GPS(-43.520600, 172.583000, 0.000000, var=[-1.0, -1.0, -1.0]), GPS(-43.520600, 172.583000, 0.000000, var=[-1.0, -1.0, -1.0]), None, GPS(-43.520600, 172.583000, 15.000000, var=[-1, -1, -1]), GPS(-43.520600, 172.583000, 26.306839, var=[1.0, 1.0, 1.0]), 0.0, OFFBOARD
20:23:04:045739, [2, 2, 2, 2]2, None, GPS(-43.520600, 172.583000, 0.000000, var=[-1.0, -1.0, -1.0]), GPS(-43.520600, 172.583000, 0.000000, var=[-1.0, -1.0, -1.0]), None, GPS(-43.520600, 172.583000, 15.000000, var=[-1, -1, -1]), GPS(-43.520600, 172.583000, 26.324839, var=[1.0, 1.0, 1.0]), 0.0, OFFBOARD
20:23:05:046665, [2, 2, 2, 2]2, None, GPS(-43.520600, 172.583000, 0.000000, var=[-1.0, -1.0, -1.0]), GPS(-43.520600, 172.583000, 0.000000, var=[-1.0, -1.0, -1.0]), None, GPS(-43.520600, 172.583000, 15.000000, var=[-1, -1, -1]), GPS(-43.520600, 172.583000, 26.339839, var=[1.0, 1.0, 1.0]), 0.0, OFFBOARD
20:23:05:047617, [2, 2, 2, 2]2, None, GPS(-43.520600, 172.583000, 0.000000, var=[-1.0, -1.0, -1.0]), GPS(-43.520600, 172.583000, 0.000000, var=[-1.0, -1.0, -1.0]), None, GPS(-43.520600, 172.583000, 15.000000, var=[-1, -1, -1]), GPS(-43.520600, 172.583000, 26.339839, var=[1.0, 1.0, 1.0]), 0.0, OFFBOARD
20:23:06:048012, [2, 2, 2, 2]2, None, GPS(-43.520600, 172.583000, 0.000000, var=[-1.0, -1.0, -1.0]), GPS(-43.520600, 172.583000, 0.000000, var=[-1.0, -1.0, -1.0]), None, GPS(-43.520600, 172.583000, 15.000000, var=[-1, -1, -1]), GPS(-43.520600, 172.583000, 26.366840, var=[1.0, 1.0, 1.0]), 0.0, OFFBOARD
20:23:07:048456, [2, 2, 2, 3]2, None, GPS(-43.520600, 172.583000, 0.000000, var=[-1.0, -1.0, -1.0]), GPS(-43.520600, 172.583000, 0.000000, var=[-1.0, -1.0, -1.0]), None, GPS(-43.520600, 172.583000, 15.000000, var=[-1, -1, -1]), GPS(-43.520600, 172.583001, 26.375840, var=[1.0, 1.0, 1.0]), 0.0, OFFBOARD
20:23:07:049910, [2, 2, 2, 3]2, None, GPS(-43.520600, 172.583000, 0.000000, var=[-1.0, -1.0, -1.0]), GPS(-43.520600, 172.583000, 0.000000, var=[-1.0, -1.0, -1.0]), None, GPS(-43.520600, 172.583000, 15.000000, var=[-1, -1, -1]), GPS(-43.520600, 172.583001, 26.375840, var=[1.0, 1.0, 1.0]), 0.0, OFFBOARD
20:23:08:050745, [2, 2, 2, 3]2, None, GPS(-43.520600, 172.583000, 0.000000, var=[-1.0, -1.0, -1.0]), GPS(-43.520600, 172.583000, 0.000000, var=[-1.0, -1.0, -1.0]), None, GPS(-43.520600, 172.583000, 15.000000, var=[-1, -1, -1]), GPS(-43.520600, 172.583001, 26.382840, var=[1.0, 1.0, 1.0]), 0.0, OFFBOARD
20:23:09:051052, [2, 2, 2, 3]2, None, GPS(-43.520600, 172.583000, 0.000000, var=[-1.0, -1.0, -1.0]), GPS(-43.520600, 172.583000, 0.000000, var=[-1.0, -1.0, -1.0]), None, GPS(-43.520600, 172.583000, 15.000000, var=[-1, -1, -1]), GPS(-43.520600, 172.583001, 26.407840, var=[1.0, 1.0, 1.0]), 0.0, OFFBOARD
20:23:09:052222, [2, 2, 2, 3]2, None, GPS(-43.520600, 172.583000, 0.000000, var=[-1.0, -1.0, -1.0]), GPS(-43.520600, 172.583000, 0.000000, var=[-1.0, -1.0, -1.0]), None, GPS(-43.520600, 172.583000, 15.000000, var=[-1, -1, -1]), GPS(-43.520600, 172.583001, 26.407840, var=[1.0, 1.0, 1.0]), 0.0, OFFBOARD
20:23:10:052582, [2, 2, 2, 4]2, None, GPS(-43.520600, 172.583000, 0.000000, var=[-1.0, -1.0, -1.0]), GPS(-43.520600, 172.583000, 0.000000, var=[-1.0, -1.0, -1.0]), None, GPS(-43.520600, 172.583000, 15.000000, var=[-1, -1, -1]), GPS(-43.520600, 172.583001, 26.431840, var=[1.0, 1.0, 1.0]), 0.0, OFFBOARD
20:23:11:054735, [2, 2, 2, 4]2, None, GPS(-43.520600, 172.583000, 0.000000, var=[-1.0, -1.0, -1.0]), GPS(-43.520600, 172.583000, 0.000000, var=[-1.0, -1.0, -1.0]), None, GPS(-43.520600, 172.583000, 15.000000, var=[-1, -1, -1]), GPS(-43.520600, 172.583001, 26.444840, var=[1.0, 1.0, 1.0]), 0.0, OFFBOARD
20:23:12:055227, [2, 2, 3, 4]2, None, GPS(-43.520600, 172.583000, 0.000000, var=[-1.0, -1.0, -1.0]), GPS(-43.520600, 172.583000, 0.000000, var=[-1.0, -1.0, -1.0]), None, GPS(-43.520600, 172.583000, 15.000000, var=[-1, -1, -1]), GPS(-43.520600, 172.583000, 26.449840, var=[1.0, 1.0, 1.0]), 0.0, OFFBOARD
20:23:12:056889, [2, 2, 3, 4]2, None, GPS(-43.520600, 172.583000, 0.000000, var=[-1.0, -1.0, -1.0]), GPS(-43.520600, 172.583000, 0.000000, var=[-1.0, -1.0, -1.0]), None, GPS(-43.520600, 172.583000, 15.000000, var=[-1, -1, -1]), GPS(-43.520600, 172.583000, 26.449840, var=[1.0, 1.0, 1.0]), 0.0, OFFBOARD
20:23:13:058243, [3, 3, 3, 4]3, None, GPS(-43.520600, 172.583000, 0.000000, var=[-1.0, -1.0, -1.0]), GPS(-43.520600, 172.583000, 0.000000, var=[-1.0, -1.0, -1.0]), None, GPS(-43.520600, 172.583000, 15.000000, var=[-1, -1, -1]), GPS(-43.520600, 172.583000, 26.451840, var=[1.0, 1.0, 1.0]), 0.0, OFFBOARD
20:23:13:065675, [3, 3, 3, 4]3, None, GPS(-43.520600, 172.583000, 0.000000, var=[-1.0, -1.0, -1.0]), GPS(-43.520600, 172.583000, 0.000000, var=[-1.0, -1.0, -1.0]), None, GPS(-43.520600, 172.583000, 15.000000, var=[-1, -1, -1]), GPS(-43.520600, 172.583000, 26.452840, var=[1.0, 1.0, 1.0]), 0.0, OFFBOARD
20:23:14:059577, [3, 3, 4, 4]3, None, GPS(-43.520600, 172.583000, 0.000000, var=[-1.0, -1.0, -1.0]), GPS(-43.520600, 172.583000, 0.000000, var=[-1.0, -1.0, -1.0]), None, GPS(-43.520600, 172.583000, 15.000000, var=[-1, -1, -1]), GPS(-43.520600, 172.583000, 26.462840, var=[1.0, 1.0, 1.0]), 0.0, OFFBOARD
20:23:14:061699, [3, 3, 4, 4]3, None, GPS(-43.520600, 172.583000, 0.000000, var=[-1.0, -1.0, -1.0]), GPS(-43.520600, 172.583000, 0.000000, var=[-1.0, -1.0, -1.0]), None, GPS(-43.520600, 172.583000, 15.000000, var=[-1, -1, -1]), GPS(-43.520600, 172.583000, 26.462840, var=[1.0, 1.0, 1.0]), 0.0, OFFBOARD
20:23:15:060681, [3, 4, 4, 4]3, None, GPS(-43.520600, 172.583000, 0.000000, var=[-1.0, -1.0, -1.0]), GPS(-43.520600, 172.583000, 0.000000, var=[-1.0, -1.0, -1.0]), None, GPS(-43.520600, 172.583000, 15.000000, var=[-1, -1, -1]), GPS(-43.520600, 172.583000, 26.467840, var=[1.0, 1.0, 1.0]), 0.0, OFFBOARD
20:23:15:066391, [3, 4, 4, 4]3, None, GPS(-43.520600, 172.583000, 0.000000, var=[-1.0, -1.0, -1.0]), GPS(-43.520600, 172.583000, 0.000000, var=[-1.0, -1.0, -1.0]), None, GPS(-43.520600, 172.583000, 15.000000, var=[-1, -1, -1]), GPS(-43.520600, 172.583000, 26.467840, var=[1.0, 1.0, 1.0]), 0.0, OFFBOARD
20:23:16:063111, [4, 4, 4, 4]3, None, GPS(-43.520600, 172.583000, 0.000000, var=[-1.0, -1.0, -1.0]), GPS(-43.520600, 172.583000, 0.000000, var=[-1.0, -1.0, -1.0]), None, GPS(-43.520600, 172.583000, 15.000000, var=[-1, -1, -1]), GPS(-43.520600, 172.583000, 26.478840, var=[1.0, 1.0, 1.0]), 0.0, OFFBOARD
20:23:16:068094, [4, 4, 4, 4]3, None, GPS(-43.520600, 172.583000, 0.000000, var=[-1.0, -1.0, -1.0]), GPS(-43.520600, 172.583000, 0.000000, var=[-1.0, -1.0, -1.0]), None, GPS(-43.520600, 172.583000, 15.000000, var=[-1, -1, -1]), GPS(-43.520600, 172.583000, 26.478840, var=[1.0, 1.0, 1.0]), 0.0, OFFBOARD
20:23:17:063215, [4, 4, 4, 4]3, None, GPS(-43.520600, 172.583000, 0.000000, var=[-1.0, -1.0, -1.0]), GPS(-43.520600, 172.583000, 0.000000, var=[-1.0, -1.0, -1.0]), None, GPS(-43.520600, 172.583000, 15.000000, var=[-1, -1, -1]), GPS(-43.520600, 172.583000, 26.473840, var=[1.0, 1.0, 1.0]), 0.0, OFFBOARD
20:23:17:095629, [4, 4, 4, 4]3, None, GPS(-43.520600, 172.583000, 0.000000, var=[-1.0, -1.0, -1.0]), GPS(-43.520600, 172.583000, 0.000000, var=[-1.0, -1.0, -1.0]), None, GPS(-43.520600, 172.583000, 15.000000, var=[-1, -1, -1]), GPS(-43.520600, 172.583000, 26.473840, var=[1.0, 1.0, 1.0]), 0.0, OFFBOARD
20:23:18:098127, [4, 4, 4, 4]3, None, GPS(-43.520600, 172.583000, 0.000000, var=[-1.0, -1.0, -1.0]), GPS(-43.520600, 172.583000, 0.000000, var=[-1.0, -1.0, -1.0]), None, GPS(-43.520600, 172.583000, 15.000000, var=[-1, -1, -1]), GPS(-43.520600, 172.583000, 26.470839, var=[1.0, 1.0, 1.0]), 0.0, OFFBOARD
20:23:19:099888, [4, 4, 4, 4]3, None, GPS(-43.520600, 172.583000, 0.000000, var=[-1.0, -1.0, -1.0]), GPS(-43.520600, 172.583000, 0.000000, var=[-1.0, -1.0, -1.0]), None, GPS(-43.520600, 172.583000, 15.000000, var=[-1, -1, -1]), GPS(-43.520600, 172.583000, 26.466839, var=[1.0, 1.0, 1.0]), 0.0, OFFBOARD
20:23:19:105725, [4, 4, 4, 4]3, None, GPS(-43.520600, 172.583000, 0.000000, var=[-1.0, -1.0, -1.0]), GPS(-43.520600, 172.583000, 0.000000, var=[-1.0, -1.0, -1.0]), None, GPS(-43.520600, 172.583000, 15.000000, var=[-1, -1, -1]), GPS(-43.520600, 172.583000, 26.466839, var=[1.0, 1.0, 1.0]), 0.0, OFFBOARD
20:23:20:100396, [4, 4, 4, 4]3, None, GPS(-43.520600, 172.583000, 0.000000, var=[-1.0, -1.0, -1.0]), GPS(-43.520600, 172.583000, 0.000000, var=[-1.0, -1.0, -1.0]), None, GPS(-43.520600, 172.583000, 15.000000, var=[-1, -1, -1]), GPS(-43.520600, 172.583000, 26.448839, var=[1.0, 1.0, 1.0]), 0.0, OFFBOARD
20:23:20:103325, [4, 4, 4, 4]3, None, GPS(-43.520600, 172.583000, 0.000000, var=[-1.0, -1.0, -1.0]), GPS(-43.520600, 172.583000, 0.000000, var=[-1.0, -1.0, -1.0]), None, GPS(-43.520600, 172.583000, 15.000000, var=[-1, -1, -1]), GPS(-43.520600, 172.583000, 26.448839, var=[1.0, 1.0, 1.0]), 0.0, OFFBOARD
20:23:21:102827, [4, 4, 4, 4]4, None, GPS(-43.520600, 172.583000, 0.000000, var=[-1.0, -1.0, -1.0]), GPS(-43.520600, 172.583000, 0.000000, var=[-1.0, -1.0, -1.0]), None, GPS(-43.520600, 172.583000, 15.000000, var=[-1, -1, -1]), GPS(-43.520600, 172.583000, 26.441839, var=[1.0, 1.0, 1.0]), 0.0, OFFBOARD
20:23:22:102472, [4, 4, 4, 4]5, [ 0.01595671 -0.01587172  0.01280807], GPS(-43.520600, 172.583000, 0.012808, var=[0.2736109023826943, 0.27312396182577986, 0.08971447355424159]), GPS(-43.520600, 172.583000, 0.000000, var=[-1.0, -1.0, -1.0]), [-2.94074453e-02 -7.67014093e-03  2.64413251e+01], GPS(-43.520600, 172.583000, 15.012808, var=[-1, -1, -1]), GPS(-43.520600, 172.583000, 26.451839, var=[1.0, 1.0, 1.0]), 0.025895454157458957, OFFBOARD
20:23:22:446659, [4, 4, 4, 5]5, [ 0.01089423 -0.02696429  0.02418387], GPS(-43.520600, 172.583000, 0.024184, var=[0.258997720609855, 0.25855691180812546, 0.06835549347428431]), GPS(-43.520600, 172.583000, 0.000000, var=[-1.0, -1.0, -1.0]), [-3.24495721e-02  1.04061084e-03  2.64497745e+01], GPS(-43.520600, 172.583000, 15.024184, var=[-1, -1, -1]), GPS(-43.520600, 172.583000, 26.454839, var=[1.0, 1.0, 1.0]), 0.037823495749803177, OFFBOARD
20:23:23:250677, [4, 4, 5, 5]5, [ 0.00681164 -0.02295715  0.02837617], GPS(-43.520600, 172.583000, 0.028376, var=[0.2314498810241576, 0.23125568269743504, 0.05463940625790348]), GPS(-43.520600, 172.583000, 0.000000, var=[-1.0, -1.0, -1.0]), [-3.48696629e-02  8.26052003e-03  2.64588222e+01], GPS(-43.520600, 172.583000, 15.028376, var=[-1, -1, -1]), GPS(-43.520600, 172.583000, 26.452839, var=[1.0, 1.0, 1.0]), 0.037129986103715575, OFFBOARD
20:23:23:639611, [4, 5, 5, 5]5, [ 0.01021265 -0.01135927  0.02315181], GPS(-43.520600, 172.583000, 0.023152, var=[0.18087131838851256, 0.18072826199789432, 0.04176564067914078]), GPS(-43.520600, 172.583000, 0.000000, var=[-1.0, -1.0, -1.0]), [-3.48359146e-02  7.43472890e-03  2.64585168e+01], GPS(-43.520600, 172.583000, 15.023152, var=[-1, -1, -1]), GPS(-43.520600, 172.583000, 26.452839, var=[1.0, 1.0, 1.0]), 0.02773693495483147, OFFBOARD
20:23:24:400464, [4, 5, 5, 5]5, [0.01971782 0.01130589 0.01027009], GPS(-43.520600, 172.583000, 0.010270, var=[0.16284451864078672, 0.162668118456103, 0.03697775221448866]), GPS(-43.520600, 172.583000, 0.000000, var=[-1.0, -1.0, -1.0]), [-3.51010043e-02  9.37406332e-03  2.64599698e+01], GPS(-43.520600, 172.583000, 15.010270, var=[-1, -1, -1]), GPS(-43.520600, 172.583000, 26.443840, var=[1.0, 1.0, 1.0]), 0.024941742402789083, OFFBOARD
20:23:24:750220, [4, 5, 5, 5]5, [0.01342004 0.01571567 0.00649937], GPS(-43.520600, 172.583000, 0.006499, var=[0.13605188657316653, 0.1358908257996472, 0.030701247778640237]), GPS(-43.520600, 172.583000, 0.000000, var=[-1.0, -1.0, -1.0]), [-3.24580511e-02  1.21369120e-02  2.64567946e+01], GPS(-43.520600, 172.583000, 15.006499, var=[-1, -1, -1]), GPS(-43.520600, 172.583000, 26.442840, var=[1.0, 1.0, 1.0]), 0.02166382995863373, OFFBOARD
20:23:25:535019, [5, 5, 5, 5]5, [0.01397706 0.02554007 0.00292984], GPS(-43.520600, 172.583000, 0.002930, var=[0.12851157357508752, 0.12838279904783997, 0.028843221168296046]), GPS(-43.520600, 172.583000, 0.000000, var=[-1.0, -1.0, -1.0]), [-2.28952901e-02  1.78681523e-02  2.64542446e+01], GPS(-43.520600, 172.583000, 15.002930, var=[-1, -1, -1]), GPS(-43.520600, 172.583000, 26.444840, var=[1.0, 1.0, 1.0]), 0.029261536045193194, OFFBOARD
20:23:25:847178, [5, 5, 5, 5]5, [0.01335452 0.02022556 0.00454733], GPS(-43.520600, 172.583000, 0.004547, var=[0.10917168338486252, 0.10907800128232578, 0.024444175841798258]), GPS(-43.520600, 172.583000, 0.000000, var=[-1.0, -1.0, -1.0]), [-1.71004609e-02  1.81818056e-02  2.64525418e+01], GPS(-43.520600, 172.583000, 15.004547, var=[-1, -1, -1]), GPS(-43.520600, 172.583000, 26.447840, var=[1.0, 1.0, 1.0]), 0.024659574165584827, OFFBOARD
20:23:26:707776, [5, 5, 5, 5]5, [0.0269499  0.01070243 0.00426525], GPS(-43.520600, 172.583000, 0.004265, var=[0.10086583639832072, 0.10080264798792117, 0.0225553065798353]), GPS(-43.520600, 172.583000, 0.000000, var=[-1.0, -1.0, -1.0]), [-8.61546916e-03  2.94602591e-02  2.64589053e+01], GPS(-43.520600, 172.583000, 15.004265, var=[-1, -1, -1]), GPS(-43.520600, 172.583000, 26.460840, var=[1.0, 1.0, 1.0]), 0.02930923943849191, OFFBOARD
20:23:27:139836, [5, 5, 5, 5]5, [0.02540405 0.00671541 0.00596505], GPS(-43.520600, 172.583000, 0.005965, var=[0.09160005151792604, 0.09156089896656247, 0.020465132165565367]), GPS(-43.520600, 172.583000, 0.000000, var=[-1.0, -1.0, -1.0]), [-4.08729612e-03  3.69781136e-02  2.64618789e+01], GPS(-43.520600, 172.583000, 15.005965, var=[-1, -1, -1]), GPS(-43.520600, 172.583000, 26.464840, var=[1.0, 1.0, 1.0]), 0.026945203184015387, OFFBOARD
20:23:27:952054, [5, 5, 5, 5]5, [0.01790405 0.00318937 0.00852486], GPS(-43.520600, 172.583000, 0.008525, var=[0.08016200251119919, 0.0801953252049106, 0.017918798082126694]), GPS(-43.520600, 172.583000, 0.000000, var=[-1.0, -1.0, -1.0]), [4.52065870e-03 4.84954625e-02 2.64667008e+01], GPS(-43.520600, 172.583000, 15.008525, var=[-1, -1, -1]), GPS(-43.520600, 172.583000, 26.468840, var=[1.0, 1.0, 1.0]), 0.02008482753331571, OFFBOARD
20:23:28:344388, [5, 5, 5, 5]5, [0.01290669 0.00433328 0.0104054 ], GPS(-43.520600, 172.583000, 0.010405, var=[0.0731530156932778, 0.07321708938264658, 0.016356706882511188]), GPS(-43.520600, 172.583000, 0.000000, var=[-1.0, -1.0, -1.0]), [7.63455640e-03 5.01879755e-02 2.64678018e+01], GPS(-43.520600, 172.583000, 15.010405, var=[-1, -1, -1]), GPS(-43.520600, 172.583000, 26.467840, var=[1.0, 1.0, 1.0]), 0.017135701455017263, OFFBOARD
20:23:29:054759, [5, 5, 5, 5]5, [0.00483129 0.00250274 0.01313365], GPS(-43.520600, 172.583000, 0.013134, var=[0.07243514243901839, 0.07254490049688593, 0.016261862860959684]), GPS(-43.520600, 172.583010, 0.000000, var=[-1.0, -1.0, -1.0]), [1.34074480e-02 5.19299243e-02 2.64692903e+01], GPS(-43.520600, 172.583000, 15.013134, var=[-1, -1, -1]), GPS(-43.520600, 172.583000, 26.465840, var=[1.0, 1.0, 1.0]), 0.8015844741740805, OFFBOARD
20:23:29:390713, [5, 5, 5, 5]5, [ 0.0399351  -0.03809849  0.03265261], GPS(-43.520600, 172.583000, 0.032653, var=[0.06680108745189417, 0.06692228117758306, 0.015005846176686375]), GPS(-43.520600, 172.583010, 0.000000, var=[-1.0, -1.0, -1.0]), [1.71870737e-02 4.91057930e-02 2.64627081e+01], GPS(-43.520600, 172.583000, 15.032653, var=[-1, -1, -1]), GPS(-43.520600, 172.583000, 26.465840, var=[1.0, 1.0, 1.0]), 0.768009999941208, OFFBOARD
20:23:30:137586, [5, 5, 5, 5]5, [ 0.17753412 -0.02870765  0.021339  ], GPS(-43.520600, 172.583002, 0.021339, var=[0.06385615205110633, 0.06413686426414744, 0.014466490252269136]), GPS(-43.520600, 172.583010, 0.000000, var=[-1.0, -1.0, -1.0]), [1.76594320e-02 5.00807240e-02 2.64723113e+01], GPS(-43.520600, 172.583002, 15.021339, var=[-1, -1, -1]), GPS(-43.520600, 172.583000, 26.467840, var=[1.0, 1.0, 1.0]), 0.6297867585510972, OFFBOARD
20:23:30:476806, [5, 5, 5, 5]5, [0.25697233 0.02152661 0.03762115], GPS(-43.520600, 172.583003, 0.037621, var=[0.05956078333067521, 0.05992889075652639, 0.013538110047621763]), GPS(-43.520600, 172.583010, 0.000000, var=[-1.0, -1.0, -1.0]), [ 0.02776091  0.04927045 26.47133845], GPS(-43.520600, 172.583003, 15.037621, var=[-1, -1, -1]), GPS(-43.520600, 172.583001, 26.471840, var=[1.0, 1.0, 1.0]), 0.5510392970339332, OFFBOARD
20:23:31:257065, [5, 5, 5, 5]5, [0.38247595 0.09178932 0.05360421], GPS(-43.520599, 172.583005, 0.053604, var=[0.055760505340229735, 0.05611036586675991, 0.012790268838758197]), GPS(-43.520600, 172.583020, 0.000000, var=[-1.0, -1.0, -1.0]), [ 0.05043183  0.04605783 26.47003041], GPS(-43.520599, 172.583005, 15.053604, var=[-1, -1, -1]), GPS(-43.520600, 172.583002, 26.468840, var=[1.0, 1.0, 1.0]), 1.2347164920242448, OFFBOARD
20:23:31:625467, [5, 5, 5, 5]5, [0.44997304 0.07821949 0.07061865], GPS(-43.520599, 172.583006, 0.070619, var=[0.05247291065700397, 0.052786176785828205, 0.012066528727657984]), GPS(-43.520600, 172.583020, 0.000000, var=[-1.0, -1.0, -1.0]), [ 0.07064859  0.04559356 26.46489054], GPS(-43.520599, 172.583006, 15.070619, var=[-1, -1, -1]), GPS(-43.520600, 172.583003, 26.475840, var=[1.0, 1.0, 1.0]), 1.1674016126889586, OFFBOARD
20:23:32:422250, [5, 5, 5, 5]5, [0.7415751  0.07165304 0.03256324], GPS(-43.520599, 172.583009, 0.032563, var=[0.05123335721175617, 0.05167454210909142, 0.011949354541502205]), GPS(-43.520600, 172.583030, 0.000000, var=[-1.0, -1.0, -1.0]), [ 0.10544087  0.05152795 26.49530972], GPS(-43.520599, 172.583009, 15.032563, var=[-1, -1, -1]), GPS(-43.520600, 172.583005, 26.472841, var=[1.0, 1.0, 1.0]), 1.679183178365332, OFFBOARD
20:23:32:739375, [5, 5, 5, 5]5, [0.8749579  0.08278445 0.05265786], GPS(-43.520599, 172.583011, 0.052658, var=[0.048588406017369384, 0.04911088851284218, 0.01139061321121148]), GPS(-43.520602, 172.583040, 0.000000, var=[-1.0, -1.0, -1.0]), [ 0.15436464  0.05334382 26.49593084], GPS(-43.520599, 172.583011, 15.052658, var=[-1, -1, -1]), GPS(-43.520599, 172.583005, 26.473841, var=[1.0, 1.0, 1.0]), 2.3705741833926326, OFFBOARD
20:23:33:329253, [5, 5, 5, 5]5, [1.12370312 0.09450228 0.06822039], GPS(-43.520599, 172.583014, 0.068220, var=[0.04888418544158555, 0.049518592412653335, 0.01163536079576448]), GPS(-43.520600, 172.583060, 0.000000, var=[-1.0, -1.0, -1.0]), [ 0.21354644  0.05887897 26.50310109], GPS(-43.520599, 172.583014, 15.068220, var=[-1, -1, -1]), GPS(-43.520599, 172.583008, 26.477842, var=[1.0, 1.0, 1.0]), 3.7159507579387765, OFFBOARD
20:23:33:689313, [5, 5, 5, 5]5, [1.38205513 0.1530293  0.0816015 ], GPS(-43.520599, 172.583017, 0.081601, var=[0.04644838538046069, 0.047236784772731986, 0.011144423848873276]), GPS(-43.520600, 172.583060, 0.000000, var=[-1.0, -1.0, -1.0]), [ 0.27557298  0.06301981 26.51578524], GPS(-43.520599, 172.583017, 15.081601, var=[-1, -1, -1]), GPS(-43.520599, 172.583009, 26.477842, var=[1.0, 1.0, 1.0]), 3.4601193529355374, OFFBOARD
20:23:34:618970, [5, 5, 5, 5]5, [2.39111451 0.44863085 0.04888293], GPS(-43.520596, 172.583030, 0.048883, var=[0.04232104488069399, 0.04518416841751773, 0.010986783416414164]), GPS(-43.520600, 172.583070, 0.000000, var=[-1.0, -1.0, -1.0]), [ 0.36920653  0.04821221 26.61945834], GPS(-43.520596, 172.583030, 15.048883, var=[-1, -1, -1]), GPS(-43.520599, 172.583015, 26.481845, var=[1.0, 1.0, 1.0]), 3.2841693204926283, OFFBOARD
20:23:34:954373, [5, 5, 5, 5]5, [2.59424843 0.53510463 0.06326061], GPS(-43.520595, 172.583032, 0.063261, var=[0.04059691147783042, 0.04331828389359476, 0.010616109800703901]), GPS(-43.520600, 172.583070, 0.000000, var=[-1.0, -1.0, -1.0]), [ 0.5068872   0.07340706 26.61325105], GPS(-43.520595, 172.583032, 15.063261, var=[-1, -1, -1]), GPS(-43.520598, 172.583019, 26.483846, var=[1.0, 1.0, 1.0]), 3.0971140991565504, OFFBOARD
20:23:35:745900, [5, 5, 5, 5]5, [3.15758278 0.73033357 0.03505296], GPS(-43.520593, 172.583039, 0.035053, var=[0.04133758367586174, 0.04383185719965667, 0.011008889577330856]), GPS(-43.520605, 172.583080, 0.000000, var=[-1.0, -1.0, -1.0]), [ 0.7854027   0.1194812  26.61826264], GPS(-43.520593, 172.583039, 15.035053, var=[-1, -1, -1]), GPS(-43.520596, 172.583027, 26.492851, var=[1.0, 1.0, 1.0]), 3.535348217015577, OFFBOARD
20:23:36:108899, [5, 5, 5, 5]5, [3.49693287 0.71286322 0.03019023], GPS(-43.520594, 172.583043, 0.030190, var=[0.039822420829053594, 0.04207143165177367, 0.010591511052179751]), GPS(-43.520605, 172.583080, 0.000000, var=[-1.0, -1.0, -1.0]), [ 0.98677798  0.16251481 26.61405546], GPS(-43.520594, 172.583043, 15.030190, var=[-1, -1, -1]), GPS(-43.520595, 172.583031, 26.492853, var=[1.0, 1.0, 1.0]), 3.214658642083484, OFFBOARD
20:23:36:810415, [5, 5, 5, 5]5, [4.19792831 0.63102981 0.00658443], GPS(-43.520594, 172.583052, 0.006584, var=[0.04050892427183642, 0.0425884334325196, 0.010984106456344601]), GPS(-43.520610, 172.583090, 0.000000, var=[-1.0, -1.0, -1.0]), [ 1.31499126  0.25028534 26.64865687], GPS(-43.520594, 172.583052, 15.006584, var=[-1, -1, -1]), GPS(-43.520594, 172.583038, 26.482857, var=[1.0, 1.0, 1.0]), 3.5205591968377554, OFFBOARD
20:23:37:176861, [5, 5, 5, 5]5, [4.5508842  0.51741133 0.01296882], GPS(-43.520595, 172.583056, 0.012969, var=[0.03929649419861913, 0.041062161203004856, 0.01069716004760918]), GPS(-43.520610, 172.583090, 0.000000, var=[-1.0, -1.0, -1.0]), [ 1.58468419  0.29885494 26.64059018], GPS(-43.520595, 172.583056, 15.012969, var=[-1, -1, -1]), GPS(-43.520593, 172.583042, 26.482859, var=[1.0, 1.0, 1.0]), 3.1585803385205486, OFFBOARD
20:23:37:864329, [5, 5, 5, 5]5, [5.10875557 0.3354514  0.0213739 ], GPS(-43.520597, 172.583063, 0.021374, var=[0.040175524038865845, 0.04154718005192965, 0.011114018687207388]), GPS(-43.520610, 172.583100, 0.000000, var=[-1.0, -1.0, -1.0]), [ 2.00037776  0.36269164 26.63605278], GPS(-43.520597, 172.583063, 15.021374, var=[-1, -1, -1]), GPS(-43.520593, 172.583050, 26.485860, var=[1.0, 1.0, 1.0]), 3.289868670919078, OFFBOARD
20:23:38:230691, [5, 5, 5, 5]5, [5.36973546 0.12438619 0.00890434], GPS(-43.520599, 172.583067, 0.008904, var=[0.03917663119633274, 0.0401888745565212, 0.010830590093116503]), GPS(-43.520610, 172.583100, 0.000000, var=[-1.0, -1.0, -1.0]), [ 2.32198256  0.41035856 26.62695739], GPS(-43.520599, 172.583067, 15.008904, var=[-1, -1, -1]), GPS(-43.520594, 172.583054, 26.482860, var=[1.0, 1.0, 1.0]), 2.9635293998779737, OFFBOARD
20:23:38:876116, [5, 5, 5, 5]5, [ 5.79478643 -0.17362202 -0.0222416 ], GPS(-43.520602, 172.583072, -0.022242, var=[0.039755753408160927, 0.04040762460786345, 0.01113250202732589]), GPS(-43.520610, 172.583110, 0.000000, var=[-1.0, -1.0, -1.0]), [ 2.80115754  0.46913528 26.63753255], GPS(-43.520602, 172.583072, 14.977758, var=[-1, -1, -1]), GPS(-43.520596, 172.583061, 26.487859, var=[1.0, 1.0, 1.0]), 3.214634067529474, OFFBOARD
20:23:39:287805, [5, 5, 5, 5]5, [ 6.03870195 -0.30273865 -0.03327554], GPS(-43.520603, 172.583075, -0.033276, var=[0.03889025259038429, 0.03965937979217642, 0.010903200858302965]), GPS(-43.520610, 172.583110, 0.000000, var=[-1.0, -1.0, -1.0]), [ 3.16168823  0.47214762 26.62275769], GPS(-43.520603, 172.583075, 14.966724, var=[-1, -1, -1]), GPS(-43.520597, 172.583065, 26.490857, var=[1.0, 1.0, 1.0]), 2.944227825301559, OFFBOARD
20:23:40:188947, [5, 5, 5, 5]5, [ 6.70082717 -0.56645725 -0.08579833], GPS(-43.520605, 172.583083, -0.085798, var=[0.03812484766200478, 0.03940154886807658, 0.010747102623880966]), GPS(-43.520611, 172.583110, 0.000000, var=[-1.0, -1.0, -1.0]), [ 4.02300083  0.41969402 26.59402199], GPS(-43.520605, 172.583083, 14.914202, var=[-1, -1, -1]), GPS(-43.520601, 172.583073, 26.484853, var=[1.0, 1.0, 1.0]), 2.267393904082444, OFFBOARD
20:23:40:505115, [5, 5, 5, 5]5, [ 6.91953314 -0.59681461 -0.09693291], GPS(-43.520605, 172.583086, -0.096933, var=[0.036823130042627966, 0.038193002907739595, 0.01032115958241253]), GPS(-43.520611, 172.583110, 0.000000, var=[-1.0, -1.0, -1.0]), [ 4.34382944  0.36335471 26.57492918], GPS(-43.520605, 172.583086, 14.903067, var=[-1, -1, -1]), GPS(-43.520602, 172.583076, 26.486852, var=[1.0, 1.0, 1.0]), 2.050233370323625, OFFBOARD
20:23:41:081937, [5, 5, 5, 5]5, [ 7.21533916 -0.72497896 -0.0767502 ], GPS(-43.520607, 172.583089, -0.076750, var=[0.03774695478018147, 0.03927777295303859, 0.010644856146437393]), GPS(-43.520610, 172.583120, 0.000000, var=[-1.0, -1.0, -1.0]), [ 4.77688324  0.30222841 26.54782174], GPS(-43.520607, 172.583089, 14.923250, var=[-1, -1, -1]), GPS(-43.520604, 172.583081, 26.482850, var=[1.0, 1.0, 1.0]), 2.491740241605174, OFFBOARD
20:23:41:418339, [5, 5, 5, 5]5, [ 7.43536686 -0.76637025 -0.06417599], GPS(-43.520607, 172.583092, -0.064176, var=[0.03692856661314313, 0.03854212277179718, 0.01038599654414037]), GPS(-43.520610, 172.583120, 0.000000, var=[-1.0, -1.0, -1.0]), [ 5.12397434  0.21900147 26.53021606], GPS(-43.520607, 172.583092, 14.935824, var=[-1, -1, -1]), GPS(-43.520605, 172.583084, 26.479849, var=[1.0, 1.0, 1.0]), 2.267689387068466, OFFBOARD
20:23:42:075643, [5, 5, 5, 5]5, [ 7.84052924 -0.74752083 -0.07410951], GPS(-43.520607, 172.583097, -0.074110, var=[0.037877107766129826, 0.03948633661543225, 0.010709877840088523]), GPS(-43.520610, 172.583130, 0.000000, var=[-1.0, -1.0, -1.0]), [ 5.67077174  0.09867972 26.50950455], GPS(-43.520607, 172.583097, 14.925890, var=[-1, -1, -1]), GPS(-43.520606, 172.583089, 26.482848, var=[1.0, 1.0, 1.0]), 2.667476311315493, OFFBOARD
20:23:42:458106, [5, 5, 5, 5]5, [ 8.14176754 -0.70645992 -0.05659726], GPS(-43.520606, 172.583101, -0.056597, var=[0.037206623723533866, 0.038556422947005356, 0.010459816165714179]), GPS(-43.520610, 172.583130, 0.000000, var=[-1.0, -1.0, -1.0]), [6.01423081e+00 7.91573469e-03 2.64993777e+01], GPS(-43.520606, 172.583101, 14.943403, var=[-1, -1, -1]), GPS(-43.520606, 172.583091, 26.497848, var=[1.0, 1.0, 1.0]), 2.3757318872187363, OFFBOARD
20:23:43:232467, [5, 5, 5, 5]5, [ 8.590304   -0.5197407  -0.02019253], GPS(-43.520605, 172.583107, -0.020193, var=[0.03803719683780668, 0.03884146941686005, 0.010704764031239763]), GPS(-43.520610, 172.583140, 0.000000, var=[-1.0, -1.0, -1.0]), [ 6.63289802 -0.12165072 26.48331274], GPS(-43.520605, 172.583107, 14.979807, var=[-1, -1, -1]), GPS(-43.520607, 172.583097, 26.509849, var=[1.0, 1.0, 1.0]), 2.7622601169421794, OFFBOARD
20:23:43:515978, [5, 5, 5, 5]5, [ 8.81948260e+00 -4.37863094e-01 -3.28220827e-03], GPS(-43.520604, 172.583109, -0.003282, var=[0.03688674021085553, 0.03729695084697545, 0.010294173657047255]), GPS(-43.520614, 172.583150, 0.000000, var=[-1.0, -1.0, -1.0]), [ 6.9263749  -0.20160277 26.48741636], GPS(-43.520604, 172.583109, 14.996718, var=[-1, -1, -1]), GPS(-43.520606, 172.583099, 26.508850, var=[1.0, 1.0, 1.0]), 3.4609283623306157, OFFBOARD
20:23:44:543128, [5, 5, 5, 5]5, [ 9.57178092 -0.34198246  0.01231014], GPS(-43.520603, 172.583119, 0.012310, var=[0.0384747621001206, 0.03856296219833489, 0.010771569613261622]), GPS(-43.520610, 172.583160, 0.000000, var=[-1.0, -1.0, -1.0]), [ 7.76963767 -0.34925665 26.45751912], GPS(-43.520603, 172.583119, 15.012310, var=[-1, -1, -1]), GPS(-43.520605, 172.583108, 26.522854, var=[1.0, 1.0, 1.0]), 3.4169897565064145, OFFBOARD
20:23:44:850290, [5, 5, 5, 5]5, [ 9.86118617 -0.29548042 -0.01224367], GPS(-43.520603, 172.583122, -0.012244, var=[0.0373646378927094, 0.03744577198732593, 0.010380213007125869]), GPS(-43.520610, 172.583160, 0.000000, var=[-1.0, -1.0, -1.0]), [ 8.04552593 -0.3863378  26.47206799], GPS(-43.520603, 172.583122, 14.987756, var=[-1, -1, -1]), GPS(-43.520604, 172.583110, 26.520856, var=[1.0, 1.0, 1.0]), 3.1474489953376, OFFBOARD
20:23:45:496578, [5, 5, 5, 5]5, [10.37632582 -0.2034634  -0.06685786], GPS(-43.520602, 172.583129, -0.066858, var=[0.03929756670543209, 0.03940305097787081, 0.011001189014177171]), GPS(-43.520610, 172.583160, 0.000000, var=[-1.0, -1.0, -1.0]), [ 8.5413787  -0.43528362 26.48519188], GPS(-43.520602, 172.583129, 14.933142, var=[-1, -1, -1]), GPS(-43.520603, 172.583116, 26.507858, var=[1.0, 1.0, 1.0]), 2.683864504806015, OFFBOARD
STOP: 09/30/2021 20:23:46:413791
