START: 09/30/2021 20:22:23:902030
TIME,            RX_ID,          STATE,          TIMESTAMP,          SEQ_NO,          RX_COORDS,          RANGE_READING,          TARGET_COORDS,          
20:22:46:580985, 4, 1, 1632986566.5595987, 0, GPS(-43.520645, 172.583063, 21.307781, var=[1.0, 1.0, 1.0]), 37.45382993781161, GPS(-43.520600, 172.583000, 0.000000, var=[-1.0, -1.0, -1.0])
20:22:46:581151, 3, 1, 1632986566.5775514, 0, GPS(-43.520645, 172.582938, 21.655754, var=[1.0, 1.0, 1.0]), 37.78187424973025, GPS(-43.520600, 172.583000, 0.000000, var=[-1.0, -1.0, -1.0])
20:22:46:590626, 1, 1, 1632986566.5904763, 0, GPS(-43.520554, 172.582938, 21.538899, var=[1.0, 1.0, 1.0]), 37.68534596646704, GPS(-43.520600, 172.583000, 0.000000, var=[-1.0, -1.0, -1.0])
20:22:46:619084, 2, 1, 1632986566.6189327, 0, GPS(-43.520554, 172.583062, 21.290925, var=[1.0, 1.0, 1.0]), 37.450038577032565, GPS(-43.520600, 172.583000, 0.000000, var=[-1.0, -1.0, -1.0])
20:22:47:559906, 4, 1, 1632986567.5597448, 1, GPS(-43.520645, 172.583063, 21.301781, var=[1.0, 1.0, 1.0]), 48.749184003951086, GPS(-43.520600, 172.583000, 0.000000, var=[-1.0, -1.0, -1.0])
20:22:47:579624, 3, 1, 1632986567.5794842, 1, GPS(-43.520645, 172.582938, 21.657754, var=[1.0, 1.0, 1.0]), 49.09085730856374, GPS(-43.520600, 172.583000, 0.000000, var=[-1.0, -1.0, -1.0])
20:22:47:591204, 1, 1, 1632986567.5910845, 1, GPS(-43.520554, 172.582938, 21.547899, var=[1.0, 1.0, 1.0]), 48.999240735797414, GPS(-43.520600, 172.583000, 0.000000, var=[-1.0, -1.0, -1.0])
20:22:47:619731, 2, 1, 1632986567.619602, 1, GPS(-43.520554, 172.583062, 21.293925, var=[1.0, 1.0, 1.0]), 48.757542581245815, GPS(-43.520600, 172.583000, 0.000000, var=[-1.0, -1.0, -1.0])
20:22:48:017668, 4, 1, 1632986568.0175207, 2, GPS(-43.520645, 172.583063, 21.293781, var=[1.0, 1.0, 1.0]), 48.73559211341515, GPS(-43.520600, 172.583000, 0.000000, var=[-1.0, -1.0, -1.0])
20:22:48:017745, 1, 1, 1632986568.0175414, 2, GPS(-43.520554, 172.582938, 21.548899, var=[1.0, 1.0, 1.0]), 48.994190182945005, GPS(-43.520600, 172.583000, 0.000000, var=[-1.0, -1.0, -1.0])
20:22:48:017787, 2, 1, 1632986568.017551, 2, GPS(-43.520554, 172.583062, 21.297925, var=[1.0, 1.0, 1.0]), 48.75605301110513, GPS(-43.520600, 172.583000, 0.000000, var=[-1.0, -1.0, -1.0])
20:22:48:017826, 3, 1, 1632986568.0175815, 2, GPS(-43.520645, 172.582938, 21.658754, var=[1.0, 1.0, 1.0]), 49.08580775943349, GPS(-43.520600, 172.583000, 0.000000, var=[-1.0, -1.0, -1.0])
20:22:49:018167, 4, 1, 1632986569.0180218, 3, GPS(-43.520644, 172.583063, 21.299782, var=[1.0, 1.0, 1.0]), 48.73638166975424, GPS(-43.520600, 172.583000, 0.000000, var=[-1.0, -1.0, -1.0])
20:22:49:018428, 1, 1, 1632986569.0182822, 3, GPS(-43.520554, 172.582938, 21.554900, var=[1.0, 1.0, 1.0]), 49.00487381083306, GPS(-43.520600, 172.583000, 0.000000, var=[-1.0, -1.0, -1.0])
20:22:49:018737, 3, 1, 1632986569.0186243, 3, GPS(-43.520645, 172.582938, 21.659754, var=[1.0, 1.0, 1.0]), 49.08851836148485, GPS(-43.520600, 172.583000, 0.000000, var=[-1.0, -1.0, -1.0])
20:22:49:019003, 2, 1, 1632986569.018906, 3, GPS(-43.520554, 172.583062, 21.297925, var=[1.0, 1.0, 1.0]), 48.755334634009, GPS(-43.520600, 172.583000, 0.000000, var=[-1.0, -1.0, -1.0])
20:22:49:020448, 2, 1, 1632986569.0192766, 4, GPS(-43.520554, 172.583062, 21.297925, var=[1.0, 1.0, 1.0]), 48.755334634009, GPS(-43.520600, 172.583000, 0.000000, var=[-1.0, -1.0, -1.0])
20:22:49:020500, 4, 1, 1632986569.0192115, 4, GPS(-43.520644, 172.583063, 21.299782, var=[1.0, 1.0, 1.0]), 48.73638166975424, GPS(-43.520600, 172.583000, 0.000000, var=[-1.0, -1.0, -1.0])
20:22:49:020541, 1, 1, 1632986569.019226, 4, GPS(-43.520554, 172.582938, 21.554900, var=[1.0, 1.0, 1.0]), 49.00487381083306, GPS(-43.520600, 172.583000, 0.000000, var=[-1.0, -1.0, -1.0])
20:22:49:020581, 3, 1, 1632986569.0192494, 4, GPS(-43.520645, 172.582938, 21.659754, var=[1.0, 1.0, 1.0]), 49.08851836148485, GPS(-43.520600, 172.583000, 0.000000, var=[-1.0, -1.0, -1.0])
20:22:50:020201, 2, 1, 1632986570.0200655, 5, GPS(-43.520555, 172.583062, 21.296925, var=[1.0, 1.0, 1.0]), 48.748081611332765, GPS(-43.520600, 172.583000, 0.000000, var=[-1.0, -1.0, -1.0])
20:22:50:020702, 1, 1, 1632986570.020567, 5, GPS(-43.520554, 172.582938, 21.562900, var=[1.0, 1.0, 1.0]), 49.00797176483539, GPS(-43.520600, 172.583000, 0.000000, var=[-1.0, -1.0, -1.0])
20:22:50:020762, 3, 1, 1632986570.020585, 5, GPS(-43.520645, 172.582938, 21.661754, var=[1.0, 1.0, 1.0]), 49.087723275473515, GPS(-43.520600, 172.583000, 0.000000, var=[-1.0, -1.0, -1.0])
20:22:50:020809, 4, 1, 1632986570.020568, 5, GPS(-43.520644, 172.583063, 21.313782, var=[1.0, 1.0, 1.0]), 48.745228775423485, GPS(-43.520600, 172.583000, 0.000000, var=[-1.0, -1.0, -1.0])
20:22:50:022517, 2, 1, 1632986570.0207577, 6, GPS(-43.520555, 172.583062, 21.296925, var=[1.0, 1.0, 1.0]), 48.748081611332765, GPS(-43.520600, 172.583000, 0.000000, var=[-1.0, -1.0, -1.0])
20:22:51:020836, 4, 1, 1632986571.020614, 6, GPS(-43.520644, 172.583063, 21.315782, var=[1.0, 1.0, 1.0]), 48.74194282905276, GPS(-43.520600, 172.583000, 0.000000, var=[-1.0, -1.0, -1.0])
20:22:51:021420, 1, 1, 1632986571.0212014, 6, GPS(-43.520554, 172.582938, 21.563900, var=[1.0, 1.0, 1.0]), 49.00014919270642, GPS(-43.520600, 172.583000, 0.000000, var=[-1.0, -1.0, -1.0])
20:22:51:021709, 3, 1, 1632986571.0215437, 6, GPS(-43.520645, 172.582938, 21.661754, var=[1.0, 1.0, 1.0]), 49.07405585036489, GPS(-43.520600, 172.583000, 0.000000, var=[-1.0, -1.0, -1.0])
20:22:51:023587, 3, 1, 1632986571.022727, 7, GPS(-43.520645, 172.582938, 21.661754, var=[1.0, 1.0, 1.0]), 49.07405585036489, GPS(-43.520600, 172.583000, 0.000000, var=[-1.0, -1.0, -1.0])
20:22:51:023677, 2, 1, 1632986571.022337, 7, GPS(-43.520554, 172.583062, 21.300925, var=[1.0, 1.0, 1.0]), 48.74918089293274, GPS(-43.520600, 172.583000, 0.000000, var=[-1.0, -1.0, -1.0])
20:22:51:023744, 4, 1, 1632986571.022672, 7, GPS(-43.520644, 172.583063, 21.315782, var=[1.0, 1.0, 1.0]), 48.74194282905276, GPS(-43.520600, 172.583000, 0.000000, var=[-1.0, -1.0, -1.0])
20:22:51:023807, 1, 1, 1632986571.0226903, 7, GPS(-43.520554, 172.582938, 21.563900, var=[1.0, 1.0, 1.0]), 49.00014919270642, GPS(-43.520600, 172.583000, 0.000000, var=[-1.0, -1.0, -1.0])
20:22:51:026420, 2, 1, 1632986571.0226905, 8, GPS(-43.520554, 172.583062, 21.300925, var=[1.0, 1.0, 1.0]), 48.74918089293274, GPS(-43.520600, 172.583000, 0.000000, var=[-1.0, -1.0, -1.0])
20:22:52:022871, 2, 1, 1632986572.0227313, 9, GPS(-43.520554, 172.583062, 21.314925, var=[1.0, 1.0, 1.0]), 48.79148486692955, GPS(-43.520600, 172.583000, 0.000000, var=[-1.0, -1.0, -1.0])
20:22:52:023017, 1, 1, 1632986572.0229228, 8, GPS(-43.520554, 172.582938, 21.553900, var=[1.0, 1.0, 1.0]), 49.010390440702636, GPS(-43.520600, 172.583000, 0.000000, var=[-1.0, -1.0, -1.0])
20:22:52:023764, 2, 1, 1632986572.0236528, 10, GPS(-43.520554, 172.583062, 21.314925, var=[1.0, 1.0, 1.0]), 48.79148486692955, GPS(-43.520600, 172.583000, 0.000000, var=[-1.0, -1.0, -1.0])
20:22:52:023822, 1, 1, 1632986572.023652, 9, GPS(-43.520554, 172.582938, 21.553900, var=[1.0, 1.0, 1.0]), 49.010390440702636, GPS(-43.520600, 172.583000, 0.000000, var=[-1.0, -1.0, -1.0])
20:22:52:023865, 4, 1, 1632986572.0236554, 8, GPS(-43.520644, 172.583063, 21.295782, var=[1.0, 1.0, 1.0]), 48.7451407533848, GPS(-43.520600, 172.583000, 0.000000, var=[-1.0, -1.0, -1.0])
20:22:52:023904, 3, 1, 1632986572.023692, 8, GPS(-43.520645, 172.582938, 21.662755, var=[1.0, 1.0, 1.0]), 49.09548434673029, GPS(-43.520600, 172.583000, 0.000000, var=[-1.0, -1.0, -1.0])
20:22:53:023804, 4, 1, 1632986573.0236807, 9, GPS(-43.520644, 172.583063, 21.298782, var=[1.0, 1.0, 1.0]), 48.74626420879227, GPS(-43.520600, 172.583000, 0.000000, var=[-1.0, -1.0, -1.0])
20:22:53:024454, 1, 1, 1632986573.0243273, 10, GPS(-43.520554, 172.582938, 21.543899, var=[1.0, 1.0, 1.0]), 48.98888707503044, GPS(-43.520600, 172.583000, 0.000000, var=[-1.0, -1.0, -1.0])
20:22:53:024703, 3, 1, 1632986573.0246112, 9, GPS(-43.520645, 172.582939, 21.653754, var=[1.0, 1.0, 1.0]), 49.07988380149141, GPS(-43.520600, 172.583000, 0.000000, var=[-1.0, -1.0, -1.0])
20:22:53:025867, 3, 1, 1632986573.0254774, 10, GPS(-43.520645, 172.582939, 21.653754, var=[1.0, 1.0, 1.0]), 49.07988380149141, GPS(-43.520600, 172.583000, 0.000000, var=[-1.0, -1.0, -1.0])
20:22:53:025962, 2, 1, 1632986573.0251617, 11, GPS(-43.520554, 172.583062, 21.301926, var=[1.0, 1.0, 1.0]), 48.775698658599744, GPS(-43.520600, 172.583000, 0.000000, var=[-1.0, -1.0, -1.0])
20:22:53:025994, 4, 1, 1632986573.0254354, 10, GPS(-43.520644, 172.583063, 21.298782, var=[1.0, 1.0, 1.0]), 48.74626420879227, GPS(-43.520600, 172.583000, 0.000000, var=[-1.0, -1.0, -1.0])
20:22:53:027441, 1, 1, 1632986573.0254538, 11, GPS(-43.520554, 172.582938, 21.543899, var=[1.0, 1.0, 1.0]), 48.98888707503044, GPS(-43.520600, 172.583000, 0.000000, var=[-1.0, -1.0, -1.0])
20:22:53:027507, 2, 1, 1632986573.0254521, 12, GPS(-43.520554, 172.583062, 21.301926, var=[1.0, 1.0, 1.0]), 48.775698658599744, GPS(-43.520600, 172.583000, 0.000000, var=[-1.0, -1.0, -1.0])
20:22:54:025869, 1, 1, 1632986574.0257416, 12, GPS(-43.520554, 172.582939, 21.537899, var=[1.0, 1.0, 1.0]), 48.9834451683879, GPS(-43.520600, 172.583000, 0.000000, var=[-1.0, -1.0, -1.0])
20:22:54:026999, 4, 1, 1632986574.0269072, 11, GPS(-43.520645, 172.583063, 21.301781, var=[1.0, 1.0, 1.0]), 48.75721912207682, GPS(-43.520600, 172.583000, 0.000000, var=[-1.0, -1.0, -1.0])
20:22:54:027066, 2, 1, 1632986574.0269747, 13, GPS(-43.520554, 172.583062, 21.293926, var=[1.0, 1.0, 1.0]), 48.77301695832688, GPS(-43.520600, 172.583000, 0.000000, var=[-1.0, -1.0, -1.0])
20:22:54:027624, 3, 1, 1632986574.0275395, 11, GPS(-43.520645, 172.582939, 21.644754, var=[1.0, 1.0, 1.0]), 49.07755989475171, GPS(-43.520600, 172.583000, 0.000000, var=[-1.0, -1.0, -1.0])
20:22:54:029173, 3, 1, 1632986574.0277689, 12, GPS(-43.520645, 172.582939, 21.644754, var=[1.0, 1.0, 1.0]), 49.07755989475171, GPS(-43.520600, 172.583000, 0.000000, var=[-1.0, -1.0, -1.0])
20:22:54:029222, 4, 1, 1632986574.0277247, 12, GPS(-43.520645, 172.583063, 21.301781, var=[1.0, 1.0, 1.0]), 48.75721912207682, GPS(-43.520600, 172.583000, 0.000000, var=[-1.0, -1.0, -1.0])
20:22:54:030402, 1, 1, 1632986574.0277383, 13, GPS(-43.520554, 172.582939, 21.537899, var=[1.0, 1.0, 1.0]), 48.9834451683879, GPS(-43.520600, 172.583000, 0.000000, var=[-1.0, -1.0, -1.0])
20:22:54:030439, 2, 1, 1632986574.0277457, 14, GPS(-43.520554, 172.583062, 21.293926, var=[1.0, 1.0, 1.0]), 48.77301695832688, GPS(-43.520600, 172.583000, 0.000000, var=[-1.0, -1.0, -1.0])
20:22:55:027905, 3, 1, 1632986575.0277822, 13, GPS(-43.520646, 172.582939, 21.629754, var=[1.0, 1.0, 1.0]), 49.064217952589345, GPS(-43.520600, 172.583000, 0.000000, var=[-1.0, -1.0, -1.0])
20:22:55:028612, 2, 1, 1632986575.0284286, 15, GPS(-43.520554, 172.583063, 21.281925, var=[1.0, 1.0, 1.0]), 48.75872643382382, GPS(-43.520600, 172.583000, 0.000000, var=[-1.0, -1.0, -1.0])
20:22:55:029400, 1, 1, 1632986575.02928, 14, GPS(-43.520555, 172.582939, 21.524899, var=[1.0, 1.0, 1.0]), 48.964596083010335, GPS(-43.520600, 172.583000, 0.000000, var=[-1.0, -1.0, -1.0])
20:22:55:029469, 4, 1, 1632986575.029371, 13, GPS(-43.520645, 172.583063, 21.287781, var=[1.0, 1.0, 1.0]), 48.744197541523384, GPS(-43.520600, 172.583000, 0.000000, var=[-1.0, -1.0, -1.0])
20:22:55:030650, 4, 1, 1632986575.030508, 14, GPS(-43.520645, 172.583063, 21.287781, var=[1.0, 1.0, 1.0]), 48.744197541523384, GPS(-43.520600, 172.583000, 0.000000, var=[-1.0, -1.0, -1.0])
20:22:55:030708, 1, 1, 1632986575.0305176, 15, GPS(-43.520555, 172.582939, 21.524899, var=[1.0, 1.0, 1.0]), 48.964596083010335, GPS(-43.520600, 172.583000, 0.000000, var=[-1.0, -1.0, -1.0])
20:22:55:030754, 2, 1, 1632986575.0305364, 16, GPS(-43.520554, 172.583063, 21.281925, var=[1.0, 1.0, 1.0]), 48.75872643382382, GPS(-43.520600, 172.583000, 0.000000, var=[-1.0, -1.0, -1.0])
20:22:55:030799, 3, 1, 1632986575.030544, 14, GPS(-43.520646, 172.582939, 21.629754, var=[1.0, 1.0, 1.0]), 49.064217952589345, GPS(-43.520600, 172.583000, 0.000000, var=[-1.0, -1.0, -1.0])
20:22:56:031928, 2, 1, 1632986576.0317686, 17, GPS(-43.520554, 172.583063, 21.286925, var=[1.0, 1.0, 1.0]), 48.75394943135511, GPS(-43.520600, 172.583000, 0.000000, var=[-1.0, -1.0, -1.0])
20:22:56:032016, 3, 1, 1632986576.031807, 15, GPS(-43.520646, 172.582939, 21.628753, var=[1.0, 1.0, 1.0]), 49.063703431420386, GPS(-43.520600, 172.583000, 0.000000, var=[-1.0, -1.0, -1.0])
20:22:56:032204, 3, 1, 1632986576.0321107, 16, GPS(-43.520646, 172.582939, 21.628753, var=[1.0, 1.0, 1.0]), 49.063703431420386, GPS(-43.520600, 172.583000, 0.000000, var=[-1.0, -1.0, -1.0])
20:22:56:032268, 4, 2, 1632986576.032088, 15, GPS(-43.520645, 172.583063, 21.287781, var=[1.0, 1.0, 1.0]), 48.740296578255666, GPS(-43.520600, 172.583000, 0.000000, var=[-1.0, -1.0, -1.0])
20:22:56:033915, 1, 1, 1632986576.0320985, 16, GPS(-43.520555, 172.582939, 21.524899, var=[1.0, 1.0, 1.0]), 48.95335020118155, GPS(-43.520600, 172.583000, 0.000000, var=[-1.0, -1.0, -1.0])
20:22:56:033955, 2, 1, 1632986576.0322948, 18, GPS(-43.520554, 172.583063, 21.286925, var=[1.0, 1.0, 1.0]), 48.75394943135511, GPS(-43.520600, 172.583000, 0.000000, var=[-1.0, -1.0, -1.0])
20:22:57:032378, 1, 1, 1632986577.032242, 17, GPS(-43.520555, 172.582939, 21.519899, var=[1.0, 1.0, 1.0]), 48.93159278761553, GPS(-43.520600, 172.583000, 0.000000, var=[-1.0, -1.0, -1.0])
20:22:57:032649, 2, 1, 1632986577.0325584, 19, GPS(-43.520555, 172.583063, 21.287925, var=[1.0, 1.0, 1.0]), 48.72857021510214, GPS(-43.520600, 172.583000, 0.000000, var=[-1.0, -1.0, -1.0])
20:22:57:032702, 3, 1, 1632986577.0326152, 17, GPS(-43.520646, 172.582939, 21.626753, var=[1.0, 1.0, 1.0]), 49.04479622526084, GPS(-43.520600, 172.583000, 0.000000, var=[-1.0, -1.0, -1.0])
20:22:57:033898, 4, 2, 1632986577.0337737, 16, GPS(-43.520645, 172.583063, 21.281781, var=[1.0, 1.0, 1.0]), 48.72189328754626, GPS(-43.520600, 172.583000, 0.000000, var=[-1.0, -1.0, -1.0])
20:22:57:035400, 4, 2, 1632986577.0341547, 17, GPS(-43.520645, 172.583063, 21.282781, var=[1.0, 1.0, 1.0]), 48.722841590369214, GPS(-43.520600, 172.583000, 0.000000, var=[-1.0, -1.0, -1.0])
20:22:57:036542, 1, 1, 1632986577.0341682, 18, GPS(-43.520555, 172.582939, 21.519899, var=[1.0, 1.0, 1.0]), 48.93159278761553, GPS(-43.520600, 172.583000, 0.000000, var=[-1.0, -1.0, -1.0])
20:22:57:036593, 3, 1, 1632986577.0341845, 18, GPS(-43.520646, 172.582939, 21.626753, var=[1.0, 1.0, 1.0]), 49.04479622526084, GPS(-43.520600, 172.583000, 0.000000, var=[-1.0, -1.0, -1.0])
20:22:57:036638, 2, 1, 1632986577.0341885, 20, GPS(-43.520555, 172.583063, 21.287925, var=[1.0, 1.0, 1.0]), 48.72857021510214, GPS(-43.520600, 172.583000, 0.000000, var=[-1.0, -1.0, -1.0])
20:22:58:034346, 1, 1, 1632986578.0342283, 19, GPS(-43.520555, 172.582938, 21.513899, var=[1.0, 1.0, 1.0]), 48.9271818065378, GPS(-43.520600, 172.583000, 0.000000, var=[-1.0, -1.0, -1.0])
20:22:58:034941, 2, 1, 1632986578.0348382, 21, GPS(-43.520555, 172.583062, 21.287925, var=[1.0, 1.0, 1.0]), 48.71914127749234, GPS(-43.520600, 172.583000, 0.000000, var=[-1.0, -1.0, -1.0])
20:22:58:034991, 4, 2, 1632986578.0349135, 18, GPS(-43.520645, 172.583063, 21.280781, var=[1.0, 1.0, 1.0]), 48.71328903182621, GPS(-43.520600, 172.583000, 0.000000, var=[-1.0, -1.0, -1.0])
20:22:58:036170, 4, 2, 1632986578.035536, 19, GPS(-43.520645, 172.583063, 21.280781, var=[1.0, 1.0, 1.0]), 48.71328903182621, GPS(-43.520600, 172.583000, 0.000000, var=[-1.0, -1.0, -1.0])
20:22:58:036226, 1, 1, 1632986578.035546, 20, GPS(-43.520555, 172.582938, 21.513899, var=[1.0, 1.0, 1.0]), 48.9271818065378, GPS(-43.520600, 172.583000, 0.000000, var=[-1.0, -1.0, -1.0])
20:22:58:036272, 2, 1, 1632986578.0355551, 22, GPS(-43.520555, 172.583062, 21.287925, var=[1.0, 1.0, 1.0]), 48.71914127749234, GPS(-43.520600, 172.583000, 0.000000, var=[-1.0, -1.0, -1.0])
20:22:58:036316, 3, 2, 1632986578.0355873, 19, GPS(-43.520646, 172.582938, 21.631754, var=[1.0, 1.0, 1.0]), 49.04833150993532, GPS(-43.520600, 172.583000, 0.000000, var=[-1.0, -1.0, -1.0])
20:22:59:035819, 1, 1, 1632986579.0356903, 21, GPS(-43.520555, 172.582938, 21.525899, var=[1.0, 1.0, 1.0]), 48.93488434960388, GPS(-43.520600, 172.583000, 0.000000, var=[-1.0, -1.0, -1.0])
20:22:59:036187, 2, 1, 1632986579.036092, 23, GPS(-43.520555, 172.583062, 21.281925, var=[1.0, 1.0, 1.0]), 48.69974566779623, GPS(-43.520600, 172.583000, 0.000000, var=[-1.0, -1.0, -1.0])
20:22:59:036312, 3, 2, 1632986579.0361907, 20, GPS(-43.520646, 172.582938, 21.627754, var=[1.0, 1.0, 1.0]), 49.037280461802865, GPS(-43.520600, 172.583000, 0.000000, var=[-1.0, -1.0, -1.0])
20:22:59:036376, 2, 1, 1632986579.036284, 24, GPS(-43.520555, 172.583062, 21.281925, var=[1.0, 1.0, 1.0]), 48.69974566779623, GPS(-43.520600, 172.583000, 0.000000, var=[-1.0, -1.0, -1.0])
20:22:59:036427, 1, 1, 1632986579.0362735, 22, GPS(-43.520555, 172.582938, 21.525899, var=[1.0, 1.0, 1.0]), 48.93488434960388, GPS(-43.520600, 172.583000, 0.000000, var=[-1.0, -1.0, -1.0])
20:22:59:036475, 4, 2, 1632986579.0362759, 20, GPS(-43.520645, 172.583063, 21.276781, var=[1.0, 1.0, 1.0]), 48.69255786773857, GPS(-43.520600, 172.583000, 0.000000, var=[-1.0, -1.0, -1.0])
20:22:59:038676, 3, 2, 1632986579.036326, 21, GPS(-43.520646, 172.582938, 21.627754, var=[1.0, 1.0, 1.0]), 49.037280461802865, GPS(-43.520600, 172.583000, 0.000000, var=[-1.0, -1.0, -1.0])
20:23:00:036510, 1, 1, 1632986580.0363276, 23, GPS(-43.520555, 172.582938, 21.520899, var=[1.0, 1.0, 1.0]), 48.9463918717608, GPS(-43.520600, 172.583000, 0.000000, var=[-1.0, -1.0, -1.0])
20:23:00:037650, 3, 2, 1632986580.0375454, 22, GPS(-43.520646, 172.582938, 21.630754, var=[1.0, 1.0, 1.0]), 49.04964769700143, GPS(-43.520600, 172.583000, 0.000000, var=[-1.0, -1.0, -1.0])
20:23:00:037798, 4, 2, 1632986580.037707, 21, GPS(-43.520645, 172.583063, 21.275781, var=[1.0, 1.0, 1.0]), 48.703605327000936, GPS(-43.520600, 172.583000, 0.000000, var=[-1.0, -1.0, -1.0])
20:23:00:039175, 4, 2, 1632986580.038732, 22, GPS(-43.520645, 172.583063, 21.275781, var=[1.0, 1.0, 1.0]), 48.703605327000936, GPS(-43.520600, 172.583000, 0.000000, var=[-1.0, -1.0, -1.0])
20:23:00:040056, 2, 2, 1632986580.0378044, 25, GPS(-43.520555, 172.583062, 21.276925, var=[1.0, 1.0, 1.0]), 48.70270787162987, GPS(-43.520600, 172.583000, 0.000000, var=[-1.0, -1.0, -1.0])
20:23:00:040092, 1, 1, 1632986580.0387576, 24, GPS(-43.520555, 172.582938, 21.520899, var=[1.0, 1.0, 1.0]), 48.9463918717608, GPS(-43.520600, 172.583000, 0.000000, var=[-1.0, -1.0, -1.0])
20:23:00:040121, 3, 2, 1632986580.0387733, 23, GPS(-43.520646, 172.582938, 21.630754, var=[1.0, 1.0, 1.0]), 49.04964769700143, GPS(-43.520600, 172.583000, 0.000000, var=[-1.0, -1.0, -1.0])
20:23:00:040149, 2, 2, 1632986580.0387478, 26, GPS(-43.520555, 172.583062, 21.276925, var=[1.0, 1.0, 1.0]), 48.70270787162987, GPS(-43.520600, 172.583000, 0.000000, var=[-1.0, -1.0, -1.0])
20:23:01:038963, 2, 2, 1632986581.0387878, 27, GPS(-43.520555, 172.583062, 21.279925, var=[1.0, 1.0, 1.0]), 48.69656430464076, GPS(-43.520600, 172.583000, 0.000000, var=[-1.0, -1.0, -1.0])
20:23:01:039421, 1, 1, 1632986581.0392773, 25, GPS(-43.520555, 172.582938, 21.526899, var=[1.0, 1.0, 1.0]), 48.942401678077644, GPS(-43.520600, 172.583000, 0.000000, var=[-1.0, -1.0, -1.0])
20:23:01:039486, 2, 2, 1632986581.0393715, 28, GPS(-43.520555, 172.583062, 21.279925, var=[1.0, 1.0, 1.0]), 48.69656430464076, GPS(-43.520600, 172.583000, 0.000000, var=[-1.0, -1.0, -1.0])
20:23:01:039581, 4, 2, 1632986581.0394683, 23, GPS(-43.520645, 172.583063, 21.275781, var=[1.0, 1.0, 1.0]), 48.69461518490382, GPS(-43.520600, 172.583000, 0.000000, var=[-1.0, -1.0, -1.0])
20:23:01:040866, 3, 2, 1632986581.0395415, 24, GPS(-43.520646, 172.582938, 21.645754, var=[1.0, 1.0, 1.0]), 49.05561932769541, GPS(-43.520600, 172.583000, 0.000000, var=[-1.0, -1.0, -1.0])
20:23:02:039660, 1, 2, 1632986582.0395124, 26, GPS(-43.520555, 172.582938, 21.535899, var=[1.0, 1.0, 1.0]), 48.957947077737714, GPS(-43.520600, 172.583000, 0.000000, var=[-1.0, -1.0, -1.0])
20:23:02:040985, 3, 2, 1632986582.0408535, 25, GPS(-43.520646, 172.582938, 21.658754, var=[1.0, 1.0, 1.0]), 49.07002290748058, GPS(-43.520600, 172.583000, 0.000000, var=[-1.0, -1.0, -1.0])
20:23:02:041050, 2, 2, 1632986582.040938, 29, GPS(-43.520555, 172.583062, 21.291925, var=[1.0, 1.0, 1.0]), 48.72103055744654, GPS(-43.520600, 172.583000, 0.000000, var=[-1.0, -1.0, -1.0])
20:23:02:041091, 1, 2, 1632986582.0409286, 27, GPS(-43.520555, 172.582938, 21.535899, var=[1.0, 1.0, 1.0]), 48.957947077737714, GPS(-43.520600, 172.583000, 0.000000, var=[-1.0, -1.0, -1.0])
20:23:02:041122, 4, 2, 1632986582.0409253, 24, GPS(-43.520645, 172.583063, 21.296781, var=[1.0, 1.0, 1.0]), 48.721540180160545, GPS(-43.520600, 172.583000, 0.000000, var=[-1.0, -1.0, -1.0])
20:23:02:042219, 3, 2, 1632986582.041003, 26, GPS(-43.520646, 172.582938, 21.658754, var=[1.0, 1.0, 1.0]), 49.07002290748058, GPS(-43.520600, 172.583000, 0.000000, var=[-1.0, -1.0, -1.0])
20:23:03:041619, 2, 2, 1632986583.0414822, 30, GPS(-43.520555, 172.583062, 21.305925, var=[1.0, 1.0, 1.0]), 48.75441582157199, GPS(-43.520600, 172.583000, 0.000000, var=[-1.0, -1.0, -1.0])
20:23:03:041780, 4, 2, 1632986583.0416799, 25, GPS(-43.520645, 172.583063, 21.305781, var=[1.0, 1.0, 1.0]), 48.754532312570745, GPS(-43.520600, 172.583000, 0.000000, var=[-1.0, -1.0, -1.0])
20:23:03:043419, 4, 2, 1632986583.0423222, 26, GPS(-43.520645, 172.583063, 21.305781, var=[1.0, 1.0, 1.0]), 48.754532312570745, GPS(-43.520600, 172.583000, 0.000000, var=[-1.0, -1.0, -1.0])
20:23:03:045709, 3, 2, 1632986583.042005, 27, GPS(-43.520645, 172.582938, 21.672754, var=[1.0, 1.0, 1.0]), 49.09811285381281, GPS(-43.520600, 172.583000, 0.000000, var=[-1.0, -1.0, -1.0])
20:23:03:045886, 2, 2, 1632986583.0423582, 31, GPS(-43.520555, 172.583062, 21.305925, var=[1.0, 1.0, 1.0]), 48.75441582157199, GPS(-43.520600, 172.583000, 0.000000, var=[-1.0, -1.0, -1.0])
20:23:03:045993, 1, 2, 1632986583.0423644, 28, GPS(-43.520555, 172.582938, 21.557899, var=[1.0, 1.0, 1.0]), 48.99606826693558, GPS(-43.520600, 172.583000, 0.000000, var=[-1.0, -1.0, -1.0])
20:23:03:046156, 3, 2, 1632986583.042372, 28, GPS(-43.520645, 172.582938, 21.672754, var=[1.0, 1.0, 1.0]), 49.09811285381281, GPS(-43.520600, 172.583000, 0.000000, var=[-1.0, -1.0, -1.0])
20:23:04:043232, 3, 2, 1632986584.0430784, 29, GPS(-43.520645, 172.582938, 21.672754, var=[1.0, 1.0, 1.0]), 49.104885013242615, GPS(-43.520600, 172.583000, 0.000000, var=[-1.0, -1.0, -1.0])
20:23:04:044725, 1, 2, 1632986584.0434933, 29, GPS(-43.520555, 172.582938, 21.567899, var=[1.0, 1.0, 1.0]), 49.00876346479971, GPS(-43.520600, 172.583000, 0.000000, var=[-1.0, -1.0, -1.0])
20:23:04:044785, 4, 2, 1632986584.0434835, 27, GPS(-43.520645, 172.583063, 21.318781, var=[1.0, 1.0, 1.0]), 48.779672828244514, GPS(-43.520600, 172.583000, 0.000000, var=[-1.0, -1.0, -1.0])
20:23:04:045800, 3, 2, 1632986584.043515, 30, GPS(-43.520645, 172.582938, 21.672754, var=[1.0, 1.0, 1.0]), 49.104885013242615, GPS(-43.520600, 172.583000, 0.000000, var=[-1.0, -1.0, -1.0])
20:23:04:045859, 2, 2, 1632986584.0435019, 32, GPS(-43.520555, 172.583062, 21.323925, var=[1.0, 1.0, 1.0]), 48.78677421037348, GPS(-43.520600, 172.583000, 0.000000, var=[-1.0, -1.0, -1.0])
20:23:05:043761, 1, 2, 1632986585.0436401, 30, GPS(-43.520555, 172.582938, 21.588899, var=[1.0, 1.0, 1.0]), 49.049883502910305, GPS(-43.520600, 172.583000, 0.000000, var=[-1.0, -1.0, -1.0])
20:23:05:044607, 3, 2, 1632986585.0445125, 31, GPS(-43.520645, 172.582939, 21.709754, var=[1.0, 1.0, 1.0]), 49.1563029182347, GPS(-43.520600, 172.583000, 0.000000, var=[-1.0, -1.0, -1.0])
20:23:05:045388, 4, 2, 1632986585.0452764, 28, GPS(-43.520645, 172.583063, 21.348781, var=[1.0, 1.0, 1.0]), 48.82976832983743, GPS(-43.520600, 172.583000, 0.000000, var=[-1.0, -1.0, -1.0])
20:23:05:046740, 4, 2, 1632986585.0458887, 29, GPS(-43.520645, 172.583063, 21.348781, var=[1.0, 1.0, 1.0]), 48.82976832983743, GPS(-43.520600, 172.583000, 0.000000, var=[-1.0, -1.0, -1.0])
20:23:05:047675, 2, 2, 1632986585.045589, 33, GPS(-43.520555, 172.583062, 21.338925, var=[1.0, 1.0, 1.0]), 48.82079629666229, GPS(-43.520600, 172.583000, 0.000000, var=[-1.0, -1.0, -1.0])
20:23:05:047721, 1, 2, 1632986585.045912, 31, GPS(-43.520555, 172.582938, 21.588899, var=[1.0, 1.0, 1.0]), 49.049883502910305, GPS(-43.520600, 172.583000, 0.000000, var=[-1.0, -1.0, -1.0])
20:23:05:047758, 3, 2, 1632986585.0459356, 32, GPS(-43.520645, 172.582939, 21.709754, var=[1.0, 1.0, 1.0]), 49.1563029182347, GPS(-43.520600, 172.583000, 0.000000, var=[-1.0, -1.0, -1.0])
20:23:05:047792, 2, 2, 1632986585.0459082, 34, GPS(-43.520555, 172.583062, 21.338925, var=[1.0, 1.0, 1.0]), 48.82079629666229, GPS(-43.520600, 172.583000, 0.000000, var=[-1.0, -1.0, -1.0])
20:23:06:046661, 3, 2, 1632986586.0465324, 33, GPS(-43.520645, 172.582939, 21.708754, var=[1.0, 1.0, 1.0]), 49.16931113572032, GPS(-43.520600, 172.583000, 0.000000, var=[-1.0, -1.0, -1.0])
20:23:06:046924, 4, 2, 1632986586.0467942, 30, GPS(-43.520645, 172.583063, 21.370781, var=[1.0, 1.0, 1.0]), 48.86746182609646, GPS(-43.520600, 172.583000, 0.000000, var=[-1.0, -1.0, -1.0])
20:23:06:048081, 3, 2, 1632986586.0468225, 34, GPS(-43.520645, 172.582939, 21.708754, var=[1.0, 1.0, 1.0]), 49.16931113572032, GPS(-43.520600, 172.583000, 0.000000, var=[-1.0, -1.0, -1.0])
20:23:06:048124, 1, 2, 1632986586.0468009, 32, GPS(-43.520554, 172.582939, 21.617899, var=[1.0, 1.0, 1.0]), 49.09139070729864, GPS(-43.520600, 172.583000, 0.000000, var=[-1.0, -1.0, -1.0])
20:23:06:048161, 2, 2, 1632986586.0468082, 35, GPS(-43.520554, 172.583062, 21.359925, var=[1.0, 1.0, 1.0]), 48.86251402709829, GPS(-43.520600, 172.583000, 0.000000, var=[-1.0, -1.0, -1.0])
20:23:07:047166, 4, 3, 1632986587.0470448, 31, GPS(-43.520645, 172.583063, 21.377781, var=[1.0, 1.0, 1.0]), 48.89987842966933, GPS(-43.520600, 172.583000, 0.000000, var=[-1.0, -1.0, -1.0])
20:23:07:048534, 4, 3, 1632986587.048165, 32, GPS(-43.520645, 172.583063, 21.377781, var=[1.0, 1.0, 1.0]), 48.89987842966933, GPS(-43.520600, 172.583000, 0.000000, var=[-1.0, -1.0, -1.0])
20:23:07:050017, 1, 2, 1632986587.047164, 33, GPS(-43.520554, 172.582939, 21.615899, var=[1.0, 1.0, 1.0]), 49.11300927922791, GPS(-43.520600, 172.583000, 0.000000, var=[-1.0, -1.0, -1.0])
20:23:07:050081, 3, 2, 1632986587.0475044, 35, GPS(-43.520645, 172.582939, 21.736754, var=[1.0, 1.0, 1.0]), 49.21774804554534, GPS(-43.520600, 172.583000, 0.000000, var=[-1.0, -1.0, -1.0])
20:23:07:050152, 2, 2, 1632986587.0481753, 36, GPS(-43.520554, 172.583063, 21.373925, var=[1.0, 1.0, 1.0]), 48.90642596608305, GPS(-43.520600, 172.583000, 0.000000, var=[-1.0, -1.0, -1.0])
20:23:07:050206, 3, 2, 1632986587.0481827, 36, GPS(-43.520645, 172.582939, 21.736754, var=[1.0, 1.0, 1.0]), 49.21774804554534, GPS(-43.520600, 172.583000, 0.000000, var=[-1.0, -1.0, -1.0])
20:23:07:050258, 1, 2, 1632986587.0481715, 34, GPS(-43.520554, 172.582939, 21.615899, var=[1.0, 1.0, 1.0]), 49.11300927922791, GPS(-43.520600, 172.583000, 0.000000, var=[-1.0, -1.0, -1.0])
20:23:08:048481, 1, 2, 1632986588.0483496, 35, GPS(-43.520554, 172.582939, 21.638900, var=[1.0, 1.0, 1.0]), 49.13866550044896, GPS(-43.520600, 172.583000, 0.000000, var=[-1.0, -1.0, -1.0])
20:23:08:048670, 1, 2, 1632986588.0485957, 36, GPS(-43.520554, 172.582939, 21.638900, var=[1.0, 1.0, 1.0]), 49.13866550044896, GPS(-43.520600, 172.583000, 0.000000, var=[-1.0, -1.0, -1.0])
20:23:08:048742, 3, 2, 1632986588.0486362, 37, GPS(-43.520645, 172.582939, 21.752754, var=[1.0, 1.0, 1.0]), 49.234361779026486, GPS(-43.520600, 172.583000, 0.000000, var=[-1.0, -1.0, -1.0])
20:23:08:048787, 2, 2, 1632986588.0486045, 37, GPS(-43.520555, 172.583063, 21.386925, var=[1.0, 1.0, 1.0]), 48.930720122631044, GPS(-43.520600, 172.583000, 0.000000, var=[-1.0, -1.0, -1.0])
20:23:08:048822, 4, 3, 1632986588.0487032, 33, GPS(-43.520656, 172.583080, 21.468767, var=[1.0, 1.0, 1.0]), 49.65276974676783, GPS(-43.520600, 172.583000, 0.000000, var=[-1.0, -1.0, -1.0])
20:23:09:049035, 3, 3, 1632986589.0489054, 38, GPS(-43.520645, 172.582939, 21.772754, var=[1.0, 1.0, 1.0]), 49.25870195396103, GPS(-43.520600, 172.583000, 0.000000, var=[-1.0, -1.0, -1.0])
20:23:09:049107, 1, 2, 1632986589.0489516, 37, GPS(-43.520554, 172.582939, 21.659900, var=[1.0, 1.0, 1.0]), 49.16392065374647, GPS(-43.520600, 172.583000, 0.000000, var=[-1.0, -1.0, -1.0])
20:23:09:049938, 4, 3, 1632986589.0498276, 34, GPS(-43.520680, 172.583114, 21.380735, var=[1.0, 1.0, 1.0]), 51.31085605563713, GPS(-43.520600, 172.583000, 0.000000, var=[-1.0, -1.0, -1.0])
20:23:09:051140, 4, 3, 1632986589.050901, 35, GPS(-43.520680, 172.583114, 21.380735, var=[1.0, 1.0, 1.0]), 51.31085605563713, GPS(-43.520600, 172.583000, 0.000000, var=[-1.0, -1.0, -1.0])
20:23:09:052280, 2, 2, 1632986589.0500546, 38, GPS(-43.520554, 172.583063, 21.397925, var=[1.0, 1.0, 1.0]), 48.953178103391224, GPS(-43.520600, 172.583000, 0.000000, var=[-1.0, -1.0, -1.0])
20:23:09:052320, 1, 2, 1632986589.0509217, 38, GPS(-43.520554, 172.582939, 21.659900, var=[1.0, 1.0, 1.0]), 49.16392065374647, GPS(-43.520600, 172.583000, 0.000000, var=[-1.0, -1.0, -1.0])
20:23:09:052355, 3, 3, 1632986589.0509524, 39, GPS(-43.520645, 172.582939, 21.772754, var=[1.0, 1.0, 1.0]), 49.25870195396103, GPS(-43.520600, 172.583000, 0.000000, var=[-1.0, -1.0, -1.0])
20:23:09:052387, 2, 2, 1632986589.05092, 39, GPS(-43.520554, 172.583063, 21.397925, var=[1.0, 1.0, 1.0]), 48.953178103391224, GPS(-43.520600, 172.583000, 0.000000, var=[-1.0, -1.0, -1.0])
20:23:10:051295, 4, 4, 1632986590.0511746, 36, GPS(-43.520692, 172.583128, 21.380720, var=[1.0, 1.0, 1.0]), 52.256035828242986, GPS(-43.520600, 172.583000, 0.000000, var=[-1.0, -1.0, -1.0])
20:23:10:052678, 3, 3, 1632986590.0512092, 40, GPS(-43.520657, 172.582923, 21.652732, var=[1.0, 1.0, 1.0]), 49.80922581633398, GPS(-43.520600, 172.583000, 0.000000, var=[-1.0, -1.0, -1.0])
20:23:10:052724, 1, 2, 1632986590.051183, 39, GPS(-43.520554, 172.582939, 21.669900, var=[1.0, 1.0, 1.0]), 49.20094963737131, GPS(-43.520600, 172.583000, 0.000000, var=[-1.0, -1.0, -1.0])
20:23:10:052761, 2, 3, 1632986590.0511956, 40, GPS(-43.520554, 172.583063, 21.415925, var=[1.0, 1.0, 1.0]), 48.99167270349842, GPS(-43.520600, 172.583000, 0.000000, var=[-1.0, -1.0, -1.0])
20:23:11:051363, 1, 3, 1632986591.051245, 40, GPS(-43.520554, 172.582939, 21.683899, var=[1.0, 1.0, 1.0]), 49.23932637929805, GPS(-43.520600, 172.583000, 0.000000, var=[-1.0, -1.0, -1.0])
20:23:11:053306, 1, 3, 1632986591.05272, 41, GPS(-43.520554, 172.582939, 21.683899, var=[1.0, 1.0, 1.0]), 49.23932637929805, GPS(-43.520600, 172.583000, 0.000000, var=[-1.0, -1.0, -1.0])
20:23:11:053367, 4, 4, 1632986591.0527089, 37, GPS(-43.520693, 172.583128, 21.390717, var=[1.0, 1.0, 1.0]), 52.33532980339872, GPS(-43.520600, 172.583000, 0.000000, var=[-1.0, -1.0, -1.0])
20:23:11:054808, 2, 3, 1632986591.052727, 41, GPS(-43.520542, 172.583081, 21.495950, var=[1.0, 1.0, 1.0]), 49.812043816242685, GPS(-43.520600, 172.583000, 0.000000, var=[-1.0, -1.0, -1.0])
20:23:11:054853, 3, 3, 1632986591.0527437, 41, GPS(-43.520682, 172.582890, 21.454685, var=[1.0, 1.0, 1.0]), 51.389659882707384, GPS(-43.520600, 172.583000, 0.000000, var=[-1.0, -1.0, -1.0])
20:23:12:053867, 4, 4, 1632986592.0537133, 38, GPS(-43.520691, 172.583125, 21.403719, var=[1.0, 1.0, 1.0]), 52.185399591951864, GPS(-43.520600, 172.583000, 0.000000, var=[-1.0, -1.0, -1.0])
20:23:12:055342, 4, 4, 1632986592.0548935, 39, GPS(-43.520691, 172.583125, 21.403719, var=[1.0, 1.0, 1.0]), 52.185399591951864, GPS(-43.520600, 172.583000, 0.000000, var=[-1.0, -1.0, -1.0])
20:23:12:056969, 2, 3, 1632986592.0537856, 42, GPS(-43.520516, 172.583113, 21.418996, var=[1.0, 1.0, 1.0]), 51.50893263755093, GPS(-43.520600, 172.583000, 0.000000, var=[-1.0, -1.0, -1.0])
20:23:12:057949, 3, 4, 1632986592.0541105, 42, GPS(-43.520692, 172.582874, 21.435666, var=[1.0, 1.0, 1.0]), 52.296491977842734, GPS(-43.520600, 172.583000, 0.000000, var=[-1.0, -1.0, -1.0])
20:23:12:058919, 1, 3, 1632986592.0541675, 42, GPS(-43.520542, 172.582921, 21.596915, var=[1.0, 1.0, 1.0]), 49.85182811473789, GPS(-43.520600, 172.583000, 0.000000, var=[-1.0, -1.0, -1.0])
20:23:12:059979, 1, 3, 1632986592.0551424, 43, GPS(-43.520542, 172.582921, 21.596915, var=[1.0, 1.0, 1.0]), 49.85182811473789, GPS(-43.520600, 172.583000, 0.000000, var=[-1.0, -1.0, -1.0])
20:23:12:061078, 2, 3, 1632986592.0549736, 43, GPS(-43.520516, 172.583113, 21.418996, var=[1.0, 1.0, 1.0]), 51.50893263755093, GPS(-43.520600, 172.583000, 0.000000, var=[-1.0, -1.0, -1.0])
20:23:12:062010, 3, 4, 1632986592.054938, 43, GPS(-43.520692, 172.582874, 21.435666, var=[1.0, 1.0, 1.0]), 52.296491977842734, GPS(-43.520600, 172.583000, 0.000000, var=[-1.0, -1.0, -1.0])
20:23:13:055839, 3, 4, 1632986593.0556862, 44, GPS(-43.520692, 172.582872, 21.442666, var=[1.0, 1.0, 1.0]), 52.36117960037547, GPS(-43.520600, 172.583000, 0.000000, var=[-1.0, -1.0, -1.0])
20:23:13:057062, 4, 4, 1632986593.0566459, 40, GPS(-43.520690, 172.583123, 21.420721, var=[1.0, 1.0, 1.0]), 52.103758523639584, GPS(-43.520600, 172.583000, 0.000000, var=[-1.0, -1.0, -1.0])
20:23:13:059524, 1, 3, 1632986593.0565455, 44, GPS(-43.520519, 172.582886, 21.457945, var=[1.0, 1.0, 1.0]), 51.4830237387506, GPS(-43.520600, 172.583000, 0.000000, var=[-1.0, -1.0, -1.0])
20:23:13:060362, 3, 4, 1632986593.057086, 45, GPS(-43.520692, 172.582872, 21.442666, var=[1.0, 1.0, 1.0]), 52.36117960037547, GPS(-43.520600, 172.583000, 0.000000, var=[-1.0, -1.0, -1.0])
20:23:13:061103, 2, 4, 1632986593.0571828, 44, GPS(-43.520507, 172.583127, 21.418015, var=[1.0, 1.0, 1.0]), 52.36418043246152, GPS(-43.520600, 172.583000, 0.000000, var=[-1.0, -1.0, -1.0])
20:23:13:063986, 4, 4, 1632986593.0570204, 41, GPS(-43.520690, 172.583123, 21.420721, var=[1.0, 1.0, 1.0]), 52.103758523639584, GPS(-43.520600, 172.583000, 0.000000, var=[-1.0, -1.0, -1.0])
20:23:13:067137, 1, 3, 1632986593.057145, 45, GPS(-43.520519, 172.582886, 21.457945, var=[1.0, 1.0, 1.0]), 51.4830237387506, GPS(-43.520600, 172.583000, 0.000000, var=[-1.0, -1.0, -1.0])
20:23:14:058047, 4, 4, 1632986594.0579195, 42, GPS(-43.520690, 172.583123, 21.434722, var=[1.0, 1.0, 1.0]), 52.10301079126974, GPS(-43.520600, 172.583000, 0.000000, var=[-1.0, -1.0, -1.0])
20:23:14:060706, 4, 4, 1632986594.058481, 43, GPS(-43.520690, 172.583123, 21.434722, var=[1.0, 1.0, 1.0]), 52.10301079126974, GPS(-43.520600, 172.583000, 0.000000, var=[-1.0, -1.0, -1.0])
20:23:14:062645, 1, 4, 1632986594.0581038, 46, GPS(-43.520508, 172.582872, 21.455960, var=[1.0, 1.0, 1.0]), 52.3710886027589, GPS(-43.520600, 172.583000, 0.000000, var=[-1.0, -1.0, -1.0])
20:23:14:063773, 3, 4, 1632986594.0585213, 46, GPS(-43.520690, 172.582874, 21.451669, var=[1.0, 1.0, 1.0]), 52.2141638750559, GPS(-43.520600, 172.583000, 0.000000, var=[-1.0, -1.0, -1.0])
20:23:14:064927, 2, 4, 1632986594.058504, 45, GPS(-43.520507, 172.583129, 21.439014, var=[1.0, 1.0, 1.0]), 52.40483785366664, GPS(-43.520600, 172.583000, 0.000000, var=[-1.0, -1.0, -1.0])
20:23:14:065846, 1, 4, 1632986594.0584807, 47, GPS(-43.520508, 172.582872, 21.455960, var=[1.0, 1.0, 1.0]), 52.3710886027589, GPS(-43.520600, 172.583000, 0.000000, var=[-1.0, -1.0, -1.0])
20:23:15:059438, 4, 4, 1632986595.0592797, 44, GPS(-43.520690, 172.583124, 21.456722, var=[1.0, 1.0, 1.0]), 52.145874113203845, GPS(-43.520600, 172.583000, 0.000000, var=[-1.0, -1.0, -1.0])
20:23:15:061676, 1, 4, 1632986595.059296, 48, GPS(-43.520507, 172.582873, 21.468962, var=[1.0, 1.0, 1.0]), 52.42247589944574, GPS(-43.520600, 172.583000, 0.000000, var=[-1.0, -1.0, -1.0])
20:23:15:062602, 2, 4, 1632986595.0593798, 46, GPS(-43.520510, 172.583126, 21.452010, var=[1.0, 1.0, 1.0]), 52.259969957675324, GPS(-43.520600, 172.583000, 0.000000, var=[-1.0, -1.0, -1.0])
20:23:15:063800, 3, 4, 1632986595.0596597, 47, GPS(-43.520689, 172.582876, 21.470671, var=[1.0, 1.0, 1.0]), 52.140315173969356, GPS(-43.520600, 172.583000, 0.000000, var=[-1.0, -1.0, -1.0])
20:23:15:065113, 4, 4, 1632986595.059661, 45, GPS(-43.520690, 172.583124, 21.456722, var=[1.0, 1.0, 1.0]), 52.145874113203845, GPS(-43.520600, 172.583000, 0.000000, var=[-1.0, -1.0, -1.0])
20:23:15:067552, 1, 4, 1632986595.0596247, 49, GPS(-43.520507, 172.582873, 21.468962, var=[1.0, 1.0, 1.0]), 52.42247589944574, GPS(-43.520600, 172.583000, 0.000000, var=[-1.0, -1.0, -1.0])
20:23:15:068634, 2, 4, 1632986595.0596316, 47, GPS(-43.520510, 172.583126, 21.452010, var=[1.0, 1.0, 1.0]), 52.259969957675324, GPS(-43.520600, 172.583000, 0.000000, var=[-1.0, -1.0, -1.0])
20:23:16:060244, 1, 4, 1632986596.0600917, 50, GPS(-43.520508, 172.582876, 21.472960, var=[1.0, 1.0, 1.0]), 52.252750975401476, GPS(-43.520600, 172.583000, 0.000000, var=[-1.0, -1.0, -1.0])
20:23:16:061330, 1, 4, 1632986596.0609004, 51, GPS(-43.520508, 172.582876, 21.472960, var=[1.0, 1.0, 1.0]), 52.252750975401476, GPS(-43.520600, 172.583000, 0.000000, var=[-1.0, -1.0, -1.0])
20:23:16:062261, 4, 4, 1632986596.0601914, 46, GPS(-43.520690, 172.583124, 21.463722, var=[1.0, 1.0, 1.0]), 52.1810622167081, GPS(-43.520600, 172.583000, 0.000000, var=[-1.0, -1.0, -1.0])
20:23:16:064037, 2, 4, 1632986596.0602748, 48, GPS(-43.520511, 172.583125, 21.463008, var=[1.0, 1.0, 1.0]), 52.173839368673825, GPS(-43.520600, 172.583000, 0.000000, var=[-1.0, -1.0, -1.0])
20:23:16:065304, 3, 4, 1632986596.0608404, 48, GPS(-43.520689, 172.582876, 21.481671, var=[1.0, 1.0, 1.0]), 52.143141074112336, GPS(-43.520600, 172.583000, 0.000000, var=[-1.0, -1.0, -1.0])
20:23:16:066234, 2, 4, 1632986596.0608144, 49, GPS(-43.520511, 172.583125, 21.463008, var=[1.0, 1.0, 1.0]), 52.173839368673825, GPS(-43.520600, 172.583000, 0.000000, var=[-1.0, -1.0, -1.0])
20:23:16:067116, 4, 4, 1632986596.0607903, 47, GPS(-43.520690, 172.583124, 21.463722, var=[1.0, 1.0, 1.0]), 52.1810622167081, GPS(-43.520600, 172.583000, 0.000000, var=[-1.0, -1.0, -1.0])
20:23:17:061450, 2, 4, 1632986597.0613244, 50, GPS(-43.520511, 172.583124, 21.469008, var=[1.0, 1.0, 1.0]), 52.174102956231096, GPS(-43.520600, 172.583000, 0.000000, var=[-1.0, -1.0, -1.0])
20:23:17:062426, 4, 4, 1632986597.0621068, 48, GPS(-43.520690, 172.583125, 21.464722, var=[1.0, 1.0, 1.0]), 52.204681297730886, GPS(-43.520600, 172.583000, 0.000000, var=[-1.0, -1.0, -1.0])
20:23:17:064498, 3, 4, 1632986597.061889, 49, GPS(-43.520690, 172.582876, 21.471670, var=[1.0, 1.0, 1.0]), 52.16926352260594, GPS(-43.520600, 172.583000, 0.000000, var=[-1.0, -1.0, -1.0])
20:23:17:065474, 1, 4, 1632986597.061943, 52, GPS(-43.520510, 172.582877, 21.480958, var=[1.0, 1.0, 1.0]), 52.184281517209754, GPS(-43.520600, 172.583000, 0.000000, var=[-1.0, -1.0, -1.0])
20:23:17:066410, 3, 4, 1632986597.0632653, 50, GPS(-43.520690, 172.582876, 21.471670, var=[1.0, 1.0, 1.0]), 52.16926352260594, GPS(-43.520600, 172.583000, 0.000000, var=[-1.0, -1.0, -1.0])
20:23:17:092260, 1, 4, 1632986597.0921123, 53, GPS(-43.520510, 172.582877, 21.480958, var=[1.0, 1.0, 1.0]), 52.17929013565755, GPS(-43.520600, 172.583000, 0.000000, var=[-1.0, -1.0, -1.0])
20:23:17:094731, 4, 4, 1632986597.0945637, 49, GPS(-43.520690, 172.583125, 21.464722, var=[1.0, 1.0, 1.0]), 52.199689916178684, GPS(-43.520600, 172.583000, 0.000000, var=[-1.0, -1.0, -1.0])
20:23:17:096890, 2, 4, 1632986597.0949903, 51, GPS(-43.520511, 172.583124, 21.469008, var=[1.0, 1.0, 1.0]), 52.169111574678894, GPS(-43.520600, 172.583000, 0.000000, var=[-1.0, -1.0, -1.0])
20:23:18:063774, 3, 4, 1632986598.063636, 51, GPS(-43.520690, 172.582876, 21.477670, var=[1.0, 1.0, 1.0]), 52.19478362243223, GPS(-43.520600, 172.583000, 0.000000, var=[-1.0, -1.0, -1.0])
20:23:18:092759, 1, 4, 1632986598.092552, 54, GPS(-43.520510, 172.582876, 21.481957, var=[1.0, 1.0, 1.0]), 52.1709404213218, GPS(-43.520600, 172.583000, 0.000000, var=[-1.0, -1.0, -1.0])
20:23:18:097074, 4, 4, 1632986598.0957596, 50, GPS(-43.520690, 172.583124, 21.456722, var=[1.0, 1.0, 1.0]), 52.184764669687304, GPS(-43.520600, 172.583000, 0.000000, var=[-1.0, -1.0, -1.0])
20:23:18:099207, 1, 4, 1632986598.0957737, 55, GPS(-43.520510, 172.582876, 21.482957, var=[1.0, 1.0, 1.0]), 52.17177639601893, GPS(-43.520600, 172.583000, 0.000000, var=[-1.0, -1.0, -1.0])
20:23:18:100871, 2, 4, 1632986598.0957794, 52, GPS(-43.520510, 172.583124, 21.467008, var=[1.0, 1.0, 1.0]), 52.16546968484792, GPS(-43.520600, 172.583000, 0.000000, var=[-1.0, -1.0, -1.0])
20:23:18:102332, 3, 4, 1632986598.0958002, 52, GPS(-43.520690, 172.582876, 21.477670, var=[1.0, 1.0, 1.0]), 52.19478362243223, GPS(-43.520600, 172.583000, 0.000000, var=[-1.0, -1.0, -1.0])
20:23:19:096062, 1, 4, 1632986599.0959044, 56, GPS(-43.520510, 172.582876, 21.476957, var=[1.0, 1.0, 1.0]), 52.17823950486574, GPS(-43.520600, 172.583000, 0.000000, var=[-1.0, -1.0, -1.0])
20:23:19:097473, 3, 4, 1632986599.0971067, 53, GPS(-43.520690, 172.582876, 21.473670, var=[1.0, 1.0, 1.0]), 52.202198536108426, GPS(-43.520600, 172.583000, 0.000000, var=[-1.0, -1.0, -1.0])
20:23:19:098392, 2, 4, 1632986599.0970137, 53, GPS(-43.520510, 172.583124, 21.461009, var=[1.0, 1.0, 1.0]), 52.15356490358485, GPS(-43.520600, 172.583000, 0.000000, var=[-1.0, -1.0, -1.0])
20:23:19:099159, 4, 4, 1632986599.0970805, 51, GPS(-43.520690, 172.583124, 21.452721, var=[1.0, 1.0, 1.0]), 52.17022400282093, GPS(-43.520600, 172.583000, 0.000000, var=[-1.0, -1.0, -1.0])
20:23:19:101597, 1, 4, 1632986599.0982583, 57, GPS(-43.520510, 172.582876, 21.476957, var=[1.0, 1.0, 1.0]), 52.17823950486574, GPS(-43.520600, 172.583000, 0.000000, var=[-1.0, -1.0, -1.0])
20:23:19:102767, 3, 4, 1632986599.0982885, 54, GPS(-43.520690, 172.582876, 21.473670, var=[1.0, 1.0, 1.0]), 52.202198536108426, GPS(-43.520600, 172.583000, 0.000000, var=[-1.0, -1.0, -1.0])
20:23:19:103692, 2, 4, 1632986599.0982723, 54, GPS(-43.520510, 172.583124, 21.461009, var=[1.0, 1.0, 1.0]), 52.15356490358485, GPS(-43.520600, 172.583000, 0.000000, var=[-1.0, -1.0, -1.0])
20:23:19:104593, 4, 4, 1632986599.098251, 52, GPS(-43.520690, 172.583124, 21.452721, var=[1.0, 1.0, 1.0]), 52.17022400282093, GPS(-43.520600, 172.583000, 0.000000, var=[-1.0, -1.0, -1.0])
20:23:20:098569, 2, 4, 1632986600.0984383, 55, GPS(-43.520510, 172.583124, 21.458009, var=[1.0, 1.0, 1.0]), 52.160055739429026, GPS(-43.520600, 172.583000, 0.000000, var=[-1.0, -1.0, -1.0])
20:23:20:099552, 4, 4, 1632986600.098646, 53, GPS(-43.520690, 172.583124, 21.455721, var=[1.0, 1.0, 1.0]), 52.164399261326906, GPS(-43.520600, 172.583000, 0.000000, var=[-1.0, -1.0, -1.0])
20:23:20:101302, 4, 4, 1632986600.1000235, 54, GPS(-43.520690, 172.583124, 21.455721, var=[1.0, 1.0, 1.0]), 52.164399261326906, GPS(-43.520600, 172.583000, 0.000000, var=[-1.0, -1.0, -1.0])
20:23:20:105244, 1, 4, 1632986600.09954, 58, GPS(-43.520510, 172.582876, 21.462957, var=[1.0, 1.0, 1.0]), 52.180619355800204, GPS(-43.520600, 172.583000, 0.000000, var=[-1.0, -1.0, -1.0])
20:23:20:107049, 2, 4, 1632986600.1000512, 56, GPS(-43.520510, 172.583124, 21.458009, var=[1.0, 1.0, 1.0]), 52.160055739429026, GPS(-43.520600, 172.583000, 0.000000, var=[-1.0, -1.0, -1.0])
20:23:20:108487, 3, 4, 1632986600.1000743, 55, GPS(-43.520690, 172.582876, 21.452670, var=[1.0, 1.0, 1.0]), 52.17635368379715, GPS(-43.520600, 172.583000, 0.000000, var=[-1.0, -1.0, -1.0])
20:23:20:109615, 1, 4, 1632986600.1000288, 59, GPS(-43.520510, 172.582876, 21.462957, var=[1.0, 1.0, 1.0]), 52.180619355800204, GPS(-43.520600, 172.583000, 0.000000, var=[-1.0, -1.0, -1.0])
20:23:21:101840, 4, 4, 1632986601.1005256, 55, GPS(-43.520690, 172.583124, 21.451722, var=[1.0, 1.0, 1.0]), 52.130055105398924, GPS(-43.520600, 172.583000, 0.000000, var=[-1.0, -1.0, -1.0])
20:23:21:139252, 2, 4, 1632986601.1005363, 57, GPS(-43.520510, 172.583123, 21.457009, var=[1.0, 1.0, 1.0]), 52.14675936983412, GPS(-43.520600, 172.583000, 0.000000, var=[-1.0, -1.0, -1.0])
20:23:21:209763, 1, 4, 1632986601.1005456, 60, GPS(-43.520510, 172.582876, 21.456957, var=[1.0, 1.0, 1.0]), 52.1650674502112, GPS(-43.520600, 172.583000, 0.000000, var=[-1.0, -1.0, -1.0])
20:23:21:261916, 3, 4, 1632986601.1005533, 56, GPS(-43.520690, 172.582876, 21.453670, var=[1.0, 1.0, 1.0]), 52.159171939532676, GPS(-43.520600, 172.583000, 0.000000, var=[-1.0, -1.0, -1.0])
20:23:22:100955, 4, 4, 1632986602.1008253, 56, GPS(-43.520690, 172.583124, 21.452722, var=[1.0, 1.0, 1.0]), 52.12388989655396, GPS(-43.520600, 172.583000, 0.000000, var=[-1.0, -1.0, -1.0])
20:23:22:221262, 4, 5, 1632986602.1657302, 57, GPS(-43.520690, 172.583124, 21.454722, var=[1.0, 1.0, 1.0]), 52.13242744081944, GPS(-43.520600, 172.583000, 0.000000, var=[-1.0, -1.0, -1.0])
20:23:22:316951, 1, 4, 1632986602.1009479, 61, GPS(-43.520510, 172.582875, 21.457957, var=[1.0, 1.0, 1.0]), 52.16637841660315, GPS(-43.520600, 172.583000, 0.000000, var=[-1.0, -1.0, -1.0])
20:23:22:384056, 2, 4, 1632986602.1009572, 58, GPS(-43.520510, 172.583123, 21.463009, var=[1.0, 1.0, 1.0]), 52.13730366257056, GPS(-43.520600, 172.583000, 0.000000, var=[-1.0, -1.0, -1.0])
20:23:22:444792, 3, 4, 1632986602.1010742, 57, GPS(-43.520690, 172.582876, 21.448670, var=[1.0, 1.0, 1.0]), 52.15114658638831, GPS(-43.520600, 172.583000, 0.000000, var=[-1.0, -1.0, -1.0])
20:23:22:550721, 3, 5, 1632986602.160749, 58, GPS(-43.520690, 172.582876, 21.448670, var=[1.0, 1.0, 1.0]), 52.16114613082172, GPS(-43.520600, 172.583000, 0.000000, var=[-1.0, -1.0, -1.0])
20:23:22:636171, 1, 5, 1632986602.1543715, 62, GPS(-43.520510, 172.582875, 21.456957, var=[1.0, 1.0, 1.0]), 52.175543822787006, GPS(-43.520600, 172.583000, 0.000000, var=[-1.0, -1.0, -1.0])
20:23:22:708373, 2, 5, 1632986602.1589653, 59, GPS(-43.520510, 172.583123, 21.464009, var=[1.0, 1.0, 1.0]), 52.148138497497214, GPS(-43.520600, 172.583000, 0.000000, var=[-1.0, -1.0, -1.0])
20:23:23:154608, 1, 5, 1632986603.1544309, 63, GPS(-43.520510, 172.582876, 21.605957, var=[1.0, 1.0, 1.0]), 52.292387616338026, GPS(-43.520600, 172.583000, 0.000000, var=[-1.0, -1.0, -1.0])
20:23:23:247432, 4, 5, 1632986603.1677632, 58, GPS(-43.520690, 172.583124, 21.457722, var=[1.0, 1.0, 1.0]), 52.142258874938115, GPS(-43.520600, 172.583000, 0.000000, var=[-1.0, -1.0, -1.0])
20:23:23:359221, 2, 5, 1632986603.1601, 60, GPS(-43.520510, 172.583124, 21.455009, var=[1.0, 1.0, 1.0]), 52.145533143778636, GPS(-43.520600, 172.583000, 0.000000, var=[-1.0, -1.0, -1.0])
20:23:23:420429, 3, 5, 1632986603.160856, 59, GPS(-43.520690, 172.582876, 21.659670, var=[1.0, 1.0, 1.0]), 52.33419059162525, GPS(-43.520600, 172.583000, 0.000000, var=[-1.0, -1.0, -1.0])
20:23:23:542987, 1, 5, 1632986603.3033972, 64, GPS(-43.520510, 172.582876, 21.620957, var=[1.0, 1.0, 1.0]), 52.30293228409433, GPS(-43.520600, 172.583000, 0.000000, var=[-1.0, -1.0, -1.0])
20:23:23:637471, 4, 5, 1632986603.3272169, 59, GPS(-43.520690, 172.583124, 21.461722, var=[1.0, 1.0, 1.0]), 52.143600331947674, GPS(-43.520600, 172.583000, 0.000000, var=[-1.0, -1.0, -1.0])
20:23:23:751037, 2, 5, 1632986603.3158746, 61, GPS(-43.520510, 172.583124, 21.456009, var=[1.0, 1.0, 1.0]), 52.14436827945251, GPS(-43.520600, 172.583000, 0.000000, var=[-1.0, -1.0, -1.0])
20:23:23:840528, 3, 5, 1632986603.3261054, 60, GPS(-43.520690, 172.582876, 21.680670, var=[1.0, 1.0, 1.0]), 52.349769063438615, GPS(-43.520600, 172.583000, 0.000000, var=[-1.0, -1.0, -1.0])
20:23:24:305235, 1, 5, 1632986604.3050866, 65, GPS(-43.520510, 172.582876, 21.672957, var=[1.0, 1.0, 1.0]), 52.33590151243999, GPS(-43.520600, 172.583000, 0.000000, var=[-1.0, -1.0, -1.0])
20:23:24:393580, 4, 5, 1632986604.3291676, 60, GPS(-43.520690, 172.583124, 21.452722, var=[1.0, 1.0, 1.0]), 52.14234915082274, GPS(-43.520600, 172.583000, 0.000000, var=[-1.0, -1.0, -1.0])
20:23:24:497916, 2, 5, 1632986604.3160238, 62, GPS(-43.520510, 172.583124, 21.453009, var=[1.0, 1.0, 1.0]), 52.14065787713458, GPS(-43.520600, 172.583000, 0.000000, var=[-1.0, -1.0, -1.0])
20:23:24:574615, 3, 5, 1632986604.327444, 61, GPS(-43.520690, 172.582876, 21.758670, var=[1.0, 1.0, 1.0]), 52.4057768217622, GPS(-43.520600, 172.583000, 0.000000, var=[-1.0, -1.0, -1.0])
20:23:24:641814, 1, 5, 1632986604.4749148, 66, GPS(-43.520510, 172.582876, 21.676957, var=[1.0, 1.0, 1.0]), 52.32712673949452, GPS(-43.520600, 172.583000, 0.000000, var=[-1.0, -1.0, -1.0])
20:23:24:748557, 4, 5, 1632986604.4780588, 61, GPS(-43.520690, 172.583124, 21.453722, var=[1.0, 1.0, 1.0]), 52.12985360112896, GPS(-43.520600, 172.583000, 0.000000, var=[-1.0, -1.0, -1.0])
20:23:24:850809, 2, 5, 1632986604.4697773, 63, GPS(-43.520510, 172.583124, 21.455009, var=[1.0, 1.0, 1.0]), 52.13765597593691, GPS(-43.520600, 172.583000, 0.000000, var=[-1.0, -1.0, -1.0])
20:23:24:961611, 3, 5, 1632986604.4560318, 62, GPS(-43.520690, 172.582876, 21.762670, var=[1.0, 1.0, 1.0]), 52.40012439405921, GPS(-43.520600, 172.583000, 0.000000, var=[-1.0, -1.0, -1.0])
20:23:25:456284, 3, 5, 1632986605.4561272, 63, GPS(-43.520690, 172.582876, 21.789670, var=[1.0, 1.0, 1.0]), 52.40699775720595, GPS(-43.520600, 172.583000, 0.000000, var=[-1.0, -1.0, -1.0])
20:23:25:532878, 4, 5, 1632986605.4783876, 62, GPS(-43.520690, 172.583124, 21.451722, var=[1.0, 1.0, 1.0]), 52.13345371911201, GPS(-43.520600, 172.583000, 0.000000, var=[-1.0, -1.0, -1.0])
20:23:25:624380, 2, 5, 1632986605.4704595, 64, GPS(-43.520510, 172.583124, 21.455009, var=[1.0, 1.0, 1.0]), 52.15038583411314, GPS(-43.520600, 172.583000, 0.000000, var=[-1.0, -1.0, -1.0])
20:23:25:695516, 1, 5, 1632986605.4782095, 67, GPS(-43.520510, 172.582876, 21.697957, var=[1.0, 1.0, 1.0]), 52.33748476063073, GPS(-43.520600, 172.583000, 0.000000, var=[-1.0, -1.0, -1.0])
20:23:25:753407, 3, 5, 1632986605.6190436, 64, GPS(-43.520690, 172.582876, 21.792670, var=[1.0, 1.0, 1.0]), 52.41461121750943, GPS(-43.520600, 172.583000, 0.000000, var=[-1.0, -1.0, -1.0])
20:23:25:844830, 4, 5, 1632986605.5953639, 63, GPS(-43.520690, 172.583124, 21.450722, var=[1.0, 1.0, 1.0]), 52.1346138467988, GPS(-43.520600, 172.583000, 0.000000, var=[-1.0, -1.0, -1.0])
20:23:25:936436, 2, 5, 1632986605.6029572, 65, GPS(-43.520510, 172.583124, 21.458009, var=[1.0, 1.0, 1.0]), 52.154884752881316, GPS(-43.520600, 172.583000, 0.000000, var=[-1.0, -1.0, -1.0])
20:23:25:998814, 1, 5, 1632986605.5905793, 68, GPS(-43.520510, 172.582876, 21.698957, var=[1.0, 1.0, 1.0]), 52.34031782315208, GPS(-43.520600, 172.583000, 0.000000, var=[-1.0, -1.0, -1.0])
20:23:26:603376, 1, 5, 1632986606.5916746, 69, GPS(-43.520510, 172.582876, 21.700957, var=[1.0, 1.0, 1.0]), 52.3504853635007, GPS(-43.520600, 172.583000, 0.000000, var=[-1.0, -1.0, -1.0])
20:23:26:705139, 4, 5, 1632986606.5978868, 64, GPS(-43.520690, 172.583124, 21.472722, var=[1.0, 1.0, 1.0]), 52.15364735163967, GPS(-43.520600, 172.583000, 0.000000, var=[-1.0, -1.0, -1.0])
20:23:26:819619, 2, 5, 1632986606.6048799, 66, GPS(-43.520510, 172.583124, 21.451010, var=[1.0, 1.0, 1.0]), 52.17015138014801, GPS(-43.520600, 172.583000, 0.000000, var=[-1.0, -1.0, -1.0])
20:23:26:929711, 3, 5, 1632986606.6206114, 65, GPS(-43.520690, 172.582876, 21.813670, var=[1.0, 1.0, 1.0]), 52.42360698421383, GPS(-43.520600, 172.583000, 0.000000, var=[-1.0, -1.0, -1.0])
20:23:27:034283, 1, 5, 1632986606.786915, 70, GPS(-43.520510, 172.582876, 21.704957, var=[1.0, 1.0, 1.0]), 52.36686621384399, GPS(-43.520600, 172.583000, 0.000000, var=[-1.0, -1.0, -1.0])
20:23:27:137993, 4, 5, 1632986606.7769177, 65, GPS(-43.520690, 172.583124, 21.473722, var=[1.0, 1.0, 1.0]), 52.16751228370595, GPS(-43.520600, 172.583000, 0.000000, var=[-1.0, -1.0, -1.0])
20:23:27:246191, 2, 5, 1632986606.7719948, 67, GPS(-43.520510, 172.583124, 21.453010, var=[1.0, 1.0, 1.0]), 52.18484889587154, GPS(-43.520600, 172.583000, 0.000000, var=[-1.0, -1.0, -1.0])
20:23:27:303516, 3, 5, 1632986606.7606585, 66, GPS(-43.520690, 172.582876, 21.814670, var=[1.0, 1.0, 1.0]), 52.437476360366574, GPS(-43.520600, 172.583000, 0.000000, var=[-1.0, -1.0, -1.0])
20:23:27:762510, 3, 5, 1632986607.7623432, 67, GPS(-43.520690, 172.582876, 21.822670, var=[1.0, 1.0, 1.0]), 52.44511965214771, GPS(-43.520600, 172.583000, 0.000000, var=[-1.0, -1.0, -1.0])
20:23:27:824278, 1, 5, 1632986607.789043, 71, GPS(-43.520510, 172.582876, 21.700958, var=[1.0, 1.0, 1.0]), 52.371839122604044, GPS(-43.520600, 172.583000, 0.000000, var=[-1.0, -1.0, -1.0])
20:23:27:890707, 2, 5, 1632986607.7730613, 68, GPS(-43.520510, 172.583124, 21.454009, var=[1.0, 1.0, 1.0]), 52.182220148583625, GPS(-43.520600, 172.583000, 0.000000, var=[-1.0, -1.0, -1.0])
20:23:27:950408, 4, 5, 1632986607.7803574, 66, GPS(-43.520690, 172.583124, 21.466722, var=[1.0, 1.0, 1.0]), 52.161378027652766, GPS(-43.520600, 172.583000, 0.000000, var=[-1.0, -1.0, -1.0])
20:23:28:071707, 3, 5, 1632986607.8874216, 68, GPS(-43.520690, 172.582876, 21.821670, var=[1.0, 1.0, 1.0]), 52.444279685302796, GPS(-43.520600, 172.583000, 0.000000, var=[-1.0, -1.0, -1.0])
20:23:28:157117, 1, 5, 1632986607.8878045, 72, GPS(-43.520510, 172.582876, 21.700958, var=[1.0, 1.0, 1.0]), 52.371839122604044, GPS(-43.520600, 172.583000, 0.000000, var=[-1.0, -1.0, -1.0])
20:23:28:238630, 2, 5, 1632986607.8873818, 69, GPS(-43.520510, 172.583124, 21.455009, var=[1.0, 1.0, 1.0]), 52.18305437863727, GPS(-43.520600, 172.583000, 0.000000, var=[-1.0, -1.0, -1.0])
20:23:28:338229, 4, 5, 1632986607.887334, 67, GPS(-43.520690, 172.583124, 21.464722, var=[1.0, 1.0, 1.0]), 52.15970726014825, GPS(-43.520600, 172.583000, 0.000000, var=[-1.0, -1.0, -1.0])
20:23:28:887992, 3, 5, 1632986608.8878608, 69, GPS(-43.520690, 172.582876, 21.829670, var=[1.0, 1.0, 1.0]), 52.782463943880046, GPS(-43.520600, 172.583010, 0.000000, var=[-1.0, -1.0, -1.0])
20:23:28:966559, 3, 5, 1632986608.9518292, 70, GPS(-43.520690, 172.582876, 21.830670, var=[1.0, 1.0, 1.0]), 52.783293886599395, GPS(-43.520600, 172.583010, 0.000000, var=[-1.0, -1.0, -1.0])
20:23:29:044661, 4, 5, 1632986608.8881018, 68, GPS(-43.520690, 172.583124, 21.483722, var=[1.0, 1.0, 1.0]), 51.901450630913, GPS(-43.520600, 172.583010, 0.000000, var=[-1.0, -1.0, -1.0])
20:23:29:147577, 2, 5, 1632986608.8891547, 70, GPS(-43.520510, 172.583124, 21.461009, var=[1.0, 1.0, 1.0]), 51.89683362399249, GPS(-43.520600, 172.583010, 0.000000, var=[-1.0, -1.0, -1.0])
20:23:29:240372, 1, 5, 1632986608.889186, 73, GPS(-43.520510, 172.582876, 21.716958, var=[1.0, 1.0, 1.0]), 52.72106102890274, GPS(-43.520600, 172.583010, 0.000000, var=[-1.0, -1.0, -1.0])
20:23:29:330812, 1, 5, 1632986608.951784, 74, GPS(-43.520510, 172.582876, 21.718958, var=[1.0, 1.0, 1.0]), 52.72271622004672, GPS(-43.520600, 172.583010, 0.000000, var=[-1.0, -1.0, -1.0])
20:23:29:388289, 4, 5, 1632986608.9519525, 69, GPS(-43.520690, 172.583124, 21.485722, var=[1.0, 1.0, 1.0]), 51.90314083462519, GPS(-43.520600, 172.583010, 0.000000, var=[-1.0, -1.0, -1.0])
20:23:29:472332, 2, 5, 1632986608.9569356, 71, GPS(-43.520510, 172.583124, 21.461009, var=[1.0, 1.0, 1.0]), 51.89683362399249, GPS(-43.520600, 172.583010, 0.000000, var=[-1.0, -1.0, -1.0])
20:23:29:952154, 3, 5, 1632986609.9520266, 71, GPS(-43.520690, 172.582876, 21.830670, var=[1.0, 1.0, 1.0]), 52.78947483330778, GPS(-43.520600, 172.583010, 0.000000, var=[-1.0, -1.0, -1.0])
20:23:30:053965, 3, 5, 1632986610.047112, 72, GPS(-43.520690, 172.582876, 21.830670, var=[1.0, 1.0, 1.0]), 52.78947483330778, GPS(-43.520600, 172.583010, 0.000000, var=[-1.0, -1.0, -1.0])
20:23:30:135073, 4, 5, 1632986609.9538467, 70, GPS(-43.520690, 172.583124, 21.485722, var=[1.0, 1.0, 1.0]), 51.90962330059867, GPS(-43.520600, 172.583010, 0.000000, var=[-1.0, -1.0, -1.0])
20:23:30:245074, 1, 5, 1632986609.9536812, 75, GPS(-43.520510, 172.582876, 21.717958, var=[1.0, 1.0, 1.0]), 52.71963829712841, GPS(-43.520600, 172.583010, 0.000000, var=[-1.0, -1.0, -1.0])
20:23:30:320654, 2, 5, 1632986609.9583108, 72, GPS(-43.520510, 172.583124, 21.472009, var=[1.0, 1.0, 1.0]), 51.90387184136797, GPS(-43.520600, 172.583010, 0.000000, var=[-1.0, -1.0, -1.0])
20:23:30:414193, 2, 5, 1632986610.047153, 73, GPS(-43.520510, 172.583124, 21.472009, var=[1.0, 1.0, 1.0]), 51.899492400411724, GPS(-43.520600, 172.583010, 0.000000, var=[-1.0, -1.0, -1.0])
20:23:30:462958, 4, 5, 1632986610.0472755, 71, GPS(-43.520690, 172.583124, 21.485722, var=[1.0, 1.0, 1.0]), 51.90669742153642, GPS(-43.520600, 172.583010, 0.000000, var=[-1.0, -1.0, -1.0])
20:23:30:587740, 1, 5, 1632986610.047139, 76, GPS(-43.520510, 172.582876, 21.718957, var=[1.0, 1.0, 1.0]), 52.71621803877292, GPS(-43.520600, 172.583010, 0.000000, var=[-1.0, -1.0, -1.0])
20:23:31:047824, 2, 5, 1632986611.047317, 74, GPS(-43.520510, 172.583125, 21.469009, var=[1.0, 1.0, 1.0]), 51.660903678319386, GPS(-43.520600, 172.583020, 0.000000, var=[-1.0, -1.0, -1.0])
20:23:31:123533, 1, 5, 1632986611.0476, 77, GPS(-43.520510, 172.582877, 21.722957, var=[1.0, 1.0, 1.0]), 53.06465069115259, GPS(-43.520600, 172.583020, 0.000000, var=[-1.0, -1.0, -1.0])
20:23:31:186810, 3, 5, 1632986611.0485873, 73, GPS(-43.520690, 172.582877, 21.830670, var=[1.0, 1.0, 1.0]), 53.16120125738197, GPS(-43.520600, 172.583020, 0.000000, var=[-1.0, -1.0, -1.0])
20:23:31:239160, 4, 5, 1632986611.0490954, 72, GPS(-43.520690, 172.583125, 21.483722, var=[1.0, 1.0, 1.0]), 51.682299663363985, GPS(-43.520600, 172.583020, 0.000000, var=[-1.0, -1.0, -1.0])
20:23:31:362350, 2, 5, 1632986611.1377287, 75, GPS(-43.520510, 172.583125, 21.472009, var=[1.0, 1.0, 1.0]), 51.668894299099, GPS(-43.520600, 172.583020, 0.000000, var=[-1.0, -1.0, -1.0])
20:23:31:436443, 1, 5, 1632986611.1375198, 78, GPS(-43.520510, 172.582877, 21.723957, var=[1.0, 1.0, 1.0]), 53.05846417261173, GPS(-43.520600, 172.583020, 0.000000, var=[-1.0, -1.0, -1.0])
20:23:31:531183, 3, 5, 1632986611.1372356, 74, GPS(-43.520690, 172.582877, 21.829670, var=[1.0, 1.0, 1.0]), 53.15340205507813, GPS(-43.520600, 172.583020, 0.000000, var=[-1.0, -1.0, -1.0])
20:23:31:623256, 4, 5, 1632986611.1372964, 73, GPS(-43.520690, 172.583125, 21.480722, var=[1.0, 1.0, 1.0]), 51.68245005312348, GPS(-43.520600, 172.583020, 0.000000, var=[-1.0, -1.0, -1.0])
20:23:32:137489, 3, 5, 1632986612.1373425, 75, GPS(-43.520690, 172.582879, 21.830671, var=[1.0, 1.0, 1.0]), 53.495718064732266, GPS(-43.520600, 172.583030, 0.000000, var=[-1.0, -1.0, -1.0])
20:23:32:234778, 1, 5, 1632986612.1395378, 79, GPS(-43.520510, 172.582879, 21.740958, var=[1.0, 1.0, 1.0]), 53.42766282507927, GPS(-43.520600, 172.583030, 0.000000, var=[-1.0, -1.0, -1.0])
20:23:32:325671, 2, 5, 1632986612.1379726, 76, GPS(-43.520510, 172.583127, 21.482009, var=[1.0, 1.0, 1.0]), 51.51621995258769, GPS(-43.520600, 172.583030, 0.000000, var=[-1.0, -1.0, -1.0])
20:23:32:420340, 4, 5, 1632986612.1383984, 74, GPS(-43.520690, 172.583127, 21.480723, var=[1.0, 1.0, 1.0]), 51.51124189496686, GPS(-43.520600, 172.583030, 0.000000, var=[-1.0, -1.0, -1.0])
20:23:32:532467, 3, 5, 1632986612.2397385, 76, GPS(-43.520690, 172.582879, 21.829671, var=[1.0, 1.0, 1.0]), 53.86169888504446, GPS(-43.520602, 172.583040, 0.000000, var=[-1.0, -1.0, -1.0])
20:23:32:608121, 1, 5, 1632986612.2380621, 80, GPS(-43.520510, 172.582879, 21.739958, var=[1.0, 1.0, 1.0]), 53.96159456739208, GPS(-43.520602, 172.583040, 0.000000, var=[-1.0, -1.0, -1.0])
20:23:32:666598, 2, 5, 1632986612.2388115, 77, GPS(-43.520510, 172.583127, 21.484010, var=[1.0, 1.0, 1.0]), 51.45357444019271, GPS(-43.520602, 172.583040, 0.000000, var=[-1.0, -1.0, -1.0])
20:23:32:724345, 4, 5, 1632986612.2380419, 75, GPS(-43.520690, 172.583127, 21.478723, var=[1.0, 1.0, 1.0]), 51.2602205904563, GPS(-43.520602, 172.583040, 0.000000, var=[-1.0, -1.0, -1.0])
20:23:33:246244, 1, 5, 1632986613.2382443, 81, GPS(-43.520510, 172.582882, 21.718959, var=[1.0, 1.0, 1.0]), 54.75173402208979, GPS(-43.520600, 172.583060, 0.000000, var=[-1.0, -1.0, -1.0])
20:23:33:324024, 4, 5, 1632986613.2386043, 76, GPS(-43.520690, 172.583130, 21.469724, var=[1.0, 1.0, 1.0]), 51.15976787374834, GPS(-43.520600, 172.583060, 0.000000, var=[-1.0, -1.0, -1.0])
20:23:33:445622, 2, 5, 1632986613.2393746, 78, GPS(-43.520510, 172.583130, 21.483011, var=[1.0, 1.0, 1.0]), 51.212598582680634, GPS(-43.520600, 172.583060, 0.000000, var=[-1.0, -1.0, -1.0])
20:23:33:531865, 3, 5, 1632986613.2413778, 77, GPS(-43.520689, 172.582882, 21.819672, var=[1.0, 1.0, 1.0]), 54.78646591059514, GPS(-43.520600, 172.583060, 0.000000, var=[-1.0, -1.0, -1.0])
20:23:33:620740, 1, 5, 1632986613.3914187, 82, GPS(-43.520510, 172.582883, 21.716959, var=[1.0, 1.0, 1.0]), 54.70062998516373, GPS(-43.520600, 172.583060, 0.000000, var=[-1.0, -1.0, -1.0])
20:23:33:672914, 4, 5, 1632986613.3898757, 77, GPS(-43.520690, 172.583130, 21.469724, var=[1.0, 1.0, 1.0]), 51.14644493495341, GPS(-43.520600, 172.583060, 0.000000, var=[-1.0, -1.0, -1.0])
20:23:33:765294, 2, 5, 1632986613.3661704, 79, GPS(-43.520510, 172.583130, 21.481011, var=[1.0, 1.0, 1.0]), 51.200202807329184, GPS(-43.520600, 172.583060, 0.000000, var=[-1.0, -1.0, -1.0])
20:23:33:865981, 3, 5, 1632986613.3854136, 78, GPS(-43.520689, 172.582882, 21.817672, var=[1.0, 1.0, 1.0]), 54.731564170476986, GPS(-43.520600, 172.583060, 0.000000, var=[-1.0, -1.0, -1.0])
20:23:34:367348, 2, 5, 1632986614.3672214, 80, GPS(-43.520509, 172.583135, 21.477013, var=[1.0, 1.0, 1.0]), 51.24471306126089, GPS(-43.520600, 172.583070, 0.000000, var=[-1.0, -1.0, -1.0])
20:23:34:467683, 1, 5, 1632986614.3927262, 83, GPS(-43.520509, 172.582887, 21.719961, var=[1.0, 1.0, 1.0]), 55.048659798049954, GPS(-43.520600, 172.583070, 0.000000, var=[-1.0, -1.0, -1.0])
20:23:34:522707, 3, 5, 1632986614.3865001, 79, GPS(-43.520689, 172.582887, 21.824674, var=[1.0, 1.0, 1.0]), 55.04644536544547, GPS(-43.520600, 172.583070, 0.000000, var=[-1.0, -1.0, -1.0])
20:23:34:602108, 4, 5, 1632986614.3908744, 78, GPS(-43.520689, 172.583135, 21.471726, var=[1.0, 1.0, 1.0]), 51.14945831545423, GPS(-43.520600, 172.583070, 0.000000, var=[-1.0, -1.0, -1.0])
20:23:34:710617, 2, 5, 1632986614.4917908, 81, GPS(-43.520509, 172.583136, 21.476013, var=[1.0, 1.0, 1.0]), 51.26252294863609, GPS(-43.520600, 172.583070, 0.000000, var=[-1.0, -1.0, -1.0])
20:23:34:772905, 1, 5, 1632986614.4917853, 84, GPS(-43.520509, 172.582888, 21.720961, var=[1.0, 1.0, 1.0]), 55.02834496824356, GPS(-43.520600, 172.583070, 0.000000, var=[-1.0, -1.0, -1.0])
20:23:34:849318, 3, 5, 1632986614.4920018, 80, GPS(-43.520689, 172.582888, 21.824674, var=[1.0, 1.0, 1.0]), 55.0169481211323, GPS(-43.520600, 172.583070, 0.000000, var=[-1.0, -1.0, -1.0])
20:23:34:952488, 4, 5, 1632986614.4918132, 79, GPS(-43.520689, 172.583136, 21.473726, var=[1.0, 1.0, 1.0]), 51.161777525947045, GPS(-43.520600, 172.583070, 0.000000, var=[-1.0, -1.0, -1.0])
20:23:35:493046, 3, 5, 1632986615.492872, 81, GPS(-43.520688, 172.582896, 21.842678, var=[1.0, 1.0, 1.0]), 54.93263825665764, GPS(-43.520605, 172.583080, 0.000000, var=[-1.0, -1.0, -1.0])
20:23:35:557618, 2, 5, 1632986615.4932525, 82, GPS(-43.520508, 172.583144, 21.488017, var=[1.0, 1.0, 1.0]), 51.554923339682794, GPS(-43.520605, 172.583080, 0.000000, var=[-1.0, -1.0, -1.0])
20:23:35:658662, 1, 5, 1632986615.4929225, 85, GPS(-43.520508, 172.582896, 21.734965, var=[1.0, 1.0, 1.0]), 55.41187946989372, GPS(-43.520605, 172.583080, 0.000000, var=[-1.0, -1.0, -1.0])
20:23:35:743168, 4, 5, 1632986615.493018, 80, GPS(-43.520688, 172.583143, 21.480729, var=[1.0, 1.0, 1.0]), 50.8787751347516, GPS(-43.520605, 172.583080, 0.000000, var=[-1.0, -1.0, -1.0])
20:23:35:857772, 3, 5, 1632986615.5933003, 82, GPS(-43.520687, 172.582897, 21.841678, var=[1.0, 1.0, 1.0]), 54.8774927577287, GPS(-43.520605, 172.583080, 0.000000, var=[-1.0, -1.0, -1.0])
20:23:35:949598, 2, 5, 1632986615.5934844, 83, GPS(-43.520508, 172.583145, 21.488017, var=[1.0, 1.0, 1.0]), 51.583375973128945, GPS(-43.520605, 172.583080, 0.000000, var=[-1.0, -1.0, -1.0])
20:23:36:010245, 1, 5, 1632986615.5932703, 86, GPS(-43.520508, 172.582897, 21.732966, var=[1.0, 1.0, 1.0]), 55.372662396027245, GPS(-43.520605, 172.583080, 0.000000, var=[-1.0, -1.0, -1.0])
20:23:36:087372, 4, 5, 1632986615.5932229, 81, GPS(-43.520688, 172.583145, 21.479730, var=[1.0, 1.0, 1.0]), 50.887602626693095, GPS(-43.520605, 172.583080, 0.000000, var=[-1.0, -1.0, -1.0])
20:23:36:605796, 1, 5, 1632986616.5933664, 87, GPS(-43.520505, 172.582908, 21.740972, var=[1.0, 1.0, 1.0]), 55.698562232565166, GPS(-43.520610, 172.583090, 0.000000, var=[-1.0, -1.0, -1.0])
20:23:36:702490, 2, 5, 1632986616.5939305, 84, GPS(-43.520505, 172.583155, 21.499023, var=[1.0, 1.0, 1.0]), 51.997058080305955, GPS(-43.520610, 172.583090, 0.000000, var=[-1.0, -1.0, -1.0])
20:23:36:802234, 4, 5, 1632986616.5943792, 82, GPS(-43.520685, 172.583156, 21.487736, var=[1.0, 1.0, 1.0]), 50.62250604385008, GPS(-43.520610, 172.583090, 0.000000, var=[-1.0, -1.0, -1.0])
20:23:36:917234, 3, 5, 1632986616.5945067, 83, GPS(-43.520685, 172.582908, 21.835685, var=[1.0, 1.0, 1.0]), 54.58305152027767, GPS(-43.520610, 172.583090, 0.000000, var=[-1.0, -1.0, -1.0])
20:23:37:022069, 1, 5, 1632986616.6942296, 88, GPS(-43.520505, 172.582909, 21.740973, var=[1.0, 1.0, 1.0]), 55.662351526159206, GPS(-43.520610, 172.583090, 0.000000, var=[-1.0, -1.0, -1.0])
20:23:37:082608, 2, 5, 1632986616.6968396, 85, GPS(-43.520505, 172.583157, 21.499024, var=[1.0, 1.0, 1.0]), 52.036651646199886, GPS(-43.520610, 172.583090, 0.000000, var=[-1.0, -1.0, -1.0])
20:23:37:174669, 4, 5, 1632986616.6940832, 83, GPS(-43.520685, 172.583157, 21.487737, var=[1.0, 1.0, 1.0]), 50.63289724064833, GPS(-43.520610, 172.583090, 0.000000, var=[-1.0, -1.0, -1.0])
20:23:37:261414, 3, 5, 1632986616.6942167, 84, GPS(-43.520685, 172.582909, 21.836685, var=[1.0, 1.0, 1.0]), 54.52664660949914, GPS(-43.520610, 172.583090, 0.000000, var=[-1.0, -1.0, -1.0])
20:23:37:756197, 1, 5, 1632986617.6944287, 89, GPS(-43.520503, 172.582920, 21.745977, var=[1.0, 1.0, 1.0]), 55.66131017303884, GPS(-43.520610, 172.583100, 0.000000, var=[-1.0, -1.0, -1.0])
20:23:37:847422, 4, 5, 1632986617.6949973, 84, GPS(-43.520683, 172.583168, 21.500742, var=[1.0, 1.0, 1.0]), 50.588612293661086, GPS(-43.520610, 172.583100, 0.000000, var=[-1.0, -1.0, -1.0])
20:23:37:968455, 3, 5, 1632986617.695143, 85, GPS(-43.520683, 172.582920, 21.833690, var=[1.0, 1.0, 1.0]), 54.41950711659206, GPS(-43.520610, 172.583100, 0.000000, var=[-1.0, -1.0, -1.0])
20:23:38:055758, 2, 5, 1632986617.697488, 86, GPS(-43.520503, 172.583168, 21.490029, var=[1.0, 1.0, 1.0]), 52.103203855658236, GPS(-43.520610, 172.583100, 0.000000, var=[-1.0, -1.0, -1.0])
20:23:38:137987, 1, 5, 1632986617.7979429, 90, GPS(-43.520503, 172.582921, 21.748977, var=[1.0, 1.0, 1.0]), 55.610703657317586, GPS(-43.520610, 172.583100, 0.000000, var=[-1.0, -1.0, -1.0])
20:23:38:227269, 4, 5, 1632986617.797891, 85, GPS(-43.520683, 172.583169, 21.502742, var=[1.0, 1.0, 1.0]), 50.616835518603736, GPS(-43.520610, 172.583100, 0.000000, var=[-1.0, -1.0, -1.0])
20:23:38:310967, 3, 5, 1632986617.7984834, 86, GPS(-43.520683, 172.582921, 21.831690, var=[1.0, 1.0, 1.0]), 54.36684849975775, GPS(-43.520610, 172.583100, 0.000000, var=[-1.0, -1.0, -1.0])
20:23:38:406922, 2, 5, 1632986617.7979069, 87, GPS(-43.520503, 172.583169, 21.487029, var=[1.0, 1.0, 1.0]), 52.122008571275146, GPS(-43.520610, 172.583100, 0.000000, var=[-1.0, -1.0, -1.0])
20:23:38:873975, 4, 5, 1632986618.798948, 86, GPS(-43.520685, 172.583181, 21.500742, var=[1.0, 1.0, 1.0]), 50.6664119871232, GPS(-43.520610, 172.583110, 0.000000, var=[-1.0, -1.0, -1.0])
20:23:38:983248, 2, 5, 1632986618.7991838, 88, GPS(-43.520505, 172.583181, 21.485029, var=[1.0, 1.0, 1.0]), 52.0468809928925, GPS(-43.520610, 172.583110, 0.000000, var=[-1.0, -1.0, -1.0])
20:23:39:081523, 3, 5, 1632986618.8001237, 87, GPS(-43.520684, 172.582933, 21.830691, var=[1.0, 1.0, 1.0]), 54.28907436213347, GPS(-43.520610, 172.583110, 0.000000, var=[-1.0, -1.0, -1.0])
20:23:39:184946, 1, 5, 1632986618.8009138, 91, GPS(-43.520505, 172.582933, 21.748977, var=[1.0, 1.0, 1.0]), 55.42783971219716, GPS(-43.520610, 172.583110, 0.000000, var=[-1.0, -1.0, -1.0])
20:23:39:285519, 4, 5, 1632986618.8492658, 87, GPS(-43.520685, 172.583182, 21.500742, var=[1.0, 1.0, 1.0]), 50.68398205005342, GPS(-43.520610, 172.583110, 0.000000, var=[-1.0, -1.0, -1.0])
20:23:39:379122, 2, 5, 1632986618.8491786, 89, GPS(-43.520505, 172.583182, 21.487029, var=[1.0, 1.0, 1.0]), 52.05267815822226, GPS(-43.520610, 172.583110, 0.000000, var=[-1.0, -1.0, -1.0])
20:23:39:435270, 3, 5, 1632986618.8491595, 88, GPS(-43.520685, 172.582934, 21.830691, var=[1.0, 1.0, 1.0]), 54.26303326264751, GPS(-43.520610, 172.583110, 0.000000, var=[-1.0, -1.0, -1.0])
20:23:39:493966, 1, 5, 1632986618.8491292, 92, GPS(-43.520505, 172.582934, 21.749977, var=[1.0, 1.0, 1.0]), 55.40390727190258, GPS(-43.520610, 172.583110, 0.000000, var=[-1.0, -1.0, -1.0])
20:23:39:913416, 2, 5, 1632986619.850714, 90, GPS(-43.520508, 172.583192, 21.488025, var=[1.0, 1.0, 1.0]), 51.982427045431834, GPS(-43.520611, 172.583110, 0.000000, var=[-1.0, -1.0, -1.0])
20:23:40:012265, 1, 5, 1632986619.8507755, 93, GPS(-43.520508, 172.582944, 21.740974, var=[1.0, 1.0, 1.0]), 54.7474636104819, GPS(-43.520611, 172.583110, 0.000000, var=[-1.0, -1.0, -1.0])
20:23:40:110070, 3, 5, 1632986619.850441, 89, GPS(-43.520688, 172.582944, 21.825687, var=[1.0, 1.0, 1.0]), 53.78367280674457, GPS(-43.520611, 172.583110, 0.000000, var=[-1.0, -1.0, -1.0])
20:23:40:186627, 4, 5, 1632986619.85162, 88, GPS(-43.520688, 172.583192, 21.498738, var=[1.0, 1.0, 1.0]), 50.87214154760087, GPS(-43.520611, 172.583110, 0.000000, var=[-1.0, -1.0, -1.0])
20:23:40:270883, 2, 5, 1632986619.8756979, 91, GPS(-43.520509, 172.583192, 21.488025, var=[1.0, 1.0, 1.0]), 51.98374275421179, GPS(-43.520611, 172.583110, 0.000000, var=[-1.0, -1.0, -1.0])
20:23:40:336429, 1, 5, 1632986619.875728, 94, GPS(-43.520509, 172.582944, 21.739974, var=[1.0, 1.0, 1.0]), 54.73443136980063, GPS(-43.520611, 172.583110, 0.000000, var=[-1.0, -1.0, -1.0])
20:23:40:415326, 3, 5, 1632986619.8765268, 90, GPS(-43.520688, 172.582944, 21.825687, var=[1.0, 1.0, 1.0]), 53.779230511038335, GPS(-43.520611, 172.583110, 0.000000, var=[-1.0, -1.0, -1.0])
20:23:40:501719, 4, 5, 1632986619.8764272, 89, GPS(-43.520688, 172.583193, 21.497738, var=[1.0, 1.0, 1.0]), 50.88190496373491, GPS(-43.520611, 172.583110, 0.000000, var=[-1.0, -1.0, -1.0])
20:23:40:876528, 2, 5, 1632986620.8763695, 92, GPS(-43.520512, 172.583200, 21.497021, var=[1.0, 1.0, 1.0]), 51.659944264391996, GPS(-43.520610, 172.583120, 0.000000, var=[-1.0, -1.0, -1.0])
20:23:40:977283, 1, 5, 1632986620.87639, 95, GPS(-43.520512, 172.582952, 21.737969, var=[1.0, 1.0, 1.0]), 54.56782582922922, GPS(-43.520610, 172.583120, 0.000000, var=[-1.0, -1.0, -1.0])
20:23:41:079559, 4, 5, 1632986620.8772428, 90, GPS(-43.520692, 172.583200, 21.497734, var=[1.0, 1.0, 1.0]), 50.97468580227101, GPS(-43.520610, 172.583120, 0.000000, var=[-1.0, -1.0, -1.0])
20:23:41:190510, 3, 5, 1632986620.8785255, 91, GPS(-43.520692, 172.582952, 21.833682, var=[1.0, 1.0, 1.0]), 53.99012913881391, GPS(-43.520610, 172.583120, 0.000000, var=[-1.0, -1.0, -1.0])
20:23:41:285948, 2, 5, 1632986620.9785306, 93, GPS(-43.520513, 172.583201, 21.501021, var=[1.0, 1.0, 1.0]), 51.66768341874338, GPS(-43.520610, 172.583120, 0.000000, var=[-1.0, -1.0, -1.0])
20:23:41:353551, 1, 5, 1632986620.97846, 96, GPS(-43.520513, 172.582953, 21.736969, var=[1.0, 1.0, 1.0]), 54.52264603092671, GPS(-43.520610, 172.583120, 0.000000, var=[-1.0, -1.0, -1.0])
20:23:41:414546, 4, 5, 1632986620.9788826, 91, GPS(-43.520692, 172.583201, 21.495734, var=[1.0, 1.0, 1.0]), 50.99640516776178, GPS(-43.520610, 172.583120, 0.000000, var=[-1.0, -1.0, -1.0])
20:23:41:524600, 3, 5, 1632986620.9785047, 92, GPS(-43.520692, 172.582953, 21.830682, var=[1.0, 1.0, 1.0]), 53.96301924040056, GPS(-43.520610, 172.583120, 0.000000, var=[-1.0, -1.0, -1.0])
20:23:41:979451, 1, 5, 1632986621.9792898, 97, GPS(-43.520515, 172.582961, 21.739967, var=[1.0, 1.0, 1.0]), 54.48714608564907, GPS(-43.520610, 172.583130, 0.000000, var=[-1.0, -1.0, -1.0])
20:23:42:071402, 4, 5, 1632986621.9804711, 92, GPS(-43.520695, 172.583209, 21.492731, var=[1.0, 1.0, 1.0]), 51.0916843622433, GPS(-43.520610, 172.583130, 0.000000, var=[-1.0, -1.0, -1.0])
20:23:42:189966, 2, 5, 1632986621.9793792, 94, GPS(-43.520515, 172.583209, 21.498018, var=[1.0, 1.0, 1.0]), 51.520274681561204, GPS(-43.520610, 172.583130, 0.000000, var=[-1.0, -1.0, -1.0])
20:23:42:276004, 3, 5, 1632986621.9802756, 93, GPS(-43.520695, 172.582962, 21.850679, var=[1.0, 1.0, 1.0]), 54.16350520751032, GPS(-43.520610, 172.583130, 0.000000, var=[-1.0, -1.0, -1.0])
20:23:42:358745, 1, 5, 1632986622.1189175, 98, GPS(-43.520516, 172.582962, 21.743966, var=[1.0, 1.0, 1.0]), 54.377259187139046, GPS(-43.520610, 172.583130, 0.000000, var=[-1.0, -1.0, -1.0])
20:23:42:454834, 4, 5, 1632986622.1350534, 93, GPS(-43.520696, 172.583211, 21.498731, var=[1.0, 1.0, 1.0]), 51.08911043722537, GPS(-43.520610, 172.583130, 0.000000, var=[-1.0, -1.0, -1.0])
20:23:42:560342, 2, 5, 1632986622.1300707, 95, GPS(-43.520516, 172.583210, 21.504018, var=[1.0, 1.0, 1.0]), 51.48767184329765, GPS(-43.520610, 172.583130, 0.000000, var=[-1.0, -1.0, -1.0])
20:23:42:644269, 3, 5, 1632986622.1331615, 94, GPS(-43.520696, 172.582963, 21.852679, var=[1.0, 1.0, 1.0]), 54.083926456398665, GPS(-43.520610, 172.583130, 0.000000, var=[-1.0, -1.0, -1.0])
20:23:43:119502, 1, 5, 1632986623.1193435, 99, GPS(-43.520517, 172.582970, 21.758966, var=[1.0, 1.0, 1.0]), 54.51898827484427, GPS(-43.520610, 172.583140, 0.000000, var=[-1.0, -1.0, -1.0])
20:23:43:230338, 4, 5, 1632986623.135193, 94, GPS(-43.520697, 172.583218, 21.507730, var=[1.0, 1.0, 1.0]), 51.20228641840421, GPS(-43.520610, 172.583140, 0.000000, var=[-1.0, -1.0, -1.0])
20:23:43:319532, 2, 5, 1632986623.1317625, 96, GPS(-43.520517, 172.583218, 21.514018, var=[1.0, 1.0, 1.0]), 51.47844972337743, GPS(-43.520610, 172.583140, 0.000000, var=[-1.0, -1.0, -1.0])
20:23:43:392003, 3, 5, 1632986623.1344485, 95, GPS(-43.520697, 172.582970, 21.862678, var=[1.0, 1.0, 1.0]), 54.32702269427831, GPS(-43.520610, 172.583140, 0.000000, var=[-1.0, -1.0, -1.0])
20:23:43:445241, 1, 5, 1632986623.296239, 100, GPS(-43.520517, 172.582971, 21.755966, var=[1.0, 1.0, 1.0]), 55.10195976845375, GPS(-43.520614, 172.583150, 0.000000, var=[-1.0, -1.0, -1.0])
20:23:43:502267, 4, 5, 1632986623.3007977, 95, GPS(-43.520697, 172.583220, 21.507730, var=[1.0, 1.0, 1.0]), 50.93323199803268, GPS(-43.520614, 172.583150, 0.000000, var=[-1.0, -1.0, -1.0])
20:23:43:621705, 2, 5, 1632986623.3023367, 97, GPS(-43.520517, 172.583219, 21.512018, var=[1.0, 1.0, 1.0]), 51.57322282536806, GPS(-43.520614, 172.583150, 0.000000, var=[-1.0, -1.0, -1.0])
20:23:43:726594, 3, 5, 1632986623.291828, 96, GPS(-43.520697, 172.582972, 21.863679, var=[1.0, 1.0, 1.0]), 54.6168336136911, GPS(-43.520614, 172.583150, 0.000000, var=[-1.0, -1.0, -1.0])
20:23:44:292538, 3, 5, 1632986624.292402, 97, GPS(-43.520696, 172.582979, 21.863682, var=[1.0, 1.0, 1.0]), 54.940081712779346, GPS(-43.520610, 172.583160, 0.000000, var=[-1.0, -1.0, -1.0])
20:23:44:394628, 2, 5, 1632986624.3032904, 98, GPS(-43.520516, 172.583227, 21.513021, var=[1.0, 1.0, 1.0]), 51.488285389703705, GPS(-43.520610, 172.583160, 0.000000, var=[-1.0, -1.0, -1.0])
20:23:44:464041, 1, 5, 1632986624.2981892, 101, GPS(-43.520516, 172.582979, 21.757969, var=[1.0, 1.0, 1.0]), 55.16280471435856, GPS(-43.520610, 172.583160, 0.000000, var=[-1.0, -1.0, -1.0])
20:23:44:538614, 4, 5, 1632986624.3022106, 96, GPS(-43.520696, 172.583227, 21.509734, var=[1.0, 1.0, 1.0]), 51.114105263284074, GPS(-43.520610, 172.583160, 0.000000, var=[-1.0, -1.0, -1.0])
20:23:44:662697, 3, 5, 1632986624.4145048, 98, GPS(-43.520696, 172.582980, 21.863682, var=[1.0, 1.0, 1.0]), 54.894668055568474, GPS(-43.520610, 172.583160, 0.000000, var=[-1.0, -1.0, -1.0])
20:23:44:715313, 2, 5, 1632986624.414508, 99, GPS(-43.520516, 172.583228, 21.512022, var=[1.0, 1.0, 1.0]), 51.51958556524511, GPS(-43.520610, 172.583160, 0.000000, var=[-1.0, -1.0, -1.0])
20:23:44:773985, 1, 5, 1632986624.4058738, 102, GPS(-43.520516, 172.582980, 21.755969, var=[1.0, 1.0, 1.0]), 55.136186662163325, GPS(-43.520610, 172.583160, 0.000000, var=[-1.0, -1.0, -1.0])
20:23:44:848057, 4, 5, 1632986624.40438, 97, GPS(-43.520696, 172.583228, 21.507734, var=[1.0, 1.0, 1.0]), 51.11813936256744, GPS(-43.520610, 172.583160, 0.000000, var=[-1.0, -1.0, -1.0])
20:23:45:494081, 4, 5, 1632986625.4059064, 98, GPS(-43.520694, 172.583236, 21.501739, var=[1.0, 1.0, 1.0]), 51.06866263973069, GPS(-43.520610, 172.583160, 0.000000, var=[-1.0, -1.0, -1.0])
20:23:45:606350, 1, 5, 1632986625.413089, 103, GPS(-43.520514, 172.582988, 21.765974, var=[1.0, 1.0, 1.0]), 54.77303383902654, GPS(-43.520610, 172.583160, 0.000000, var=[-1.0, -1.0, -1.0])
20:23:45:664631, 2, 5, 1632986625.4145432, 100, GPS(-43.520514, 172.583236, 21.513026, var=[1.0, 1.0, 1.0]), 51.6286852574663, GPS(-43.520610, 172.583160, 0.000000, var=[-1.0, -1.0, -1.0])
20:23:45:725430, 3, 5, 1632986625.4154143, 99, GPS(-43.520694, 172.582988, 21.855687, var=[1.0, 1.0, 1.0]), 54.37026023615287, GPS(-43.520610, 172.583160, 0.000000, var=[-1.0, -1.0, -1.0])
STOP: 09/30/2021 20:23:46:410383
