START: 09/24/2021 13:06:46:855813
TIME,            STATES_LIST;          TARGET_FILT_CART;          TARGET_FILT_GPS;          TARGET_REAL_GPS;          TX_FILT_CART;          TX_FILT_GPS;          TX_REAL_GPS;          MULTILATERATION_ERROR;          MODE;          
13:08:40:547605; [1, 1, 1, 1]4; None; GPS(-43.522223, 172.577685, 0.000000, var=[-1.0, -1.0, -1.0]); GPS(-43.522220, 172.577682, 0.000000, var=[-1.0, -1.0, -1.0]); None; GPS(-43.522223, 172.577685, 15.000000, var=[-1.0, -1.0, -1.0]); GPS(-43.522223, 172.577685, 26.422106, var=[-1, -1, -1]); 0.45783582366894493; OFFBOARD
13:09:04:532501; [1, 2, 2, 2]4; None; GPS(-43.522223, 172.577685, 0.000000, var=[-1.0, -1.0, -1.0]); GPS(-43.522220, 172.577682, 0.000000, var=[-1.0, -1.0, -1.0]); None; GPS(-43.522223, 172.577685, 15.000000, var=[-1.0, -1.0, -1.0]); GPS(-43.522223, 172.577685, 26.450105, var=[-1, -1, -1]); 0.45783582366894493; OFFBOARD
13:09:06:390451; [1, 3, 3, 3]4; None; GPS(-43.522223, 172.577685, 0.000000, var=[-1.0, -1.0, -1.0]); GPS(-43.522220, 172.577682, 0.000000, var=[-1.0, -1.0, -1.0]); None; GPS(-43.522223, 172.577685, 15.000000, var=[-1.0, -1.0, -1.0]); GPS(-43.522224, 172.577684, 26.444105, var=[-1, -1, -1]); 0.45783582366894493; OFFBOARD
13:09:12:806844; [2, 3, 3, 3]4; None; GPS(-43.522223, 172.577685, 0.000000, var=[-1.0, -1.0, -1.0]); GPS(-43.522220, 172.577682, 0.000000, var=[-1.0, -1.0, -1.0]); None; GPS(-43.522223, 172.577685, 15.000000, var=[-1.0, -1.0, -1.0]); GPS(-43.522223, 172.577685, 26.451106, var=[-1, -1, -1]); 0.45783582366894493; OFFBOARD
13:12:42:125332; [3, 3, 3, 3]4; None; GPS(-43.522223, 172.577685, 0.000000, var=[-1.0, -1.0, -1.0]); GPS(-43.522215, 172.577677, 0.000000, var=[-1.0, -1.0, -1.0]); None; GPS(-43.522223, 172.577685, 15.000000, var=[-1.0, -1.0, -1.0]); GPS(-43.522223, 172.577685, 26.405106, var=[-1, -1, -1]); 1.1445895737692808; OFFBOARD
13:12:42:126675; [3, 3, 3, 3]4; None; GPS(-43.522223, 172.577685, 0.000000, var=[-1.0, -1.0, -1.0]); GPS(-43.522215, 172.577677, 0.000000, var=[-1.0, -1.0, -1.0]); None; GPS(-43.522223, 172.577685, 15.000000, var=[-1.0, -1.0, -1.0]); GPS(-43.522223, 172.577685, 26.405106, var=[-1, -1, -1]); 1.1445895737692808; OFFBOARD
13:12:42:129172; [3, 3, 3, 3]4; None; GPS(-43.522223, 172.577685, 0.000000, var=[-1.0, -1.0, -1.0]); GPS(-43.522215, 172.577677, 0.000000, var=[-1.0, -1.0, -1.0]); None; GPS(-43.522223, 172.577685, 15.000000, var=[-1.0, -1.0, -1.0]); GPS(-43.522223, 172.577685, 26.405106, var=[-1, -1, -1]); 1.1445895737692808; OFFBOARD
13:12:42:131004; [3, 3, 3, 3]4; None; GPS(-43.522223, 172.577685, 0.000000, var=[-1.0, -1.0, -1.0]); GPS(-43.522215, 172.577677, 0.000000, var=[-1.0, -1.0, -1.0]); None; GPS(-43.522223, 172.577685, 15.000000, var=[-1.0, -1.0, -1.0]); GPS(-43.522223, 172.577685, 26.405106, var=[-1, -1, -1]); 1.1445895737692808; OFFBOARD
13:12:42:134262; [3, 3, 3, 3]4; None; GPS(-43.522223, 172.577685, 0.000000, var=[-1.0, -1.0, -1.0]); GPS(-43.522215, 172.577677, 0.000000, var=[-1.0, -1.0, -1.0]); None; GPS(-43.522223, 172.577685, 15.000000, var=[-1.0, -1.0, -1.0]); GPS(-43.522223, 172.577685, 26.406106, var=[-1, -1, -1]); 1.1445895737692808; OFFBOARD
13:12:42:135662; [3, 3, 3, 3]4; None; GPS(-43.522223, 172.577685, 0.000000, var=[-1.0, -1.0, -1.0]); GPS(-43.522215, 172.577677, 0.000000, var=[-1.0, -1.0, -1.0]); None; GPS(-43.522223, 172.577685, 15.000000, var=[-1.0, -1.0, -1.0]); GPS(-43.522223, 172.577685, 26.406106, var=[-1, -1, -1]); 1.1445895737692808; OFFBOARD
13:12:42:138658; [3, 3, 3, 4]4; None; GPS(-43.522223, 172.577685, 0.000000, var=[-1.0, -1.0, -1.0]); GPS(-43.522215, 172.577677, 0.000000, var=[-1.0, -1.0, -1.0]); None; GPS(-43.522223, 172.577685, 15.000000, var=[-1.0, -1.0, -1.0]); GPS(-43.522223, 172.577685, 26.406106, var=[-1, -1, -1]); 1.1445895737692808; OFFBOARD
13:12:42:140677; [3, 4, 3, 4]4; None; GPS(-43.522223, 172.577685, 0.000000, var=[-1.0, -1.0, -1.0]); GPS(-43.522215, 172.577677, 0.000000, var=[-1.0, -1.0, -1.0]); None; GPS(-43.522223, 172.577685, 15.000000, var=[-1.0, -1.0, -1.0]); GPS(-43.522223, 172.577685, 26.406106, var=[-1, -1, -1]); 1.1445895737692808; OFFBOARD
13:12:42:142532; [3, 4, 4, 4]4; None; GPS(-43.522223, 172.577685, 0.000000, var=[-1.0, -1.0, -1.0]); GPS(-43.522215, 172.577677, 0.000000, var=[-1.0, -1.0, -1.0]); None; GPS(-43.522223, 172.577685, 15.000000, var=[-1.0, -1.0, -1.0]); GPS(-43.522223, 172.577685, 26.406106, var=[-1, -1, -1]); 1.1445895737692808; OFFBOARD
13:12:42:143629; [3, 4, 4, 4]4; None; GPS(-43.522223, 172.577685, 0.000000, var=[-1.0, -1.0, -1.0]); GPS(-43.522215, 172.577677, 0.000000, var=[-1.0, -1.0, -1.0]); None; GPS(-43.522223, 172.577685, 15.000000, var=[-1.0, -1.0, -1.0]); GPS(-43.522223, 172.577685, 26.406106, var=[-1, -1, -1]); 1.1445895737692808; OFFBOARD
13:12:42:144863; [3, 4, 4, 4]4; None; GPS(-43.522223, 172.577685, 0.000000, var=[-1.0, -1.0, -1.0]); GPS(-43.522215, 172.577677, 0.000000, var=[-1.0, -1.0, -1.0]); None; GPS(-43.522223, 172.577685, 15.000000, var=[-1.0, -1.0, -1.0]); GPS(-43.522223, 172.577685, 26.406106, var=[-1, -1, -1]); 1.1445895737692808; OFFBOARD
13:12:42:146723; [3, 4, 4, 4]4; None; GPS(-43.522223, 172.577685, 0.000000, var=[-1.0, -1.0, -1.0]); GPS(-43.522215, 172.577677, 0.000000, var=[-1.0, -1.0, -1.0]); None; GPS(-43.522223, 172.577685, 15.000000, var=[-1.0, -1.0, -1.0]); GPS(-43.522223, 172.577685, 26.406106, var=[-1, -1, -1]); 1.1445895737692808; OFFBOARD
13:12:42:148494; [3, 4, 4, 4]4; None; GPS(-43.522223, 172.577685, 0.000000, var=[-1.0, -1.0, -1.0]); GPS(-43.522215, 172.577677, 0.000000, var=[-1.0, -1.0, -1.0]); None; GPS(-43.522223, 172.577685, 15.000000, var=[-1.0, -1.0, -1.0]); GPS(-43.522223, 172.577685, 26.406106, var=[-1, -1, -1]); 1.1445895737692808; OFFBOARD
13:12:42:153955; [3, 4, 4, 4]4; None; GPS(-43.522223, 172.577685, 0.000000, var=[-1.0, -1.0, -1.0]); GPS(-43.522215, 172.577677, 0.000000, var=[-1.0, -1.0, -1.0]); None; GPS(-43.522223, 172.577685, 15.000000, var=[-1.0, -1.0, -1.0]); GPS(-43.522223, 172.577685, 26.406106, var=[-1, -1, -1]); 1.1445895737692808; OFFBOARD
13:12:42:155551; [3, 4, 4, 4]4; None; GPS(-43.522223, 172.577685, 0.000000, var=[-1.0, -1.0, -1.0]); GPS(-43.522215, 172.577677, 0.000000, var=[-1.0, -1.0, -1.0]); None; GPS(-43.522223, 172.577685, 15.000000, var=[-1.0, -1.0, -1.0]); GPS(-43.522223, 172.577685, 26.406106, var=[-1, -1, -1]); 1.1445895737692808; OFFBOARD
13:12:42:158117; [3, 4, 4, 4]4; None; GPS(-43.522223, 172.577685, 0.000000, var=[-1.0, -1.0, -1.0]); GPS(-43.522215, 172.577677, 0.000000, var=[-1.0, -1.0, -1.0]); None; GPS(-43.522223, 172.577685, 15.000000, var=[-1.0, -1.0, -1.0]); GPS(-43.522223, 172.577685, 26.406106, var=[-1, -1, -1]); 1.1445895737692808; OFFBOARD
13:12:42:158932; [3, 4, 4, 4]4; None; GPS(-43.522223, 172.577685, 0.000000, var=[-1.0, -1.0, -1.0]); GPS(-43.522215, 172.577677, 0.000000, var=[-1.0, -1.0, -1.0]); None; GPS(-43.522223, 172.577685, 15.000000, var=[-1.0, -1.0, -1.0]); GPS(-43.522223, 172.577685, 26.406106, var=[-1, -1, -1]); 1.1445895737692808; OFFBOARD
13:12:42:161017; [3, 4, 4, 4]4; None; GPS(-43.522223, 172.577685, 0.000000, var=[-1.0, -1.0, -1.0]); GPS(-43.522215, 172.577677, 0.000000, var=[-1.0, -1.0, -1.0]); None; GPS(-43.522223, 172.577685, 15.000000, var=[-1.0, -1.0, -1.0]); GPS(-43.522223, 172.577685, 26.406106, var=[-1, -1, -1]); 1.1445895737692808; OFFBOARD
13:12:42:165010; [3, 4, 4, 4]4; None; GPS(-43.522223, 172.577685, 0.000000, var=[-1.0, -1.0, -1.0]); GPS(-43.522215, 172.577677, 0.000000, var=[-1.0, -1.0, -1.0]); None; GPS(-43.522223, 172.577685, 15.000000, var=[-1.0, -1.0, -1.0]); GPS(-43.522223, 172.577685, 26.406106, var=[-1, -1, -1]); 1.1445895737692808; OFFBOARD
13:12:42:167142; [3, 4, 4, 4]4; None; GPS(-43.522223, 172.577685, 0.000000, var=[-1.0, -1.0, -1.0]); GPS(-43.522215, 172.577677, 0.000000, var=[-1.0, -1.0, -1.0]); None; GPS(-43.522223, 172.577685, 15.000000, var=[-1.0, -1.0, -1.0]); GPS(-43.522223, 172.577685, 26.406106, var=[-1, -1, -1]); 1.1445895737692808; OFFBOARD
13:12:42:168718; [3, 4, 4, 4]4; None; GPS(-43.522223, 172.577685, 0.000000, var=[-1.0, -1.0, -1.0]); GPS(-43.522215, 172.577677, 0.000000, var=[-1.0, -1.0, -1.0]); None; GPS(-43.522223, 172.577685, 15.000000, var=[-1.0, -1.0, -1.0]); GPS(-43.522223, 172.577685, 26.406106, var=[-1, -1, -1]); 1.1445895737692808; OFFBOARD
13:12:42:171691; [3, 4, 4, 4]4; None; GPS(-43.522223, 172.577685, 0.000000, var=[-1.0, -1.0, -1.0]); GPS(-43.522215, 172.577677, 0.000000, var=[-1.0, -1.0, -1.0]); None; GPS(-43.522223, 172.577685, 15.000000, var=[-1.0, -1.0, -1.0]); GPS(-43.522223, 172.577685, 26.406106, var=[-1, -1, -1]); 1.1445895737692808; OFFBOARD
13:12:42:172994; [3, 4, 4, 4]4; None; GPS(-43.522223, 172.577685, 0.000000, var=[-1.0, -1.0, -1.0]); GPS(-43.522215, 172.577677, 0.000000, var=[-1.0, -1.0, -1.0]); None; GPS(-43.522223, 172.577685, 15.000000, var=[-1.0, -1.0, -1.0]); GPS(-43.522223, 172.577685, 26.406106, var=[-1, -1, -1]); 1.1445895737692808; OFFBOARD
13:12:42:174572; [3, 4, 4, 4]4; None; GPS(-43.522223, 172.577685, 0.000000, var=[-1.0, -1.0, -1.0]); GPS(-43.522215, 172.577677, 0.000000, var=[-1.0, -1.0, -1.0]); None; GPS(-43.522223, 172.577685, 15.000000, var=[-1.0, -1.0, -1.0]); GPS(-43.522223, 172.577685, 26.406106, var=[-1, -1, -1]); 1.1445895737692808; OFFBOARD
13:12:42:183902; [3, 4, 4, 4]4; None; GPS(-43.522223, 172.577685, 0.000000, var=[-1.0, -1.0, -1.0]); GPS(-43.522215, 172.577677, 0.000000, var=[-1.0, -1.0, -1.0]); None; GPS(-43.522223, 172.577685, 15.000000, var=[-1.0, -1.0, -1.0]); GPS(-43.522223, 172.577685, 26.406106, var=[-1, -1, -1]); 1.1445895737692808; OFFBOARD
13:12:42:190682; [4, 4, 4, 4]4; None; GPS(-43.522223, 172.577685, 0.000000, var=[-1.0, -1.0, -1.0]); GPS(-43.522215, 172.577677, 0.000000, var=[-1.0, -1.0, -1.0]); None; GPS(-43.522223, 172.577685, 15.000000, var=[-1.0, -1.0, -1.0]); GPS(-43.522223, 172.577685, 26.406106, var=[-1, -1, -1]); 1.1445895737692808; OFFBOARD
13:12:46:674410; [4, 4, 4, 4]5; None; GPS(-43.522223, 172.577685, 0.000000, var=[-1.0, -1.0, -1.0]); GPS(-43.522215, 172.577677, 0.000000, var=[-1.0, -1.0, -1.0]); None; GPS(-43.522223, 172.577685, 15.000000, var=[-1.0, -1.0, -1.0]); GPS(-43.522223, 172.577685, 26.447106, var=[-1, -1, -1]); 1.1445895737692808; OFFBOARD
13:12:46:720805; [4, 4, 4, 4]5; None; GPS(-43.522223, 172.577685, 0.000000, var=[-1.0, -1.0, -1.0]); GPS(-43.522215, 172.577677, 0.000000, var=[-1.0, -1.0, -1.0]); None; GPS(-43.522223, 172.577685, 15.000000, var=[-1.0, -1.0, -1.0]); GPS(-43.522223, 172.577685, 26.447106, var=[-1, -1, -1]); 1.1445895737692808; OFFBOARD
13:12:46:750635; [4, 4, 4, 4]5; None; GPS(-43.522223, 172.577685, 0.000000, var=[-1.0, -1.0, -1.0]); GPS(-43.522215, 172.577677, 0.000000, var=[-1.0, -1.0, -1.0]); None; GPS(-43.522223, 172.577685, 15.000000, var=[-1.0, -1.0, -1.0]); GPS(-43.522223, 172.577685, 26.446106, var=[-1, -1, -1]); 1.1445895737692808; OFFBOARD
13:12:46:766565; [4, 4, 4, 4]5; None; GPS(-43.522223, 172.577685, 0.000000, var=[-1.0, -1.0, -1.0]); GPS(-43.522215, 172.577677, 0.000000, var=[-1.0, -1.0, -1.0]); None; GPS(-43.522223, 172.577685, 15.000000, var=[-1.0, -1.0, -1.0]); GPS(-43.522223, 172.577685, 26.446106, var=[-1, -1, -1]); 1.1445895737692808; OFFBOARD
13:12:46:786771; [4, 4, 4, 4]5; None; GPS(-43.522223, 172.577685, 0.000000, var=[-1.0, -1.0, -1.0]); GPS(-43.522215, 172.577677, 0.000000, var=[-1.0, -1.0, -1.0]); None; GPS(-43.522223, 172.577685, 15.000000, var=[-1.0, -1.0, -1.0]); GPS(-43.522223, 172.577685, 26.446106, var=[-1, -1, -1]); 1.1445895737692808; OFFBOARD
13:12:46:810483; [4, 4, 4, 4]5; None; GPS(-43.522223, 172.577685, 0.000000, var=[-1.0, -1.0, -1.0]); GPS(-43.522215, 172.577677, 0.000000, var=[-1.0, -1.0, -1.0]); None; GPS(-43.522223, 172.577685, 15.000000, var=[-1.0, -1.0, -1.0]); GPS(-43.522223, 172.577685, 26.446106, var=[-1, -1, -1]); 1.1445895737692808; OFFBOARD
13:12:46:826140; [4, 4, 4, 4]5; None; GPS(-43.522223, 172.577685, 0.000000, var=[-1.0, -1.0, -1.0]); GPS(-43.522215, 172.577677, 0.000000, var=[-1.0, -1.0, -1.0]); None; GPS(-43.522223, 172.577685, 15.000000, var=[-1.0, -1.0, -1.0]); GPS(-43.522223, 172.577685, 26.446106, var=[-1, -1, -1]); 1.1445895737692808; OFFBOARD
13:12:46:829398; [4, 4, 4, 4]5; None; GPS(-43.522223, 172.577685, 0.000000, var=[-1.0, -1.0, -1.0]); GPS(-43.522215, 172.577677, 0.000000, var=[-1.0, -1.0, -1.0]); None; GPS(-43.522223, 172.577685, 15.000000, var=[-1.0, -1.0, -1.0]); GPS(-43.522223, 172.577685, 26.446106, var=[-1, -1, -1]); 1.1445895737692808; OFFBOARD
13:12:46:832662; [4, 4, 4, 4]5; None; GPS(-43.522223, 172.577685, 0.000000, var=[-1.0, -1.0, -1.0]); GPS(-43.522215, 172.577677, 0.000000, var=[-1.0, -1.0, -1.0]); None; GPS(-43.522223, 172.577685, 15.000000, var=[-1.0, -1.0, -1.0]); GPS(-43.522223, 172.577685, 26.446106, var=[-1, -1, -1]); 1.1445895737692808; OFFBOARD
13:12:46:839857; [4, 4, 4, 4]5; None; GPS(-43.522223, 172.577685, 0.000000, var=[-1.0, -1.0, -1.0]); GPS(-43.522215, 172.577677, 0.000000, var=[-1.0, -1.0, -1.0]); None; GPS(-43.522223, 172.577685, 15.000000, var=[-1.0, -1.0, -1.0]); GPS(-43.522223, 172.577685, 26.446106, var=[-1, -1, -1]); 1.1445895737692808; OFFBOARD
13:12:46:843043; [4, 4, 4, 4]5; None; GPS(-43.522223, 172.577685, 0.000000, var=[-1.0, -1.0, -1.0]); GPS(-43.522215, 172.577677, 0.000000, var=[-1.0, -1.0, -1.0]); None; GPS(-43.522223, 172.577685, 15.000000, var=[-1.0, -1.0, -1.0]); GPS(-43.522223, 172.577685, 26.446106, var=[-1, -1, -1]); 1.1445895737692808; OFFBOARD
13:12:46:847401; [4, 4, 4, 4]5; None; GPS(-43.522223, 172.577685, 0.000000, var=[-1.0, -1.0, -1.0]); GPS(-43.522215, 172.577677, 0.000000, var=[-1.0, -1.0, -1.0]); None; GPS(-43.522223, 172.577685, 15.000000, var=[-1.0, -1.0, -1.0]); GPS(-43.522223, 172.577685, 26.446106, var=[-1, -1, -1]); 1.1445895737692808; OFFBOARD
13:12:46:854612; [4, 4, 4, 4]5; None; GPS(-43.522223, 172.577685, 0.000000, var=[-1.0, -1.0, -1.0]); GPS(-43.522215, 172.577677, 0.000000, var=[-1.0, -1.0, -1.0]); None; GPS(-43.522223, 172.577685, 15.000000, var=[-1.0, -1.0, -1.0]); GPS(-43.522223, 172.577685, 26.446106, var=[-1, -1, -1]); 1.1445895737692808; OFFBOARD
13:12:46:858595; [4, 4, 4, 4]5; None; GPS(-43.522223, 172.577685, 0.000000, var=[-1.0, -1.0, -1.0]); GPS(-43.522215, 172.577677, 0.000000, var=[-1.0, -1.0, -1.0]); None; GPS(-43.522223, 172.577685, 15.000000, var=[-1.0, -1.0, -1.0]); GPS(-43.522223, 172.577685, 26.446106, var=[-1, -1, -1]); 1.1445895737692808; OFFBOARD
13:12:46:862589; [4, 4, 4, 4]5; None; GPS(-43.522223, 172.577685, 0.000000, var=[-1.0, -1.0, -1.0]); GPS(-43.522215, 172.577677, 0.000000, var=[-1.0, -1.0, -1.0]); None; GPS(-43.522223, 172.577685, 15.000000, var=[-1.0, -1.0, -1.0]); GPS(-43.522223, 172.577685, 26.446106, var=[-1, -1, -1]); 1.1445895737692808; OFFBOARD
13:12:46:871867; [4, 4, 4, 4]5; None; GPS(-43.522223, 172.577685, 0.000000, var=[-1.0, -1.0, -1.0]); GPS(-43.522215, 172.577677, 0.000000, var=[-1.0, -1.0, -1.0]); None; GPS(-43.522223, 172.577685, 15.000000, var=[-1.0, -1.0, -1.0]); GPS(-43.522223, 172.577685, 26.446106, var=[-1, -1, -1]); 1.1445895737692808; OFFBOARD
13:12:46:876811; [4, 4, 4, 4]5; None; GPS(-43.522223, 172.577685, 0.000000, var=[-1.0, -1.0, -1.0]); GPS(-43.522215, 172.577677, 0.000000, var=[-1.0, -1.0, -1.0]); None; GPS(-43.522223, 172.577685, 15.000000, var=[-1.0, -1.0, -1.0]); GPS(-43.522223, 172.577685, 26.446106, var=[-1, -1, -1]); 1.1445895737692808; OFFBOARD
13:12:46:882265; [4, 4, 4, 4]5; None; GPS(-43.522223, 172.577685, 0.000000, var=[-1.0, -1.0, -1.0]); GPS(-43.522215, 172.577677, 0.000000, var=[-1.0, -1.0, -1.0]); None; GPS(-43.522223, 172.577685, 15.000000, var=[-1.0, -1.0, -1.0]); GPS(-43.522223, 172.577685, 26.446106, var=[-1, -1, -1]); 1.1445895737692808; OFFBOARD
13:12:46:887348; [4, 4, 4, 4]5; None; GPS(-43.522223, 172.577685, 0.000000, var=[-1.0, -1.0, -1.0]); GPS(-43.522215, 172.577677, 0.000000, var=[-1.0, -1.0, -1.0]); None; GPS(-43.522223, 172.577685, 15.000000, var=[-1.0, -1.0, -1.0]); GPS(-43.522223, 172.577685, 26.446106, var=[-1, -1, -1]); 1.1445895737692808; OFFBOARD
13:12:46:891184; [4, 4, 4, 4]5; None; GPS(-43.522223, 172.577685, 0.000000, var=[-1.0, -1.0, -1.0]); GPS(-43.522215, 172.577677, 0.000000, var=[-1.0, -1.0, -1.0]); None; GPS(-43.522223, 172.577685, 15.000000, var=[-1.0, -1.0, -1.0]); GPS(-43.522223, 172.577685, 26.446106, var=[-1, -1, -1]); 1.1445895737692808; OFFBOARD
13:12:46:898442; [4, 4, 4, 4]5; None; GPS(-43.522223, 172.577685, 0.000000, var=[-1.0, -1.0, -1.0]); GPS(-43.522215, 172.577677, 0.000000, var=[-1.0, -1.0, -1.0]); None; GPS(-43.522223, 172.577685, 15.000000, var=[-1.0, -1.0, -1.0]); GPS(-43.522223, 172.577685, 26.446106, var=[-1, -1, -1]); 1.1445895737692808; OFFBOARD
13:12:46:902215; [4, 4, 4, 4]5; None; GPS(-43.522223, 172.577685, 0.000000, var=[-1.0, -1.0, -1.0]); GPS(-43.522215, 172.577677, 0.000000, var=[-1.0, -1.0, -1.0]); None; GPS(-43.522223, 172.577685, 15.000000, var=[-1.0, -1.0, -1.0]); GPS(-43.522223, 172.577685, 26.446106, var=[-1, -1, -1]); 1.1445895737692808; OFFBOARD
13:12:46:907177; [4, 4, 4, 4]5; None; GPS(-43.522223, 172.577685, 0.000000, var=[-1.0, -1.0, -1.0]); GPS(-43.522215, 172.577677, 0.000000, var=[-1.0, -1.0, -1.0]); None; GPS(-43.522223, 172.577685, 15.000000, var=[-1.0, -1.0, -1.0]); GPS(-43.522223, 172.577685, 26.446106, var=[-1, -1, -1]); 1.1445895737692808; OFFBOARD
13:12:46:913485; [4, 4, 4, 4]5; None; GPS(-43.522223, 172.577685, 0.000000, var=[-1.0, -1.0, -1.0]); GPS(-43.522215, 172.577677, 0.000000, var=[-1.0, -1.0, -1.0]); None; GPS(-43.522223, 172.577685, 15.000000, var=[-1.0, -1.0, -1.0]); GPS(-43.522223, 172.577685, 26.446106, var=[-1, -1, -1]); 1.1445895737692808; OFFBOARD
13:12:46:918534; [4, 4, 4, 4]5; None; GPS(-43.522223, 172.577685, 0.000000, var=[-1.0, -1.0, -1.0]); GPS(-43.522215, 172.577677, 0.000000, var=[-1.0, -1.0, -1.0]); None; GPS(-43.522223, 172.577685, 15.000000, var=[-1.0, -1.0, -1.0]); GPS(-43.522223, 172.577685, 26.446106, var=[-1, -1, -1]); 1.1445895737692808; OFFBOARD
13:12:46:922699; [4, 4, 4, 4]5; None; GPS(-43.522223, 172.577685, 0.000000, var=[-1.0, -1.0, -1.0]); GPS(-43.522215, 172.577677, 0.000000, var=[-1.0, -1.0, -1.0]); None; GPS(-43.522223, 172.577685, 15.000000, var=[-1.0, -1.0, -1.0]); GPS(-43.522223, 172.577685, 26.446106, var=[-1, -1, -1]); 1.1445895737692808; OFFBOARD
13:12:46:927571; [4, 4, 4, 4]5; None; GPS(-43.522223, 172.577685, 0.000000, var=[-1.0, -1.0, -1.0]); GPS(-43.522215, 172.577677, 0.000000, var=[-1.0, -1.0, -1.0]); None; GPS(-43.522223, 172.577685, 15.000000, var=[-1.0, -1.0, -1.0]); GPS(-43.522223, 172.577685, 26.446106, var=[-1, -1, -1]); 1.1445895737692808; OFFBOARD
13:12:46:935214; [4, 4, 4, 4]5; None; GPS(-43.522223, 172.577685, 0.000000, var=[-1.0, -1.0, -1.0]); GPS(-43.522215, 172.577677, 0.000000, var=[-1.0, -1.0, -1.0]); None; GPS(-43.522223, 172.577685, 15.000000, var=[-1.0, -1.0, -1.0]); GPS(-43.522223, 172.577685, 26.446106, var=[-1, -1, -1]); 1.1445895737692808; OFFBOARD
13:12:46:938952; [4, 4, 4, 4]5; None; GPS(-43.522223, 172.577685, 0.000000, var=[-1.0, -1.0, -1.0]); GPS(-43.522215, 172.577677, 0.000000, var=[-1.0, -1.0, -1.0]); None; GPS(-43.522223, 172.577685, 15.000000, var=[-1.0, -1.0, -1.0]); GPS(-43.522223, 172.577685, 26.446106, var=[-1, -1, -1]); 1.1445895737692808; OFFBOARD
13:12:46:942586; [4, 4, 4, 4]5; None; GPS(-43.522223, 172.577685, 0.000000, var=[-1.0, -1.0, -1.0]); GPS(-43.522215, 172.577677, 0.000000, var=[-1.0, -1.0, -1.0]); None; GPS(-43.522223, 172.577685, 15.000000, var=[-1.0, -1.0, -1.0]); GPS(-43.522223, 172.577685, 26.446106, var=[-1, -1, -1]); 1.1445895737692808; OFFBOARD
13:12:46:947082; [4, 4, 4, 4]5; None; GPS(-43.522223, 172.577685, 0.000000, var=[-1.0, -1.0, -1.0]); GPS(-43.522215, 172.577677, 0.000000, var=[-1.0, -1.0, -1.0]); None; GPS(-43.522223, 172.577685, 15.000000, var=[-1.0, -1.0, -1.0]); GPS(-43.522223, 172.577685, 26.446106, var=[-1, -1, -1]); 1.1445895737692808; OFFBOARD
13:12:46:953505; [4, 4, 4, 4]5; None; GPS(-43.522223, 172.577685, 0.000000, var=[-1.0, -1.0, -1.0]); GPS(-43.522213, 172.577677, 0.000000, var=[-1.0, -1.0, -1.0]); None; GPS(-43.522223, 172.577685, 15.000000, var=[-1.0, -1.0, -1.0]); GPS(-43.522223, 172.577685, 26.445106, var=[-1, -1, -1]); 1.2991857907167712; OFFBOARD
13:12:46:957072; [4, 4, 4, 4]5; None; GPS(-43.522223, 172.577685, 0.000000, var=[-1.0, -1.0, -1.0]); GPS(-43.522213, 172.577677, 0.000000, var=[-1.0, -1.0, -1.0]); None; GPS(-43.522223, 172.577685, 15.000000, var=[-1.0, -1.0, -1.0]); GPS(-43.522223, 172.577685, 26.445106, var=[-1, -1, -1]); 1.2991857907167712; OFFBOARD
13:12:46:961939; [4, 4, 4, 4]5; None; GPS(-43.522223, 172.577685, 0.000000, var=[-1.0, -1.0, -1.0]); GPS(-43.522213, 172.577677, 0.000000, var=[-1.0, -1.0, -1.0]); None; GPS(-43.522223, 172.577685, 15.000000, var=[-1.0, -1.0, -1.0]); GPS(-43.522223, 172.577685, 26.445106, var=[-1, -1, -1]); 1.2991857907167712; OFFBOARD
13:12:46:967236; [4, 4, 4, 4]5; None; GPS(-43.522223, 172.577685, 0.000000, var=[-1.0, -1.0, -1.0]); GPS(-43.522213, 172.577677, 0.000000, var=[-1.0, -1.0, -1.0]); None; GPS(-43.522223, 172.577685, 15.000000, var=[-1.0, -1.0, -1.0]); GPS(-43.522223, 172.577685, 26.445106, var=[-1, -1, -1]); 1.2991857907167712; OFFBOARD
13:12:46:971231; [4, 4, 4, 4]5; None; GPS(-43.522223, 172.577685, 0.000000, var=[-1.0, -1.0, -1.0]); GPS(-43.522213, 172.577677, 0.000000, var=[-1.0, -1.0, -1.0]); None; GPS(-43.522223, 172.577685, 15.000000, var=[-1.0, -1.0, -1.0]); GPS(-43.522223, 172.577685, 26.445106, var=[-1, -1, -1]); 1.2991857907167712; OFFBOARD
13:12:46:975143; [4, 4, 4, 4]5; None; GPS(-43.522223, 172.577685, 0.000000, var=[-1.0, -1.0, -1.0]); GPS(-43.522213, 172.577677, 0.000000, var=[-1.0, -1.0, -1.0]); None; GPS(-43.522223, 172.577685, 15.000000, var=[-1.0, -1.0, -1.0]); GPS(-43.522223, 172.577685, 26.445106, var=[-1, -1, -1]); 1.2991857907167712; OFFBOARD
13:12:46:978452; [4, 4, 4, 4]5; None; GPS(-43.522223, 172.577685, 0.000000, var=[-1.0, -1.0, -1.0]); GPS(-43.522213, 172.577677, 0.000000, var=[-1.0, -1.0, -1.0]); None; GPS(-43.522223, 172.577685, 15.000000, var=[-1.0, -1.0, -1.0]); GPS(-43.522223, 172.577685, 26.445106, var=[-1, -1, -1]); 1.2991857907167712; OFFBOARD
13:12:46:987184; [4, 4, 4, 4]5; None; GPS(-43.522223, 172.577685, 0.000000, var=[-1.0, -1.0, -1.0]); GPS(-43.522213, 172.577677, 0.000000, var=[-1.0, -1.0, -1.0]); None; GPS(-43.522223, 172.577685, 15.000000, var=[-1.0, -1.0, -1.0]); GPS(-43.522223, 172.577685, 26.445106, var=[-1, -1, -1]); 1.2991857907167712; OFFBOARD
13:12:46:995994; [4, 4, 4, 4]5; None; GPS(-43.522223, 172.577685, 0.000000, var=[-1.0, -1.0, -1.0]); GPS(-43.522213, 172.577677, 0.000000, var=[-1.0, -1.0, -1.0]); None; GPS(-43.522223, 172.577685, 15.000000, var=[-1.0, -1.0, -1.0]); GPS(-43.522223, 172.577685, 26.445106, var=[-1, -1, -1]); 1.2991857907167712; OFFBOARD
13:12:47:000335; [4, 4, 4, 4]5; None; GPS(-43.522223, 172.577685, 0.000000, var=[-1.0, -1.0, -1.0]); GPS(-43.522213, 172.577677, 0.000000, var=[-1.0, -1.0, -1.0]); None; GPS(-43.522223, 172.577685, 15.000000, var=[-1.0, -1.0, -1.0]); GPS(-43.522223, 172.577685, 26.445106, var=[-1, -1, -1]); 1.2991857907167712; OFFBOARD
13:12:47:004540; [4, 4, 4, 4]5; None; GPS(-43.522223, 172.577685, 0.000000, var=[-1.0, -1.0, -1.0]); GPS(-43.522213, 172.577677, 0.000000, var=[-1.0, -1.0, -1.0]); None; GPS(-43.522223, 172.577685, 15.000000, var=[-1.0, -1.0, -1.0]); GPS(-43.522223, 172.577685, 26.445106, var=[-1, -1, -1]); 1.2991857907167712; OFFBOARD
13:12:47:007931; [4, 4, 4, 4]5; None; GPS(-43.522223, 172.577685, 0.000000, var=[-1.0, -1.0, -1.0]); GPS(-43.522213, 172.577675, 0.000000, var=[-1.0, -1.0, -1.0]); None; GPS(-43.522223, 172.577685, 15.000000, var=[-1.0, -1.0, -1.0]); GPS(-43.522223, 172.577685, 26.445106, var=[-1, -1, -1]); 1.3735074960125002; OFFBOARD
13:12:47:012392; [4, 4, 4, 4]5; None; GPS(-43.522223, 172.577685, 0.000000, var=[-1.0, -1.0, -1.0]); GPS(-43.522213, 172.577675, 0.000000, var=[-1.0, -1.0, -1.0]); None; GPS(-43.522223, 172.577685, 15.000000, var=[-1.0, -1.0, -1.0]); GPS(-43.522223, 172.577685, 26.445106, var=[-1, -1, -1]); 1.3735074960125002; OFFBOARD
13:12:47:016649; [4, 4, 4, 4]5; None; GPS(-43.522223, 172.577685, 0.000000, var=[-1.0, -1.0, -1.0]); GPS(-43.522213, 172.577675, 0.000000, var=[-1.0, -1.0, -1.0]); None; GPS(-43.522223, 172.577685, 15.000000, var=[-1.0, -1.0, -1.0]); GPS(-43.522223, 172.577685, 26.445106, var=[-1, -1, -1]); 1.3735074960125002; OFFBOARD
13:12:47:024093; [4, 4, 4, 4]5; None; GPS(-43.522223, 172.577685, 0.000000, var=[-1.0, -1.0, -1.0]); GPS(-43.522213, 172.577675, 0.000000, var=[-1.0, -1.0, -1.0]); None; GPS(-43.522223, 172.577685, 15.000000, var=[-1.0, -1.0, -1.0]); GPS(-43.522223, 172.577685, 26.445106, var=[-1, -1, -1]); 1.3735074960125002; OFFBOARD
13:12:47:034296; [4, 4, 4, 4]5; None; GPS(-43.522223, 172.577685, 0.000000, var=[-1.0, -1.0, -1.0]); GPS(-43.522213, 172.577675, 0.000000, var=[-1.0, -1.0, -1.0]); None; GPS(-43.522223, 172.577685, 15.000000, var=[-1.0, -1.0, -1.0]); GPS(-43.522223, 172.577685, 26.445106, var=[-1, -1, -1]); 1.3735074960125002; OFFBOARD
13:12:47:039093; [4, 4, 4, 4]5; None; GPS(-43.522223, 172.577685, 0.000000, var=[-1.0, -1.0, -1.0]); GPS(-43.522213, 172.577675, 0.000000, var=[-1.0, -1.0, -1.0]); None; GPS(-43.522223, 172.577685, 15.000000, var=[-1.0, -1.0, -1.0]); GPS(-43.522223, 172.577685, 26.445106, var=[-1, -1, -1]); 1.3735074960125002; OFFBOARD
13:12:47:044526; [4, 4, 4, 4]5; None; GPS(-43.522223, 172.577685, 0.000000, var=[-1.0, -1.0, -1.0]); GPS(-43.522213, 172.577675, 0.000000, var=[-1.0, -1.0, -1.0]); None; GPS(-43.522223, 172.577685, 15.000000, var=[-1.0, -1.0, -1.0]); GPS(-43.522223, 172.577685, 26.445106, var=[-1, -1, -1]); 1.3735074960125002; OFFBOARD
13:12:47:048069; [4, 4, 4, 4]5; None; GPS(-43.522223, 172.577685, 0.000000, var=[-1.0, -1.0, -1.0]); GPS(-43.522213, 172.577675, 0.000000, var=[-1.0, -1.0, -1.0]); None; GPS(-43.522223, 172.577685, 15.000000, var=[-1.0, -1.0, -1.0]); GPS(-43.522223, 172.577685, 26.445106, var=[-1, -1, -1]); 1.3735074960125002; OFFBOARD
13:12:47:054580; [4, 4, 4, 4]5; None; GPS(-43.522223, 172.577685, 0.000000, var=[-1.0, -1.0, -1.0]); GPS(-43.522213, 172.577675, 0.000000, var=[-1.0, -1.0, -1.0]); None; GPS(-43.522223, 172.577685, 15.000000, var=[-1.0, -1.0, -1.0]); GPS(-43.522223, 172.577685, 26.445106, var=[-1, -1, -1]); 1.3735074960125002; OFFBOARD
13:12:47:059520; [4, 4, 4, 4]5; None; GPS(-43.522223, 172.577685, 0.000000, var=[-1.0, -1.0, -1.0]); GPS(-43.522213, 172.577675, 0.000000, var=[-1.0, -1.0, -1.0]); None; GPS(-43.522223, 172.577685, 15.000000, var=[-1.0, -1.0, -1.0]); GPS(-43.522223, 172.577685, 26.445106, var=[-1, -1, -1]); 1.3735074960125002; OFFBOARD
13:12:47:063349; [4, 4, 4, 4]5; None; GPS(-43.522223, 172.577685, 0.000000, var=[-1.0, -1.0, -1.0]); GPS(-43.522213, 172.577675, 0.000000, var=[-1.0, -1.0, -1.0]); None; GPS(-43.522223, 172.577685, 15.000000, var=[-1.0, -1.0, -1.0]); GPS(-43.522223, 172.577685, 26.445106, var=[-1, -1, -1]); 1.3735074960125002; OFFBOARD
13:12:47:066774; [4, 4, 4, 4]5; None; GPS(-43.522223, 172.577685, 0.000000, var=[-1.0, -1.0, -1.0]); GPS(-43.522213, 172.577675, 0.000000, var=[-1.0, -1.0, -1.0]); None; GPS(-43.522223, 172.577685, 15.000000, var=[-1.0, -1.0, -1.0]); GPS(-43.522223, 172.577685, 26.445106, var=[-1, -1, -1]); 1.3735074960125002; OFFBOARD
13:12:47:072347; [4, 4, 4, 4]5; None; GPS(-43.522223, 172.577685, 0.000000, var=[-1.0, -1.0, -1.0]); GPS(-43.522213, 172.577675, 0.000000, var=[-1.0, -1.0, -1.0]); None; GPS(-43.522223, 172.577685, 15.000000, var=[-1.0, -1.0, -1.0]); GPS(-43.522223, 172.577685, 26.445106, var=[-1, -1, -1]); 1.3735074960125002; OFFBOARD
13:12:47:078848; [4, 4, 4, 4]5; None; GPS(-43.522223, 172.577685, 0.000000, var=[-1.0, -1.0, -1.0]); GPS(-43.522213, 172.577675, 0.000000, var=[-1.0, -1.0, -1.0]); None; GPS(-43.522223, 172.577685, 15.000000, var=[-1.0, -1.0, -1.0]); GPS(-43.522223, 172.577685, 26.445106, var=[-1, -1, -1]); 1.3735074960125002; OFFBOARD
13:12:47:084123; [4, 4, 4, 4]5; None; GPS(-43.522223, 172.577685, 0.000000, var=[-1.0, -1.0, -1.0]); GPS(-43.522213, 172.577675, 0.000000, var=[-1.0, -1.0, -1.0]); None; GPS(-43.522223, 172.577685, 15.000000, var=[-1.0, -1.0, -1.0]); GPS(-43.522223, 172.577685, 26.445106, var=[-1, -1, -1]); 1.3735074960125002; OFFBOARD
13:12:47:088490; [4, 4, 4, 4]5; None; GPS(-43.522223, 172.577685, 0.000000, var=[-1.0, -1.0, -1.0]); GPS(-43.522213, 172.577675, 0.000000, var=[-1.0, -1.0, -1.0]); None; GPS(-43.522223, 172.577685, 15.000000, var=[-1.0, -1.0, -1.0]); GPS(-43.522223, 172.577685, 26.445106, var=[-1, -1, -1]); 1.3735074960125002; OFFBOARD
13:12:47:094761; [4, 4, 4, 4]5; None; GPS(-43.522223, 172.577685, 0.000000, var=[-1.0, -1.0, -1.0]); GPS(-43.522213, 172.577675, 0.000000, var=[-1.0, -1.0, -1.0]); None; GPS(-43.522223, 172.577685, 15.000000, var=[-1.0, -1.0, -1.0]); GPS(-43.522223, 172.577685, 26.445106, var=[-1, -1, -1]); 1.3735074960125002; OFFBOARD
13:12:47:098415; [4, 4, 4, 4]5; None; GPS(-43.522223, 172.577685, 0.000000, var=[-1.0, -1.0, -1.0]); GPS(-43.522213, 172.577675, 0.000000, var=[-1.0, -1.0, -1.0]); None; GPS(-43.522223, 172.577685, 15.000000, var=[-1.0, -1.0, -1.0]); GPS(-43.522223, 172.577685, 26.445106, var=[-1, -1, -1]); 1.3735074960125002; OFFBOARD
13:12:47:106936; [4, 4, 4, 4]5; None; GPS(-43.522223, 172.577685, 0.000000, var=[-1.0, -1.0, -1.0]); GPS(-43.522213, 172.577675, 0.000000, var=[-1.0, -1.0, -1.0]); None; GPS(-43.522223, 172.577685, 15.000000, var=[-1.0, -1.0, -1.0]); GPS(-43.522223, 172.577685, 26.445106, var=[-1, -1, -1]); 1.3735074960125002; OFFBOARD
13:12:47:110841; [4, 4, 4, 4]5; None; GPS(-43.522223, 172.577685, 0.000000, var=[-1.0, -1.0, -1.0]); GPS(-43.522213, 172.577675, 0.000000, var=[-1.0, -1.0, -1.0]); None; GPS(-43.522223, 172.577685, 15.000000, var=[-1.0, -1.0, -1.0]); GPS(-43.522223, 172.577685, 26.445106, var=[-1, -1, -1]); 1.3735074960125002; OFFBOARD
13:12:47:114318; [4, 4, 4, 4]5; None; GPS(-43.522223, 172.577685, 0.000000, var=[-1.0, -1.0, -1.0]); GPS(-43.522213, 172.577675, 0.000000, var=[-1.0, -1.0, -1.0]); None; GPS(-43.522223, 172.577685, 15.000000, var=[-1.0, -1.0, -1.0]); GPS(-43.522223, 172.577685, 26.445106, var=[-1, -1, -1]); 1.3735074960125002; OFFBOARD
13:12:47:117434; [4, 4, 4, 4]5; None; GPS(-43.522223, 172.577685, 0.000000, var=[-1.0, -1.0, -1.0]); GPS(-43.522213, 172.577675, 0.000000, var=[-1.0, -1.0, -1.0]); None; GPS(-43.522223, 172.577685, 15.000000, var=[-1.0, -1.0, -1.0]); GPS(-43.522223, 172.577685, 26.445106, var=[-1, -1, -1]); 1.3735074960125002; OFFBOARD
13:12:47:124802; [4, 4, 4, 4]5; None; GPS(-43.522223, 172.577685, 0.000000, var=[-1.0, -1.0, -1.0]); GPS(-43.522213, 172.577675, 0.000000, var=[-1.0, -1.0, -1.0]); None; GPS(-43.522223, 172.577685, 15.000000, var=[-1.0, -1.0, -1.0]); GPS(-43.522223, 172.577685, 26.445106, var=[-1, -1, -1]); 1.3735074960125002; OFFBOARD
13:12:47:128845; [4, 4, 4, 4]5; None; GPS(-43.522223, 172.577685, 0.000000, var=[-1.0, -1.0, -1.0]); GPS(-43.522213, 172.577675, 0.000000, var=[-1.0, -1.0, -1.0]); None; GPS(-43.522223, 172.577685, 15.000000, var=[-1.0, -1.0, -1.0]); GPS(-43.522223, 172.577685, 26.445106, var=[-1, -1, -1]); 1.3735074960125002; OFFBOARD
13:12:47:132384; [4, 4, 4, 4]5; None; GPS(-43.522223, 172.577685, 0.000000, var=[-1.0, -1.0, -1.0]); GPS(-43.522213, 172.577675, 0.000000, var=[-1.0, -1.0, -1.0]); None; GPS(-43.522223, 172.577685, 15.000000, var=[-1.0, -1.0, -1.0]); GPS(-43.522223, 172.577685, 26.445106, var=[-1, -1, -1]); 1.3735074960125002; OFFBOARD
13:12:47:138854; [4, 4, 4, 4]5; None; GPS(-43.522223, 172.577685, 0.000000, var=[-1.0, -1.0, -1.0]); GPS(-43.522213, 172.577675, 0.000000, var=[-1.0, -1.0, -1.0]); None; GPS(-43.522223, 172.577685, 15.000000, var=[-1.0, -1.0, -1.0]); GPS(-43.522223, 172.577685, 26.445106, var=[-1, -1, -1]); 1.3735074960125002; OFFBOARD
13:12:47:144910; [4, 4, 4, 4]5; None; GPS(-43.522223, 172.577685, 0.000000, var=[-1.0, -1.0, -1.0]); GPS(-43.522213, 172.577675, 0.000000, var=[-1.0, -1.0, -1.0]); None; GPS(-43.522223, 172.577685, 15.000000, var=[-1.0, -1.0, -1.0]); GPS(-43.522223, 172.577685, 26.445106, var=[-1, -1, -1]); 1.3735074960125002; OFFBOARD
13:12:47:150499; [4, 4, 4, 4]5; None; GPS(-43.522223, 172.577685, 0.000000, var=[-1.0, -1.0, -1.0]); GPS(-43.522213, 172.577675, 0.000000, var=[-1.0, -1.0, -1.0]); None; GPS(-43.522223, 172.577685, 15.000000, var=[-1.0, -1.0, -1.0]); GPS(-43.522223, 172.577685, 26.445106, var=[-1, -1, -1]); 1.3735074960125002; OFFBOARD
13:12:47:157505; [4, 4, 4, 4]5; None; GPS(-43.522223, 172.577685, 0.000000, var=[-1.0, -1.0, -1.0]); GPS(-43.522213, 172.577675, 0.000000, var=[-1.0, -1.0, -1.0]); None; GPS(-43.522223, 172.577685, 15.000000, var=[-1.0, -1.0, -1.0]); GPS(-43.522223, 172.577685, 26.445106, var=[-1, -1, -1]); 1.3735074960125002; OFFBOARD
13:12:47:160267; [4, 4, 4, 4]5; None; GPS(-43.522223, 172.577685, 0.000000, var=[-1.0, -1.0, -1.0]); GPS(-43.522213, 172.577675, 0.000000, var=[-1.0, -1.0, -1.0]); None; GPS(-43.522223, 172.577685, 15.000000, var=[-1.0, -1.0, -1.0]); GPS(-43.522223, 172.577685, 26.445106, var=[-1, -1, -1]); 1.3735074960125002; OFFBOARD
13:12:47:163139; [4, 4, 4, 4]5; None; GPS(-43.522223, 172.577685, 0.000000, var=[-1.0, -1.0, -1.0]); GPS(-43.522213, 172.577675, 0.000000, var=[-1.0, -1.0, -1.0]); None; GPS(-43.522223, 172.577685, 15.000000, var=[-1.0, -1.0, -1.0]); GPS(-43.522223, 172.577685, 26.445106, var=[-1, -1, -1]); 1.3735074960125002; OFFBOARD
13:12:47:175549; [4, 4, 4, 4]5; None; GPS(-43.522223, 172.577685, 0.000000, var=[-1.0, -1.0, -1.0]); GPS(-43.522213, 172.577675, 0.000000, var=[-1.0, -1.0, -1.0]); None; GPS(-43.522223, 172.577685, 15.000000, var=[-1.0, -1.0, -1.0]); GPS(-43.522223, 172.577685, 26.445106, var=[-1, -1, -1]); 1.3735074960125002; OFFBOARD
13:12:47:180020; [4, 4, 4, 4]5; None; GPS(-43.522223, 172.577685, 0.000000, var=[-1.0, -1.0, -1.0]); GPS(-43.522213, 172.577675, 0.000000, var=[-1.0, -1.0, -1.0]); None; GPS(-43.522223, 172.577685, 15.000000, var=[-1.0, -1.0, -1.0]); GPS(-43.522223, 172.577685, 26.445106, var=[-1, -1, -1]); 1.3735074960125002; OFFBOARD
13:12:47:186248; [4, 4, 4, 4]5; None; GPS(-43.522223, 172.577685, 0.000000, var=[-1.0, -1.0, -1.0]); GPS(-43.522213, 172.577675, 0.000000, var=[-1.0, -1.0, -1.0]); None; GPS(-43.522223, 172.577685, 15.000000, var=[-1.0, -1.0, -1.0]); GPS(-43.522223, 172.577685, 26.445106, var=[-1, -1, -1]); 1.3735074960125002; OFFBOARD
13:12:47:191337; [4, 4, 4, 4]5; None; GPS(-43.522223, 172.577685, 0.000000, var=[-1.0, -1.0, -1.0]); GPS(-43.522213, 172.577675, 0.000000, var=[-1.0, -1.0, -1.0]); None; GPS(-43.522223, 172.577685, 15.000000, var=[-1.0, -1.0, -1.0]); GPS(-43.522223, 172.577685, 26.445106, var=[-1, -1, -1]); 1.3735074960125002; OFFBOARD
13:12:47:195130; [4, 4, 4, 4]5; None; GPS(-43.522223, 172.577685, 0.000000, var=[-1.0, -1.0, -1.0]); GPS(-43.522213, 172.577675, 0.000000, var=[-1.0, -1.0, -1.0]); None; GPS(-43.522223, 172.577685, 15.000000, var=[-1.0, -1.0, -1.0]); GPS(-43.522223, 172.577685, 26.445106, var=[-1, -1, -1]); 1.3735074960125002; OFFBOARD
13:12:47:207181; [4, 4, 4, 4]5; None; GPS(-43.522223, 172.577685, 0.000000, var=[-1.0, -1.0, -1.0]); GPS(-43.522213, 172.577675, 0.000000, var=[-1.0, -1.0, -1.0]); None; GPS(-43.522223, 172.577685, 15.000000, var=[-1.0, -1.0, -1.0]); GPS(-43.522223, 172.577685, 26.445106, var=[-1, -1, -1]); 1.3735074960125002; OFFBOARD
13:12:47:212882; [4, 4, 4, 4]5; None; GPS(-43.522223, 172.577685, 0.000000, var=[-1.0, -1.0, -1.0]); GPS(-43.522213, 172.577675, 0.000000, var=[-1.0, -1.0, -1.0]); None; GPS(-43.522223, 172.577685, 15.000000, var=[-1.0, -1.0, -1.0]); GPS(-43.522223, 172.577685, 26.445106, var=[-1, -1, -1]); 1.3735074960125002; OFFBOARD
13:12:47:217885; [4, 4, 4, 4]5; None; GPS(-43.522223, 172.577685, 0.000000, var=[-1.0, -1.0, -1.0]); GPS(-43.522213, 172.577675, 0.000000, var=[-1.0, -1.0, -1.0]); None; GPS(-43.522223, 172.577685, 15.000000, var=[-1.0, -1.0, -1.0]); GPS(-43.522223, 172.577685, 26.445106, var=[-1, -1, -1]); 1.3735074960125002; OFFBOARD
13:12:47:225562; [4, 4, 4, 4]5; None; GPS(-43.522223, 172.577685, 0.000000, var=[-1.0, -1.0, -1.0]); GPS(-43.522213, 172.577675, 0.000000, var=[-1.0, -1.0, -1.0]); None; GPS(-43.522223, 172.577685, 15.000000, var=[-1.0, -1.0, -1.0]); GPS(-43.522223, 172.577685, 26.445106, var=[-1, -1, -1]); 1.3735074960125002; OFFBOARD
13:12:47:231273; [4, 4, 4, 4]5; None; GPS(-43.522223, 172.577685, 0.000000, var=[-1.0, -1.0, -1.0]); GPS(-43.522213, 172.577675, 0.000000, var=[-1.0, -1.0, -1.0]); None; GPS(-43.522223, 172.577685, 15.000000, var=[-1.0, -1.0, -1.0]); GPS(-43.522223, 172.577685, 26.445106, var=[-1, -1, -1]); 1.3735074960125002; OFFBOARD
13:12:47:239952; [4, 4, 4, 4]5; None; GPS(-43.522223, 172.577685, 0.000000, var=[-1.0, -1.0, -1.0]); GPS(-43.522213, 172.577675, 0.000000, var=[-1.0, -1.0, -1.0]); None; GPS(-43.522223, 172.577685, 15.000000, var=[-1.0, -1.0, -1.0]); GPS(-43.522224, 172.577685, 26.445105, var=[-1, -1, -1]); 1.3735074960125002; OFFBOARD
13:12:47:244488; [4, 4, 4, 4]5; None; GPS(-43.522223, 172.577685, 0.000000, var=[-1.0, -1.0, -1.0]); GPS(-43.522213, 172.577675, 0.000000, var=[-1.0, -1.0, -1.0]); None; GPS(-43.522223, 172.577685, 15.000000, var=[-1.0, -1.0, -1.0]); GPS(-43.522224, 172.577685, 26.445105, var=[-1, -1, -1]); 1.3735074960125002; OFFBOARD
13:12:47:249775; [4, 4, 4, 4]5; None; GPS(-43.522223, 172.577685, 0.000000, var=[-1.0, -1.0, -1.0]); GPS(-43.522213, 172.577675, 0.000000, var=[-1.0, -1.0, -1.0]); None; GPS(-43.522223, 172.577685, 15.000000, var=[-1.0, -1.0, -1.0]); GPS(-43.522224, 172.577685, 26.445105, var=[-1, -1, -1]); 1.3735074960125002; OFFBOARD
13:12:47:254358; [4, 4, 4, 4]5; None; GPS(-43.522223, 172.577685, 0.000000, var=[-1.0, -1.0, -1.0]); GPS(-43.522213, 172.577675, 0.000000, var=[-1.0, -1.0, -1.0]); None; GPS(-43.522223, 172.577685, 15.000000, var=[-1.0, -1.0, -1.0]); GPS(-43.522224, 172.577685, 26.445105, var=[-1, -1, -1]); 1.3735074960125002; OFFBOARD
13:12:47:257780; [4, 4, 4, 4]5; None; GPS(-43.522223, 172.577685, 0.000000, var=[-1.0, -1.0, -1.0]); GPS(-43.522213, 172.577675, 0.000000, var=[-1.0, -1.0, -1.0]); None; GPS(-43.522223, 172.577685, 15.000000, var=[-1.0, -1.0, -1.0]); GPS(-43.522224, 172.577685, 26.445105, var=[-1, -1, -1]); 1.3735074960125002; OFFBOARD
13:12:47:261788; [4, 4, 4, 4]5; None; GPS(-43.522223, 172.577685, 0.000000, var=[-1.0, -1.0, -1.0]); GPS(-43.522213, 172.577675, 0.000000, var=[-1.0, -1.0, -1.0]); None; GPS(-43.522223, 172.577685, 15.000000, var=[-1.0, -1.0, -1.0]); GPS(-43.522224, 172.577685, 26.445105, var=[-1, -1, -1]); 1.3735074960125002; OFFBOARD
13:12:47:267567; [4, 4, 4, 4]5; None; GPS(-43.522223, 172.577685, 0.000000, var=[-1.0, -1.0, -1.0]); GPS(-43.522213, 172.577675, 0.000000, var=[-1.0, -1.0, -1.0]); None; GPS(-43.522223, 172.577685, 15.000000, var=[-1.0, -1.0, -1.0]); GPS(-43.522224, 172.577685, 26.445105, var=[-1, -1, -1]); 1.3735074960125002; OFFBOARD
13:12:47:270595; [4, 4, 4, 4]5; None; GPS(-43.522223, 172.577685, 0.000000, var=[-1.0, -1.0, -1.0]); GPS(-43.522213, 172.577675, 0.000000, var=[-1.0, -1.0, -1.0]); None; GPS(-43.522223, 172.577685, 15.000000, var=[-1.0, -1.0, -1.0]); GPS(-43.522224, 172.577685, 26.445105, var=[-1, -1, -1]); 1.3735074960125002; OFFBOARD
13:12:47:273675; [4, 4, 4, 4]5; None; GPS(-43.522223, 172.577685, 0.000000, var=[-1.0, -1.0, -1.0]); GPS(-43.522213, 172.577675, 0.000000, var=[-1.0, -1.0, -1.0]); None; GPS(-43.522223, 172.577685, 15.000000, var=[-1.0, -1.0, -1.0]); GPS(-43.522224, 172.577685, 26.445105, var=[-1, -1, -1]); 1.3735074960125002; OFFBOARD
13:12:47:278303; [4, 4, 4, 4]5; None; GPS(-43.522223, 172.577685, 0.000000, var=[-1.0, -1.0, -1.0]); GPS(-43.522213, 172.577675, 0.000000, var=[-1.0, -1.0, -1.0]); None; GPS(-43.522223, 172.577685, 15.000000, var=[-1.0, -1.0, -1.0]); GPS(-43.522224, 172.577685, 26.445105, var=[-1, -1, -1]); 1.3735074960125002; OFFBOARD
13:12:47:286291; [4, 4, 4, 4]5; None; GPS(-43.522223, 172.577685, 0.000000, var=[-1.0, -1.0, -1.0]); GPS(-43.522213, 172.577675, 0.000000, var=[-1.0, -1.0, -1.0]); None; GPS(-43.522223, 172.577685, 15.000000, var=[-1.0, -1.0, -1.0]); GPS(-43.522224, 172.577685, 26.445105, var=[-1, -1, -1]); 1.3735074960125002; OFFBOARD
13:12:47:289087; [4, 4, 4, 4]5; None; GPS(-43.522223, 172.577685, 0.000000, var=[-1.0, -1.0, -1.0]); GPS(-43.522213, 172.577675, 0.000000, var=[-1.0, -1.0, -1.0]); None; GPS(-43.522223, 172.577685, 15.000000, var=[-1.0, -1.0, -1.0]); GPS(-43.522224, 172.577685, 26.446105, var=[-1, -1, -1]); 1.3735074960125002; OFFBOARD
13:12:47:291866; [4, 4, 4, 4]5; None; GPS(-43.522223, 172.577685, 0.000000, var=[-1.0, -1.0, -1.0]); GPS(-43.522213, 172.577675, 0.000000, var=[-1.0, -1.0, -1.0]); None; GPS(-43.522223, 172.577685, 15.000000, var=[-1.0, -1.0, -1.0]); GPS(-43.522224, 172.577685, 26.446105, var=[-1, -1, -1]); 1.3735074960125002; OFFBOARD
13:12:47:296270; [4, 4, 4, 4]5; None; GPS(-43.522223, 172.577685, 0.000000, var=[-1.0, -1.0, -1.0]); GPS(-43.522213, 172.577675, 0.000000, var=[-1.0, -1.0, -1.0]); None; GPS(-43.522223, 172.577685, 15.000000, var=[-1.0, -1.0, -1.0]); GPS(-43.522224, 172.577685, 26.446105, var=[-1, -1, -1]); 1.3735074960125002; OFFBOARD
13:12:47:301626; [4, 4, 4, 4]5; None; GPS(-43.522223, 172.577685, 0.000000, var=[-1.0, -1.0, -1.0]); GPS(-43.522213, 172.577675, 0.000000, var=[-1.0, -1.0, -1.0]); None; GPS(-43.522223, 172.577685, 15.000000, var=[-1.0, -1.0, -1.0]); GPS(-43.522224, 172.577685, 26.446105, var=[-1, -1, -1]); 1.3735074960125002; OFFBOARD
13:12:47:305772; [4, 4, 4, 4]5; None; GPS(-43.522223, 172.577685, 0.000000, var=[-1.0, -1.0, -1.0]); GPS(-43.522213, 172.577675, 0.000000, var=[-1.0, -1.0, -1.0]); None; GPS(-43.522223, 172.577685, 15.000000, var=[-1.0, -1.0, -1.0]); GPS(-43.522224, 172.577685, 26.446105, var=[-1, -1, -1]); 1.3735074960125002; OFFBOARD
13:12:47:309721; [4, 4, 4, 4]5; None; GPS(-43.522223, 172.577685, 0.000000, var=[-1.0, -1.0, -1.0]); GPS(-43.522212, 172.577675, 0.000000, var=[-1.0, -1.0, -1.0]); None; GPS(-43.522223, 172.577685, 15.000000, var=[-1.0, -1.0, -1.0]); GPS(-43.522224, 172.577685, 26.446105, var=[-1, -1, -1]); 1.5274200124137833; OFFBOARD
13:12:47:313507; [4, 4, 4, 4]5; None; GPS(-43.522223, 172.577685, 0.000000, var=[-1.0, -1.0, -1.0]); GPS(-43.522212, 172.577675, 0.000000, var=[-1.0, -1.0, -1.0]); None; GPS(-43.522223, 172.577685, 15.000000, var=[-1.0, -1.0, -1.0]); GPS(-43.522224, 172.577685, 26.446105, var=[-1, -1, -1]); 1.5274200124137833; OFFBOARD
13:12:47:317808; [4, 4, 4, 4]5; None; GPS(-43.522223, 172.577685, 0.000000, var=[-1.0, -1.0, -1.0]); GPS(-43.522212, 172.577675, 0.000000, var=[-1.0, -1.0, -1.0]); None; GPS(-43.522223, 172.577685, 15.000000, var=[-1.0, -1.0, -1.0]); GPS(-43.522224, 172.577685, 26.446105, var=[-1, -1, -1]); 1.5274200124137833; OFFBOARD
13:12:47:322713; [4, 4, 4, 4]5; None; GPS(-43.522223, 172.577685, 0.000000, var=[-1.0, -1.0, -1.0]); GPS(-43.522212, 172.577675, 0.000000, var=[-1.0, -1.0, -1.0]); None; GPS(-43.522223, 172.577685, 15.000000, var=[-1.0, -1.0, -1.0]); GPS(-43.522224, 172.577685, 26.446105, var=[-1, -1, -1]); 1.5274200124137833; OFFBOARD
13:12:47:326761; [4, 4, 4, 4]5; None; GPS(-43.522223, 172.577685, 0.000000, var=[-1.0, -1.0, -1.0]); GPS(-43.522212, 172.577675, 0.000000, var=[-1.0, -1.0, -1.0]); None; GPS(-43.522223, 172.577685, 15.000000, var=[-1.0, -1.0, -1.0]); GPS(-43.522224, 172.577685, 26.446105, var=[-1, -1, -1]); 1.5274200124137833; OFFBOARD
13:12:47:332824; [4, 4, 4, 4]5; None; GPS(-43.522223, 172.577685, 0.000000, var=[-1.0, -1.0, -1.0]); GPS(-43.522212, 172.577675, 0.000000, var=[-1.0, -1.0, -1.0]); None; GPS(-43.522223, 172.577685, 15.000000, var=[-1.0, -1.0, -1.0]); GPS(-43.522224, 172.577685, 26.447105, var=[-1, -1, -1]); 1.5274200124137833; OFFBOARD
13:12:47:337900; [4, 4, 4, 4]5; None; GPS(-43.522223, 172.577685, 0.000000, var=[-1.0, -1.0, -1.0]); GPS(-43.522212, 172.577675, 0.000000, var=[-1.0, -1.0, -1.0]); None; GPS(-43.522223, 172.577685, 15.000000, var=[-1.0, -1.0, -1.0]); GPS(-43.522224, 172.577685, 26.447105, var=[-1, -1, -1]); 1.5274200124137833; OFFBOARD
13:12:47:539903; [5, 4, 4, 4]5; None; GPS(-43.522223, 172.577685, 0.000000, var=[-1.0, -1.0, -1.0]); GPS(-43.522212, 172.577675, 0.000000, var=[-1.0, -1.0, -1.0]); None; GPS(-43.522223, 172.577685, 15.000000, var=[-1.0, -1.0, -1.0]); GPS(-43.522224, 172.577685, 26.452105, var=[-1, -1, -1]); 1.5274200124137833; OFFBOARD
13:12:47:574768; [5, 4, 4, 4]5; None; GPS(-43.522223, 172.577685, 0.000000, var=[-1.0, -1.0, -1.0]); GPS(-43.522212, 172.577675, 0.000000, var=[-1.0, -1.0, -1.0]); None; GPS(-43.522223, 172.577685, 15.000000, var=[-1.0, -1.0, -1.0]); GPS(-43.522224, 172.577685, 26.453105, var=[-1, -1, -1]); 1.5274200124137833; OFFBOARD
13:12:48:565943; [5, 4, 4, 4]5; None; GPS(-43.522223, 172.577685, 0.000000, var=[-1.0, -1.0, -1.0]); GPS(-43.522212, 172.577675, 0.000000, var=[-1.0, -1.0, -1.0]); None; GPS(-43.522223, 172.577685, 15.000000, var=[-1.0, -1.0, -1.0]); GPS(-43.522224, 172.577685, 26.462105, var=[-1, -1, -1]); 1.5274200124137833; OFFBOARD
13:12:49:558851; [5, 4, 4, 4]5; None; GPS(-43.522223, 172.577685, 0.000000, var=[-1.0, -1.0, -1.0]); GPS(-43.522212, 172.577675, 0.000000, var=[-1.0, -1.0, -1.0]); None; GPS(-43.522223, 172.577685, 15.000000, var=[-1.0, -1.0, -1.0]); GPS(-43.522223, 172.577685, 26.457105, var=[-1, -1, -1]); 1.5274200124137833; OFFBOARD
13:12:50:537296; [5, 4, 4, 4]5; None; GPS(-43.522223, 172.577685, 0.000000, var=[-1.0, -1.0, -1.0]); GPS(-43.522212, 172.577675, 0.000000, var=[-1.0, -1.0, -1.0]); None; GPS(-43.522223, 172.577685, 15.000000, var=[-1.0, -1.0, -1.0]); GPS(-43.522223, 172.577685, 26.466105, var=[-1, -1, -1]); 1.5274200124137833; OFFBOARD
13:12:51:525933; [5, 4, 4, 4]5; None; GPS(-43.522223, 172.577685, 0.000000, var=[-1.0, -1.0, -1.0]); GPS(-43.522212, 172.577675, 0.000000, var=[-1.0, -1.0, -1.0]); None; GPS(-43.522223, 172.577685, 15.000000, var=[-1.0, -1.0, -1.0]); GPS(-43.522223, 172.577685, 26.479106, var=[-1, -1, -1]); 1.5274200124137833; OFFBOARD
13:12:52:529542; [5, 4, 4, 4]5; None; GPS(-43.522223, 172.577685, 0.000000, var=[-1.0, -1.0, -1.0]); GPS(-43.522212, 172.577675, 0.000000, var=[-1.0, -1.0, -1.0]); None; GPS(-43.522223, 172.577685, 15.000000, var=[-1.0, -1.0, -1.0]); GPS(-43.522223, 172.577685, 26.492106, var=[-1, -1, -1]); 1.5274200124137833; OFFBOARD
13:12:53:524652; [5, 4, 4, 4]5; None; GPS(-43.522223, 172.577685, 0.000000, var=[-1.0, -1.0, -1.0]); GPS(-43.522212, 172.577675, 0.000000, var=[-1.0, -1.0, -1.0]); None; GPS(-43.522223, 172.577685, 15.000000, var=[-1.0, -1.0, -1.0]); GPS(-43.522223, 172.577685, 26.495106, var=[-1, -1, -1]); 1.5274200124137833; OFFBOARD
13:12:54:529496; [5, 4, 4, 4]5; None; GPS(-43.522223, 172.577685, 0.000000, var=[-1.0, -1.0, -1.0]); GPS(-43.522212, 172.577675, 0.000000, var=[-1.0, -1.0, -1.0]); None; GPS(-43.522223, 172.577685, 15.000000, var=[-1.0, -1.0, -1.0]); GPS(-43.522224, 172.577685, 26.491105, var=[-1, -1, -1]); 1.5274200124137833; OFFBOARD
13:12:55:532367; [5, 4, 4, 4]5; None; GPS(-43.522223, 172.577685, 0.000000, var=[-1.0, -1.0, -1.0]); GPS(-43.522212, 172.577675, 0.000000, var=[-1.0, -1.0, -1.0]); None; GPS(-43.522223, 172.577685, 15.000000, var=[-1.0, -1.0, -1.0]); GPS(-43.522224, 172.577685, 26.471105, var=[-1, -1, -1]); 1.5274200124137833; OFFBOARD
13:12:56:536463; [5, 4, 4, 4]5; None; GPS(-43.522223, 172.577685, 0.000000, var=[-1.0, -1.0, -1.0]); GPS(-43.522212, 172.577675, 0.000000, var=[-1.0, -1.0, -1.0]); None; GPS(-43.522223, 172.577685, 15.000000, var=[-1.0, -1.0, -1.0]); GPS(-43.522224, 172.577685, 26.480105, var=[-1, -1, -1]); 1.5274200124137833; OFFBOARD
13:12:57:652832; [5, 4, 4, 4]5; None; GPS(-43.522223, 172.577685, 0.000000, var=[-1.0, -1.0, -1.0]); GPS(-43.522212, 172.577675, 0.000000, var=[-1.0, -1.0, -1.0]); None; GPS(-43.522223, 172.577685, 15.000000, var=[-1.0, -1.0, -1.0]); GPS(-43.522224, 172.577685, 26.489105, var=[-1, -1, -1]); 1.5274200124137833; OFFBOARD
13:12:58:553693; [5, 4, 4, 4]5; None; GPS(-43.522223, 172.577685, 0.000000, var=[-1.0, -1.0, -1.0]); GPS(-43.522212, 172.577675, 0.000000, var=[-1.0, -1.0, -1.0]); None; GPS(-43.522223, 172.577685, 15.000000, var=[-1.0, -1.0, -1.0]); GPS(-43.522224, 172.577685, 26.487105, var=[-1, -1, -1]); 1.5274200124137833; OFFBOARD
13:12:59:533926; [5, 4, 4, 4]5; None; GPS(-43.522223, 172.577685, 0.000000, var=[-1.0, -1.0, -1.0]); GPS(-43.522212, 172.577675, 0.000000, var=[-1.0, -1.0, -1.0]); None; GPS(-43.522223, 172.577685, 15.000000, var=[-1.0, -1.0, -1.0]); GPS(-43.522224, 172.577686, 26.482105, var=[-1, -1, -1]); 1.5274200124137833; OFFBOARD
13:13:00:533539; [5, 4, 4, 4]5; None; GPS(-43.522223, 172.577685, 0.000000, var=[-1.0, -1.0, -1.0]); GPS(-43.522212, 172.577675, 0.000000, var=[-1.0, -1.0, -1.0]); None; GPS(-43.522223, 172.577685, 15.000000, var=[-1.0, -1.0, -1.0]); GPS(-43.522224, 172.577685, 26.470105, var=[-1, -1, -1]); 1.5274200124137833; OFFBOARD
13:13:01:531081; [5, 4, 4, 4]5; None; GPS(-43.522223, 172.577685, 0.000000, var=[-1.0, -1.0, -1.0]); GPS(-43.522212, 172.577675, 0.000000, var=[-1.0, -1.0, -1.0]); None; GPS(-43.522223, 172.577685, 15.000000, var=[-1.0, -1.0, -1.0]); GPS(-43.522224, 172.577685, 26.464105, var=[-1, -1, -1]); 1.5274200124137833; OFFBOARD
13:13:02:628073; [5, 4, 4, 4]5; None; GPS(-43.522223, 172.577685, 0.000000, var=[-1.0, -1.0, -1.0]); GPS(-43.522212, 172.577675, 0.000000, var=[-1.0, -1.0, -1.0]); None; GPS(-43.522223, 172.577685, 15.000000, var=[-1.0, -1.0, -1.0]); GPS(-43.522224, 172.577685, 26.452105, var=[-1, -1, -1]); 1.5274200124137833; OFFBOARD
13:13:02:642161; [5, 4, 4, 4]5; None; GPS(-43.522223, 172.577685, 0.000000, var=[-1.0, -1.0, -1.0]); GPS(-43.522212, 172.577675, 0.000000, var=[-1.0, -1.0, -1.0]); None; GPS(-43.522223, 172.577685, 15.000000, var=[-1.0, -1.0, -1.0]); GPS(-43.522224, 172.577685, 26.452105, var=[-1, -1, -1]); 1.5274200124137833; OFFBOARD
13:13:03:587765; [5, 4, 4, 4]5; None; GPS(-43.522223, 172.577685, 0.000000, var=[-1.0, -1.0, -1.0]); GPS(-43.522212, 172.577675, 0.000000, var=[-1.0, -1.0, -1.0]); None; GPS(-43.522223, 172.577685, 15.000000, var=[-1.0, -1.0, -1.0]); GPS(-43.522224, 172.577685, 26.458105, var=[-1, -1, -1]); 1.5274200124137833; OFFBOARD
13:13:04:611277; [5, 4, 4, 4]5; None; GPS(-43.522223, 172.577685, 0.000000, var=[-1.0, -1.0, -1.0]); GPS(-43.522212, 172.577675, 0.000000, var=[-1.0, -1.0, -1.0]); None; GPS(-43.522223, 172.577685, 15.000000, var=[-1.0, -1.0, -1.0]); GPS(-43.522224, 172.577685, 26.461105, var=[-1, -1, -1]); 1.5274200124137833; OFFBOARD
13:13:05:641778; [5, 4, 4, 4]5; None; GPS(-43.522223, 172.577685, 0.000000, var=[-1.0, -1.0, -1.0]); GPS(-43.522212, 172.577673, 0.000000, var=[-1.0, -1.0, -1.0]); None; GPS(-43.522223, 172.577685, 15.000000, var=[-1.0, -1.0, -1.0]); GPS(-43.522224, 172.577685, 26.463105, var=[-1, -1, -1]); 1.6024254192306584; OFFBOARD
13:13:06:533471; [5, 4, 4, 4]5; None; GPS(-43.522223, 172.577685, 0.000000, var=[-1.0, -1.0, -1.0]); GPS(-43.522212, 172.577673, 0.000000, var=[-1.0, -1.0, -1.0]); None; GPS(-43.522223, 172.577685, 15.000000, var=[-1.0, -1.0, -1.0]); GPS(-43.522224, 172.577685, 26.457105, var=[-1, -1, -1]); 1.6024254192306584; OFFBOARD
13:13:07:539047; [5, 4, 4, 4]5; None; GPS(-43.522223, 172.577685, 0.000000, var=[-1.0, -1.0, -1.0]); GPS(-43.522212, 172.577673, 0.000000, var=[-1.0, -1.0, -1.0]); None; GPS(-43.522223, 172.577685, 15.000000, var=[-1.0, -1.0, -1.0]); GPS(-43.522224, 172.577685, 26.446105, var=[-1, -1, -1]); 1.6024254192306584; OFFBOARD
13:13:08:560305; [5, 4, 4, 4]5; None; GPS(-43.522223, 172.577685, 0.000000, var=[-1.0, -1.0, -1.0]); GPS(-43.522212, 172.577673, 0.000000, var=[-1.0, -1.0, -1.0]); None; GPS(-43.522223, 172.577685, 15.000000, var=[-1.0, -1.0, -1.0]); GPS(-43.522224, 172.577685, 26.433105, var=[-1, -1, -1]); 1.6024254192306584; OFFBOARD
13:13:09:607055; [5, 4, 4, 4]5; None; GPS(-43.522223, 172.577685, 0.000000, var=[-1.0, -1.0, -1.0]); GPS(-43.522212, 172.577673, 0.000000, var=[-1.0, -1.0, -1.0]); None; GPS(-43.522223, 172.577685, 15.000000, var=[-1.0, -1.0, -1.0]); GPS(-43.522224, 172.577685, 26.450105, var=[-1, -1, -1]); 1.6024254192306584; OFFBOARD
13:13:10:538230; [6, 4, 4, 4]5; None; GPS(-43.522223, 172.577685, 0.000000, var=[-1.0, -1.0, -1.0]); GPS(-43.522212, 172.577673, 0.000000, var=[-1.0, -1.0, -1.0]); None; GPS(-43.522223, 172.577685, 15.000000, var=[-1.0, -1.0, -1.0]); GPS(-43.522224, 172.577685, 26.448105, var=[-1, -1, -1]); 1.6024254192306584; OFFBOARD
13:13:11:538377; [6, 4, 4, 4]5; None; GPS(-43.522223, 172.577685, 0.000000, var=[-1.0, -1.0, -1.0]); GPS(-43.522212, 172.577673, 0.000000, var=[-1.0, -1.0, -1.0]); None; GPS(-43.522223, 172.577685, 15.000000, var=[-1.0, -1.0, -1.0]); GPS(-43.522224, 172.577685, 26.453105, var=[-1, -1, -1]); 1.6024254192306584; OFFBOARD
13:13:12:542130; [6, 4, 4, 4]5; None; GPS(-43.522223, 172.577685, 0.000000, var=[-1.0, -1.0, -1.0]); GPS(-43.522212, 172.577673, 0.000000, var=[-1.0, -1.0, -1.0]); None; GPS(-43.522223, 172.577685, 15.000000, var=[-1.0, -1.0, -1.0]); GPS(-43.522224, 172.577685, 26.457105, var=[-1, -1, -1]); 1.6024254192306584; OFFBOARD
13:13:13:537383; [6, 4, 4, 4]5; None; GPS(-43.522223, 172.577685, 0.000000, var=[-1.0, -1.0, -1.0]); GPS(-43.522212, 172.577673, 0.000000, var=[-1.0, -1.0, -1.0]); None; GPS(-43.522223, 172.577685, 15.000000, var=[-1.0, -1.0, -1.0]); GPS(-43.522224, 172.577685, 26.456105, var=[-1, -1, -1]); 1.6024254192306584; OFFBOARD
13:13:14:550867; [6, 4, 4, 4]5; None; GPS(-43.522223, 172.577685, 0.000000, var=[-1.0, -1.0, -1.0]); GPS(-43.522212, 172.577673, 0.000000, var=[-1.0, -1.0, -1.0]); None; GPS(-43.522223, 172.577685, 15.000000, var=[-1.0, -1.0, -1.0]); GPS(-43.522224, 172.577685, 26.454105, var=[-1, -1, -1]); 1.6024254192306584; OFFBOARD
13:13:15:528893; [6, 4, 4, 4]5; None; GPS(-43.522223, 172.577685, 0.000000, var=[-1.0, -1.0, -1.0]); GPS(-43.522212, 172.577673, 0.000000, var=[-1.0, -1.0, -1.0]); None; GPS(-43.522223, 172.577685, 15.000000, var=[-1.0, -1.0, -1.0]); GPS(-43.522224, 172.577685, 26.455105, var=[-1, -1, -1]); 1.6024254192306584; OFFBOARD
13:13:16:551939; [6, 4, 4, 4]5; None; GPS(-43.522223, 172.577685, 0.000000, var=[-1.0, -1.0, -1.0]); GPS(-43.522212, 172.577673, 0.000000, var=[-1.0, -1.0, -1.0]); None; GPS(-43.522223, 172.577685, 15.000000, var=[-1.0, -1.0, -1.0]); GPS(-43.522224, 172.577685, 26.453105, var=[-1, -1, -1]); 1.6024254192306584; OFFBOARD
13:13:17:572495; [6, 4, 4, 4]5; None; GPS(-43.522223, 172.577685, 0.000000, var=[-1.0, -1.0, -1.0]); GPS(-43.522212, 172.577673, 0.000000, var=[-1.0, -1.0, -1.0]); None; GPS(-43.522223, 172.577685, 15.000000, var=[-1.0, -1.0, -1.0]); GPS(-43.522224, 172.577685, 26.443105, var=[-1, -1, -1]); 1.6024254192306584; OFFBOARD
13:13:18:542590; [6, 4, 4, 4]5; None; GPS(-43.522223, 172.577685, 0.000000, var=[-1.0, -1.0, -1.0]); GPS(-43.522212, 172.577673, 0.000000, var=[-1.0, -1.0, -1.0]); None; GPS(-43.522223, 172.577685, 15.000000, var=[-1.0, -1.0, -1.0]); GPS(-43.522224, 172.577685, 26.434105, var=[-1, -1, -1]); 1.6024254192306584; OFFBOARD
13:13:19:530265; [6, 4, 4, 4]5; None; GPS(-43.522223, 172.577685, 0.000000, var=[-1.0, -1.0, -1.0]); GPS(-43.522212, 172.577673, 0.000000, var=[-1.0, -1.0, -1.0]); None; GPS(-43.522223, 172.577685, 15.000000, var=[-1.0, -1.0, -1.0]); GPS(-43.522224, 172.577685, 26.434105, var=[-1, -1, -1]); 1.6024254192306584; OFFBOARD
13:13:20:540137; [6, 4, 4, 4]5; None; GPS(-43.522223, 172.577685, 0.000000, var=[-1.0, -1.0, -1.0]); GPS(-43.522212, 172.577673, 0.000000, var=[-1.0, -1.0, -1.0]); None; GPS(-43.522223, 172.577685, 15.000000, var=[-1.0, -1.0, -1.0]); GPS(-43.522224, 172.577685, 26.433105, var=[-1, -1, -1]); 1.6024254192306584; OFFBOARD
13:13:21:553851; [6, 4, 4, 4]5; None; GPS(-43.522223, 172.577685, 0.000000, var=[-1.0, -1.0, -1.0]); GPS(-43.522212, 172.577673, 0.000000, var=[-1.0, -1.0, -1.0]); None; GPS(-43.522223, 172.577685, 15.000000, var=[-1.0, -1.0, -1.0]); GPS(-43.522223, 172.577685, 26.438106, var=[-1, -1, -1]); 1.6024254192306584; OFFBOARD
13:13:22:563797; [6, 4, 4, 4]5; None; GPS(-43.522223, 172.577685, 0.000000, var=[-1.0, -1.0, -1.0]); GPS(-43.522212, 172.577673, 0.000000, var=[-1.0, -1.0, -1.0]); None; GPS(-43.522223, 172.577685, 15.000000, var=[-1.0, -1.0, -1.0]); GPS(-43.522223, 172.577685, 26.447106, var=[-1, -1, -1]); 1.6024254192306584; OFFBOARD
13:13:23:540332; [6, 4, 4, 4]5; None; GPS(-43.522223, 172.577685, 0.000000, var=[-1.0, -1.0, -1.0]); GPS(-43.522212, 172.577673, 0.000000, var=[-1.0, -1.0, -1.0]); None; GPS(-43.522223, 172.577685, 15.000000, var=[-1.0, -1.0, -1.0]); GPS(-43.522223, 172.577684, 26.452106, var=[-1, -1, -1]); 1.6024254192306584; OFFBOARD
13:13:24:537337; [6, 4, 4, 4]5; None; GPS(-43.522223, 172.577685, 0.000000, var=[-1.0, -1.0, -1.0]); GPS(-43.522212, 172.577673, 0.000000, var=[-1.0, -1.0, -1.0]); None; GPS(-43.522223, 172.577685, 15.000000, var=[-1.0, -1.0, -1.0]); GPS(-43.522223, 172.577684, 26.465106, var=[-1, -1, -1]); 1.6024254192306584; OFFBOARD
13:13:25:576721; [6, 4, 4, 4]5; None; GPS(-43.522223, 172.577685, 0.000000, var=[-1.0, -1.0, -1.0]); GPS(-43.522212, 172.577673, 0.000000, var=[-1.0, -1.0, -1.0]); None; GPS(-43.522223, 172.577685, 15.000000, var=[-1.0, -1.0, -1.0]); GPS(-43.522223, 172.577684, 26.470106, var=[-1, -1, -1]); 1.6024254192306584; OFFBOARD
13:13:25:711958; [6, 4, 4, 4]5; None; GPS(-43.522223, 172.577685, 0.000000, var=[-1.0, -1.0, -1.0]); GPS(-43.522212, 172.577673, 0.000000, var=[-1.0, -1.0, -1.0]); None; GPS(-43.522223, 172.577685, 15.000000, var=[-1.0, -1.0, -1.0]); GPS(-43.522223, 172.577684, 26.472106, var=[-1, -1, -1]); 1.6024254192306584; OFFBOARD
13:13:26:543940; [6, 4, 4, 4]5; None; GPS(-43.522223, 172.577685, 0.000000, var=[-1.0, -1.0, -1.0]); GPS(-43.522212, 172.577673, 0.000000, var=[-1.0, -1.0, -1.0]); None; GPS(-43.522223, 172.577685, 15.000000, var=[-1.0, -1.0, -1.0]); GPS(-43.522223, 172.577684, 26.488106, var=[-1, -1, -1]); 1.6024254192306584; OFFBOARD
13:13:27:551145; [6, 4, 4, 4]5; None; GPS(-43.522223, 172.577685, 0.000000, var=[-1.0, -1.0, -1.0]); GPS(-43.522212, 172.577673, 0.000000, var=[-1.0, -1.0, -1.0]); None; GPS(-43.522223, 172.577685, 15.000000, var=[-1.0, -1.0, -1.0]); GPS(-43.522223, 172.577684, 26.486105, var=[-1, -1, -1]); 1.6024254192306584; OFFBOARD
13:13:28:575267; [6, 4, 4, 4]5; None; GPS(-43.522223, 172.577685, 0.000000, var=[-1.0, -1.0, -1.0]); GPS(-43.522212, 172.577673, 0.000000, var=[-1.0, -1.0, -1.0]); None; GPS(-43.522223, 172.577685, 15.000000, var=[-1.0, -1.0, -1.0]); GPS(-43.522224, 172.577684, 26.481105, var=[-1, -1, -1]); 1.6024254192306584; OFFBOARD
13:13:29:553305; [6, 4, 4, 4]5; None; GPS(-43.522223, 172.577685, 0.000000, var=[-1.0, -1.0, -1.0]); GPS(-43.522212, 172.577673, 0.000000, var=[-1.0, -1.0, -1.0]); None; GPS(-43.522223, 172.577685, 15.000000, var=[-1.0, -1.0, -1.0]); GPS(-43.522224, 172.577684, 26.480105, var=[-1, -1, -1]); 1.6024254192306584; OFFBOARD
13:13:30:633356; [6, 4, 4, 4]5; None; GPS(-43.522223, 172.577685, 0.000000, var=[-1.0, -1.0, -1.0]); GPS(-43.522212, 172.577673, 0.000000, var=[-1.0, -1.0, -1.0]); None; GPS(-43.522223, 172.577685, 15.000000, var=[-1.0, -1.0, -1.0]); GPS(-43.522224, 172.577684, 26.475104, var=[-1, -1, -1]); 1.6024254192306584; OFFBOARD
13:13:30:702372; [6, 4, 4, 4]5; None; GPS(-43.522223, 172.577685, 0.000000, var=[-1.0, -1.0, -1.0]); GPS(-43.522212, 172.577673, 0.000000, var=[-1.0, -1.0, -1.0]); None; GPS(-43.522223, 172.577685, 15.000000, var=[-1.0, -1.0, -1.0]); GPS(-43.522224, 172.577684, 26.476104, var=[-1, -1, -1]); 1.6024254192306584; OFFBOARD
13:13:31:540718; [6, 4, 4, 4]5; None; GPS(-43.522223, 172.577685, 0.000000, var=[-1.0, -1.0, -1.0]); GPS(-43.522212, 172.577673, 0.000000, var=[-1.0, -1.0, -1.0]); None; GPS(-43.522223, 172.577685, 15.000000, var=[-1.0, -1.0, -1.0]); GPS(-43.522224, 172.577684, 26.469104, var=[-1, -1, -1]); 1.6024254192306584; OFFBOARD
13:13:32:534231; [6, 4, 4, 4]5; None; GPS(-43.522223, 172.577685, 0.000000, var=[-1.0, -1.0, -1.0]); GPS(-43.522212, 172.577673, 0.000000, var=[-1.0, -1.0, -1.0]); None; GPS(-43.522223, 172.577685, 15.000000, var=[-1.0, -1.0, -1.0]); GPS(-43.522224, 172.577684, 26.453104, var=[-1, -1, -1]); 1.6024254192306584; OFFBOARD
STOP: 09/24/2021 13:13:50:510378
