START: 10/01/2021 05:31:51:991723
TIME,            STATES_LIST,          TARGET_FILT_CART,          TARGET_FILT_GPS,          TARGET_REAL_GPS,          TX_FILT_CART,          TX_FILT_GPS,          TX_REAL_GPS,          MULTILATERATION_ERROR,          MODE,          
05:32:12:667700, [1, 1, 1, 1]1, None, GPS(-43.520600, 172.583000, 0.000000, var=[-1.0, -1.0, -1.0]), GPS(-43.520600, 172.583000, 0.000000, var=[-1.0, -1.0, -1.0]), None, GPS(-43.520600, 172.583000, 15.000000, var=[-1, -1, -1]), GPS(-43.520600, 172.583000, 26.548840, var=[1.0, 1.0, 1.0]), 0.0, OFFBOARD
05:32:13:661254, [1, 1, 1, 1]1, None, GPS(-43.520600, 172.583000, 0.000000, var=[-1.0, -1.0, -1.0]), GPS(-43.520600, 172.583000, 0.000000, var=[-1.0, -1.0, -1.0]), None, GPS(-43.520600, 172.583000, 15.000000, var=[-1, -1, -1]), GPS(-43.520600, 172.583000, 26.559840, var=[1.0, 1.0, 1.0]), 0.0, OFFBOARD
05:32:14:058390, [1, 1, 1, 1]1, None, GPS(-43.520600, 172.583000, 0.000000, var=[-1.0, -1.0, -1.0]), GPS(-43.520600, 172.583000, 0.000000, var=[-1.0, -1.0, -1.0]), None, GPS(-43.520600, 172.583000, 15.000000, var=[-1, -1, -1]), GPS(-43.520600, 172.583000, 26.560840, var=[1.0, 1.0, 1.0]), 0.0, OFFBOARD
05:32:15:059636, [1, 1, 1, 1]1, None, GPS(-43.520600, 172.583000, 0.000000, var=[-1.0, -1.0, -1.0]), GPS(-43.520600, 172.583000, 0.000000, var=[-1.0, -1.0, -1.0]), None, GPS(-43.520600, 172.583000, 15.000000, var=[-1, -1, -1]), GPS(-43.520600, 172.583000, 26.564839, var=[1.0, 1.0, 1.0]), 0.0, OFFBOARD
05:32:15:060957, [1, 1, 1, 1]1, None, GPS(-43.520600, 172.583000, 0.000000, var=[-1.0, -1.0, -1.0]), GPS(-43.520600, 172.583000, 0.000000, var=[-1.0, -1.0, -1.0]), None, GPS(-43.520600, 172.583000, 15.000000, var=[-1, -1, -1]), GPS(-43.520600, 172.583000, 26.564839, var=[1.0, 1.0, 1.0]), 0.0, OFFBOARD
05:32:16:061176, [1, 1, 1, 1]1, None, GPS(-43.520600, 172.583000, 0.000000, var=[-1.0, -1.0, -1.0]), GPS(-43.520600, 172.583000, 0.000000, var=[-1.0, -1.0, -1.0]), None, GPS(-43.520600, 172.583000, 15.000000, var=[-1, -1, -1]), GPS(-43.520600, 172.583000, 26.582839, var=[1.0, 1.0, 1.0]), 0.0, OFFBOARD
05:32:17:061607, [1, 1, 1, 1]1, None, GPS(-43.520600, 172.583000, 0.000000, var=[-1.0, -1.0, -1.0]), GPS(-43.520600, 172.583000, 0.000000, var=[-1.0, -1.0, -1.0]), None, GPS(-43.520600, 172.583000, 15.000000, var=[-1, -1, -1]), GPS(-43.520600, 172.583000, 26.605840, var=[1.0, 1.0, 1.0]), 0.0, OFFBOARD
05:32:17:063132, [1, 1, 1, 1]1, None, GPS(-43.520600, 172.583000, 0.000000, var=[-1.0, -1.0, -1.0]), GPS(-43.520600, 172.583000, 0.000000, var=[-1.0, -1.0, -1.0]), None, GPS(-43.520600, 172.583000, 15.000000, var=[-1, -1, -1]), GPS(-43.520600, 172.583000, 26.605840, var=[1.0, 1.0, 1.0]), 0.0, OFFBOARD
05:32:18:063244, [1, 1, 1, 1]1, None, GPS(-43.520600, 172.583000, 0.000000, var=[-1.0, -1.0, -1.0]), GPS(-43.520600, 172.583000, 0.000000, var=[-1.0, -1.0, -1.0]), None, GPS(-43.520600, 172.583000, 15.000000, var=[-1, -1, -1]), GPS(-43.520600, 172.583000, 26.612840, var=[1.0, 1.0, 1.0]), 0.0, OFFBOARD
05:32:19:064738, [1, 1, 1, 1]1, None, GPS(-43.520600, 172.583000, 0.000000, var=[-1.0, -1.0, -1.0]), GPS(-43.520600, 172.583000, 0.000000, var=[-1.0, -1.0, -1.0]), None, GPS(-43.520600, 172.583000, 15.000000, var=[-1, -1, -1]), GPS(-43.520600, 172.582999, 26.613840, var=[1.0, 1.0, 1.0]), 0.0, OFFBOARD
05:32:20:068281, [1, 1, 1, 1]2, None, GPS(-43.520600, 172.583000, 0.000000, var=[-1.0, -1.0, -1.0]), GPS(-43.520600, 172.583000, 0.000000, var=[-1.0, -1.0, -1.0]), None, GPS(-43.520600, 172.583000, 15.000000, var=[-1, -1, -1]), GPS(-43.520600, 172.582999, 26.613840, var=[1.0, 1.0, 1.0]), 0.0, OFFBOARD
05:32:21:067166, [1, 1, 1, 1]2, None, GPS(-43.520600, 172.583000, 0.000000, var=[-1.0, -1.0, -1.0]), GPS(-43.520600, 172.583000, 0.000000, var=[-1.0, -1.0, -1.0]), None, GPS(-43.520600, 172.583000, 15.000000, var=[-1, -1, -1]), GPS(-43.520600, 172.583000, 26.604840, var=[1.0, 1.0, 1.0]), 0.0, OFFBOARD
05:32:21:098562, [2, 1, 1, 1]2, None, GPS(-43.520600, 172.583000, 0.000000, var=[-1.0, -1.0, -1.0]), GPS(-43.520600, 172.583000, 0.000000, var=[-1.0, -1.0, -1.0]), None, GPS(-43.520600, 172.583000, 15.000000, var=[-1, -1, -1]), GPS(-43.520600, 172.583000, 26.605840, var=[1.0, 1.0, 1.0]), 0.0, OFFBOARD
05:32:22:098958, [2, 1, 2, 1]2, None, GPS(-43.520600, 172.583000, 0.000000, var=[-1.0, -1.0, -1.0]), GPS(-43.520600, 172.583000, 0.000000, var=[-1.0, -1.0, -1.0]), None, GPS(-43.520600, 172.583000, 15.000000, var=[-1, -1, -1]), GPS(-43.520600, 172.582999, 26.596839, var=[1.0, 1.0, 1.0]), 0.0, OFFBOARD
05:32:22:101100, [2, 1, 2, 1]2, None, GPS(-43.520600, 172.583000, 0.000000, var=[-1.0, -1.0, -1.0]), GPS(-43.520600, 172.583000, 0.000000, var=[-1.0, -1.0, -1.0]), None, GPS(-43.520600, 172.583000, 15.000000, var=[-1, -1, -1]), GPS(-43.520600, 172.582999, 26.595839, var=[1.0, 1.0, 1.0]), 0.0, OFFBOARD
05:32:23:100776, [2, 2, 2, 1]2, None, GPS(-43.520600, 172.583000, 0.000000, var=[-1.0, -1.0, -1.0]), GPS(-43.520600, 172.583000, 0.000000, var=[-1.0, -1.0, -1.0]), None, GPS(-43.520600, 172.583000, 15.000000, var=[-1, -1, -1]), GPS(-43.520600, 172.582999, 26.595839, var=[1.0, 1.0, 1.0]), 0.0, OFFBOARD
05:32:24:101914, [2, 2, 2, 2]2, None, GPS(-43.520600, 172.583000, 0.000000, var=[-1.0, -1.0, -1.0]), GPS(-43.520600, 172.583000, 0.000000, var=[-1.0, -1.0, -1.0]), None, GPS(-43.520600, 172.583000, 15.000000, var=[-1, -1, -1]), GPS(-43.520600, 172.583000, 26.609840, var=[1.0, 1.0, 1.0]), 0.0, OFFBOARD
05:32:24:103916, [2, 2, 2, 2]2, None, GPS(-43.520600, 172.583000, 0.000000, var=[-1.0, -1.0, -1.0]), GPS(-43.520600, 172.583000, 0.000000, var=[-1.0, -1.0, -1.0]), None, GPS(-43.520600, 172.583000, 15.000000, var=[-1, -1, -1]), GPS(-43.520600, 172.583000, 26.608840, var=[1.0, 1.0, 1.0]), 0.0, OFFBOARD
05:32:25:103329, [2, 2, 2, 2]2, None, GPS(-43.520600, 172.583000, 0.000000, var=[-1.0, -1.0, -1.0]), GPS(-43.520600, 172.583000, 0.000000, var=[-1.0, -1.0, -1.0]), None, GPS(-43.520600, 172.583000, 15.000000, var=[-1, -1, -1]), GPS(-43.520600, 172.583000, 26.614840, var=[1.0, 1.0, 1.0]), 0.0, OFFBOARD
05:32:26:104477, [2, 2, 2, 2]2, None, GPS(-43.520600, 172.583000, 0.000000, var=[-1.0, -1.0, -1.0]), GPS(-43.520600, 172.583000, 0.000000, var=[-1.0, -1.0, -1.0]), None, GPS(-43.520600, 172.583000, 15.000000, var=[-1, -1, -1]), GPS(-43.520600, 172.583000, 26.619840, var=[1.0, 1.0, 1.0]), 0.0, OFFBOARD
05:32:26:105929, [2, 2, 2, 2]2, None, GPS(-43.520600, 172.583000, 0.000000, var=[-1.0, -1.0, -1.0]), GPS(-43.520600, 172.583000, 0.000000, var=[-1.0, -1.0, -1.0]), None, GPS(-43.520600, 172.583000, 15.000000, var=[-1, -1, -1]), GPS(-43.520600, 172.583000, 26.619840, var=[1.0, 1.0, 1.0]), 0.0, OFFBOARD
05:32:27:106137, [2, 2, 2, 2]2, None, GPS(-43.520600, 172.583000, 0.000000, var=[-1.0, -1.0, -1.0]), GPS(-43.520600, 172.583000, 0.000000, var=[-1.0, -1.0, -1.0]), None, GPS(-43.520600, 172.583000, 15.000000, var=[-1, -1, -1]), GPS(-43.520600, 172.583000, 26.626840, var=[1.0, 1.0, 1.0]), 0.0, OFFBOARD
05:32:28:108160, [2, 2, 2, 2]2, None, GPS(-43.520600, 172.583000, 0.000000, var=[-1.0, -1.0, -1.0]), GPS(-43.520600, 172.583000, 0.000000, var=[-1.0, -1.0, -1.0]), None, GPS(-43.520600, 172.583000, 15.000000, var=[-1, -1, -1]), GPS(-43.520600, 172.583000, 26.624840, var=[1.0, 1.0, 1.0]), 0.0, OFFBOARD
05:32:28:110191, [2, 2, 2, 2]2, None, GPS(-43.520600, 172.583000, 0.000000, var=[-1.0, -1.0, -1.0]), GPS(-43.520600, 172.583000, 0.000000, var=[-1.0, -1.0, -1.0]), None, GPS(-43.520600, 172.583000, 15.000000, var=[-1, -1, -1]), GPS(-43.520600, 172.583000, 26.624840, var=[1.0, 1.0, 1.0]), 0.0, OFFBOARD
05:32:29:109119, [2, 2, 2, 3]2, None, GPS(-43.520600, 172.583000, 0.000000, var=[-1.0, -1.0, -1.0]), GPS(-43.520600, 172.583000, 0.000000, var=[-1.0, -1.0, -1.0]), None, GPS(-43.520600, 172.583000, 15.000000, var=[-1, -1, -1]), GPS(-43.520600, 172.583000, 26.618840, var=[1.0, 1.0, 1.0]), 0.0, OFFBOARD
05:32:29:110845, [2, 2, 2, 3]2, None, GPS(-43.520600, 172.583000, 0.000000, var=[-1.0, -1.0, -1.0]), GPS(-43.520600, 172.583000, 0.000000, var=[-1.0, -1.0, -1.0]), None, GPS(-43.520600, 172.583000, 15.000000, var=[-1, -1, -1]), GPS(-43.520600, 172.583000, 26.618840, var=[1.0, 1.0, 1.0]), 0.0, OFFBOARD
05:32:30:110825, [2, 2, 2, 3]2, None, GPS(-43.520600, 172.583000, 0.000000, var=[-1.0, -1.0, -1.0]), GPS(-43.520600, 172.583000, 0.000000, var=[-1.0, -1.0, -1.0]), None, GPS(-43.520600, 172.583000, 15.000000, var=[-1, -1, -1]), GPS(-43.520600, 172.583000, 26.620840, var=[1.0, 1.0, 1.0]), 0.0, OFFBOARD
05:32:31:110819, [2, 2, 2, 3]2, None, GPS(-43.520600, 172.583000, 0.000000, var=[-1.0, -1.0, -1.0]), GPS(-43.520600, 172.583000, 0.000000, var=[-1.0, -1.0, -1.0]), None, GPS(-43.520600, 172.583000, 15.000000, var=[-1, -1, -1]), GPS(-43.520600, 172.583000, 26.613840, var=[1.0, 1.0, 1.0]), 0.0, OFFBOARD
05:32:31:142446, [2, 2, 2, 3]2, None, GPS(-43.520600, 172.583000, 0.000000, var=[-1.0, -1.0, -1.0]), GPS(-43.520600, 172.583000, 0.000000, var=[-1.0, -1.0, -1.0]), None, GPS(-43.520600, 172.583000, 15.000000, var=[-1, -1, -1]), GPS(-43.520600, 172.583000, 26.613840, var=[1.0, 1.0, 1.0]), 0.0, OFFBOARD
05:32:32:144522, [2, 2, 2, 3]2, None, GPS(-43.520600, 172.583000, 0.000000, var=[-1.0, -1.0, -1.0]), GPS(-43.520600, 172.583000, 0.000000, var=[-1.0, -1.0, -1.0]), None, GPS(-43.520600, 172.583000, 15.000000, var=[-1, -1, -1]), GPS(-43.520600, 172.583000, 26.598840, var=[1.0, 1.0, 1.0]), 0.0, OFFBOARD
05:32:33:144919, [2, 2, 2, 4]2, None, GPS(-43.520600, 172.583000, 0.000000, var=[-1.0, -1.0, -1.0]), GPS(-43.520600, 172.583000, 0.000000, var=[-1.0, -1.0, -1.0]), None, GPS(-43.520600, 172.583000, 15.000000, var=[-1, -1, -1]), GPS(-43.520600, 172.583000, 26.605840, var=[1.0, 1.0, 1.0]), 0.0, OFFBOARD
05:32:33:146278, [2, 2, 2, 4]2, None, GPS(-43.520600, 172.583000, 0.000000, var=[-1.0, -1.0, -1.0]), GPS(-43.520600, 172.583000, 0.000000, var=[-1.0, -1.0, -1.0]), None, GPS(-43.520600, 172.583000, 15.000000, var=[-1, -1, -1]), GPS(-43.520600, 172.583000, 26.605840, var=[1.0, 1.0, 1.0]), 0.0, OFFBOARD
05:32:34:147191, [3, 2, 3, 4]3, None, GPS(-43.520600, 172.583000, 0.000000, var=[-1.0, -1.0, -1.0]), GPS(-43.520600, 172.583000, 0.000000, var=[-1.0, -1.0, -1.0]), None, GPS(-43.520600, 172.583000, 15.000000, var=[-1, -1, -1]), GPS(-43.520600, 172.582999, 26.589840, var=[1.0, 1.0, 1.0]), 0.0, OFFBOARD
05:32:35:147804, [3, 2, 3, 4]3, None, GPS(-43.520600, 172.583000, 0.000000, var=[-1.0, -1.0, -1.0]), GPS(-43.520600, 172.583000, 0.000000, var=[-1.0, -1.0, -1.0]), None, GPS(-43.520600, 172.583000, 15.000000, var=[-1, -1, -1]), GPS(-43.520600, 172.583000, 26.589839, var=[1.0, 1.0, 1.0]), 0.0, OFFBOARD
05:32:35:154216, [3, 2, 3, 4]3, None, GPS(-43.520600, 172.583000, 0.000000, var=[-1.0, -1.0, -1.0]), GPS(-43.520600, 172.583000, 0.000000, var=[-1.0, -1.0, -1.0]), None, GPS(-43.520600, 172.583000, 15.000000, var=[-1, -1, -1]), GPS(-43.520600, 172.583000, 26.589839, var=[1.0, 1.0, 1.0]), 0.0, OFFBOARD
05:32:36:152804, [3, 3, 3, 4]3, None, GPS(-43.520600, 172.583000, 0.000000, var=[-1.0, -1.0, -1.0]), GPS(-43.520600, 172.583000, 0.000000, var=[-1.0, -1.0, -1.0]), None, GPS(-43.520600, 172.583000, 15.000000, var=[-1, -1, -1]), GPS(-43.520600, 172.582999, 26.579839, var=[1.0, 1.0, 1.0]), 0.0, OFFBOARD
05:32:37:151139, [4, 3, 3, 4]3, None, GPS(-43.520600, 172.583000, 0.000000, var=[-1.0, -1.0, -1.0]), GPS(-43.520600, 172.583000, 0.000000, var=[-1.0, -1.0, -1.0]), None, GPS(-43.520600, 172.583000, 15.000000, var=[-1, -1, -1]), GPS(-43.520600, 172.582999, 26.585839, var=[1.0, 1.0, 1.0]), 0.0, OFFBOARD
05:32:37:186519, [4, 3, 4, 4]3, None, GPS(-43.520600, 172.583000, 0.000000, var=[-1.0, -1.0, -1.0]), GPS(-43.520600, 172.583000, 0.000000, var=[-1.0, -1.0, -1.0]), None, GPS(-43.520600, 172.583000, 15.000000, var=[-1, -1, -1]), GPS(-43.520600, 172.582999, 26.585839, var=[1.0, 1.0, 1.0]), 0.0, OFFBOARD
05:32:38:188150, [4, 3, 4, 4]3, None, GPS(-43.520600, 172.583000, 0.000000, var=[-1.0, -1.0, -1.0]), GPS(-43.520600, 172.583000, 0.000000, var=[-1.0, -1.0, -1.0]), None, GPS(-43.520600, 172.583000, 15.000000, var=[-1, -1, -1]), GPS(-43.520600, 172.582999, 26.575839, var=[1.0, 1.0, 1.0]), 0.0, OFFBOARD
05:32:38:192327, [4, 4, 4, 4]3, None, GPS(-43.520600, 172.583000, 0.000000, var=[-1.0, -1.0, -1.0]), GPS(-43.520600, 172.583000, 0.000000, var=[-1.0, -1.0, -1.0]), None, GPS(-43.520600, 172.583000, 15.000000, var=[-1, -1, -1]), GPS(-43.520600, 172.582999, 26.575839, var=[1.0, 1.0, 1.0]), 0.0, OFFBOARD
05:32:39:192058, [4, 4, 4, 4]3, None, GPS(-43.520600, 172.583000, 0.000000, var=[-1.0, -1.0, -1.0]), GPS(-43.520600, 172.583000, 0.000000, var=[-1.0, -1.0, -1.0]), None, GPS(-43.520600, 172.583000, 15.000000, var=[-1, -1, -1]), GPS(-43.520600, 172.583000, 26.573839, var=[1.0, 1.0, 1.0]), 0.0, OFFBOARD
05:32:40:192754, [4, 4, 4, 4]3, None, GPS(-43.520600, 172.583000, 0.000000, var=[-1.0, -1.0, -1.0]), GPS(-43.520600, 172.583000, 0.000000, var=[-1.0, -1.0, -1.0]), None, GPS(-43.520600, 172.583000, 15.000000, var=[-1, -1, -1]), GPS(-43.520600, 172.583000, 26.571839, var=[1.0, 1.0, 1.0]), 0.0, OFFBOARD
05:32:40:205248, [4, 4, 4, 4]3, None, GPS(-43.520600, 172.583000, 0.000000, var=[-1.0, -1.0, -1.0]), GPS(-43.520600, 172.583000, 0.000000, var=[-1.0, -1.0, -1.0]), None, GPS(-43.520600, 172.583000, 15.000000, var=[-1, -1, -1]), GPS(-43.520600, 172.583000, 26.571839, var=[1.0, 1.0, 1.0]), 0.0, OFFBOARD
05:32:41:197687, [4, 4, 4, 4]3, None, GPS(-43.520600, 172.583000, 0.000000, var=[-1.0, -1.0, -1.0]), GPS(-43.520600, 172.583000, 0.000000, var=[-1.0, -1.0, -1.0]), None, GPS(-43.520600, 172.583000, 15.000000, var=[-1, -1, -1]), GPS(-43.520600, 172.583000, 26.558839, var=[1.0, 1.0, 1.0]), 0.0, OFFBOARD
05:32:41:201552, [4, 4, 4, 4]3, None, GPS(-43.520600, 172.583000, 0.000000, var=[-1.0, -1.0, -1.0]), GPS(-43.520600, 172.583000, 0.000000, var=[-1.0, -1.0, -1.0]), None, GPS(-43.520600, 172.583000, 15.000000, var=[-1, -1, -1]), GPS(-43.520600, 172.583000, 26.558839, var=[1.0, 1.0, 1.0]), 0.0, OFFBOARD
05:32:42:196101, [4, 4, 4, 4]3, None, GPS(-43.520600, 172.583000, 0.000000, var=[-1.0, -1.0, -1.0]), GPS(-43.520600, 172.583000, 0.000000, var=[-1.0, -1.0, -1.0]), None, GPS(-43.520600, 172.583000, 15.000000, var=[-1, -1, -1]), GPS(-43.520600, 172.583000, 26.543839, var=[1.0, 1.0, 1.0]), 0.0, OFFBOARD
05:32:42:235575, [4, 4, 4, 4]3, None, GPS(-43.520600, 172.583000, 0.000000, var=[-1.0, -1.0, -1.0]), GPS(-43.520600, 172.583000, 0.000000, var=[-1.0, -1.0, -1.0]), None, GPS(-43.520600, 172.583000, 15.000000, var=[-1, -1, -1]), GPS(-43.520600, 172.583000, 26.543839, var=[1.0, 1.0, 1.0]), 0.0, OFFBOARD
05:32:43:237499, [4, 4, 4, 4]3, None, GPS(-43.520600, 172.583000, 0.000000, var=[-1.0, -1.0, -1.0]), GPS(-43.520600, 172.583000, 0.000000, var=[-1.0, -1.0, -1.0]), None, GPS(-43.520600, 172.583000, 15.000000, var=[-1, -1, -1]), GPS(-43.520600, 172.582999, 26.519839, var=[1.0, 1.0, 1.0]), 0.0, OFFBOARD
05:32:43:241267, [4, 4, 4, 4]3, None, GPS(-43.520600, 172.583000, 0.000000, var=[-1.0, -1.0, -1.0]), GPS(-43.520600, 172.583000, 0.000000, var=[-1.0, -1.0, -1.0]), None, GPS(-43.520600, 172.583000, 15.000000, var=[-1, -1, -1]), GPS(-43.520600, 172.582999, 26.519839, var=[1.0, 1.0, 1.0]), 0.0, OFFBOARD
05:32:44:243598, [4, 4, 4, 4]3, None, GPS(-43.520600, 172.583000, 0.000000, var=[-1.0, -1.0, -1.0]), GPS(-43.520600, 172.583000, 0.000000, var=[-1.0, -1.0, -1.0]), None, GPS(-43.520600, 172.583000, 15.000000, var=[-1, -1, -1]), GPS(-43.520600, 172.582999, 26.499840, var=[1.0, 1.0, 1.0]), 0.0, OFFBOARD
05:32:45:239997, [4, 4, 4, 4]3, None, GPS(-43.520600, 172.583000, 0.000000, var=[-1.0, -1.0, -1.0]), GPS(-43.520600, 172.583000, 0.000000, var=[-1.0, -1.0, -1.0]), None, GPS(-43.520600, 172.583000, 15.000000, var=[-1, -1, -1]), GPS(-43.520600, 172.582999, 26.472840, var=[1.0, 1.0, 1.0]), 0.0, OFFBOARD
05:32:45:277590, [4, 4, 4, 4]3, None, GPS(-43.520600, 172.583000, 0.000000, var=[-1.0, -1.0, -1.0]), GPS(-43.520600, 172.583000, 0.000000, var=[-1.0, -1.0, -1.0]), None, GPS(-43.520600, 172.583000, 15.000000, var=[-1, -1, -1]), GPS(-43.520600, 172.582999, 26.471840, var=[1.0, 1.0, 1.0]), 0.0, OFFBOARD
05:32:46:277148, [4, 4, 4, 4]3, None, GPS(-43.520600, 172.583000, 0.000000, var=[-1.0, -1.0, -1.0]), GPS(-43.520600, 172.583000, 0.000000, var=[-1.0, -1.0, -1.0]), None, GPS(-43.520600, 172.583000, 15.000000, var=[-1, -1, -1]), GPS(-43.520600, 172.582999, 26.472840, var=[1.0, 1.0, 1.0]), 0.0, OFFBOARD
05:32:46:307083, [4, 4, 4, 4]3, None, GPS(-43.520600, 172.583000, 0.000000, var=[-1.0, -1.0, -1.0]), GPS(-43.520600, 172.583000, 0.000000, var=[-1.0, -1.0, -1.0]), None, GPS(-43.520600, 172.583000, 15.000000, var=[-1, -1, -1]), GPS(-43.520600, 172.582999, 26.473840, var=[1.0, 1.0, 1.0]), 0.0, OFFBOARD
05:32:47:308414, [4, 4, 4, 4]3, None, GPS(-43.520600, 172.583000, 0.000000, var=[-1.0, -1.0, -1.0]), GPS(-43.520600, 172.583000, 0.000000, var=[-1.0, -1.0, -1.0]), None, GPS(-43.520600, 172.583000, 15.000000, var=[-1, -1, -1]), GPS(-43.520600, 172.582999, 26.458840, var=[1.0, 1.0, 1.0]), 0.0, OFFBOARD
05:32:47:312924, [4, 4, 4, 4]3, None, GPS(-43.520600, 172.583000, 0.000000, var=[-1.0, -1.0, -1.0]), GPS(-43.520600, 172.583000, 0.000000, var=[-1.0, -1.0, -1.0]), None, GPS(-43.520600, 172.583000, 15.000000, var=[-1, -1, -1]), GPS(-43.520600, 172.582999, 26.458840, var=[1.0, 1.0, 1.0]), 0.0, OFFBOARD
05:32:48:312564, [4, 4, 4, 4]3, None, GPS(-43.520600, 172.583000, 0.000000, var=[-1.0, -1.0, -1.0]), GPS(-43.520600, 172.583000, 0.000000, var=[-1.0, -1.0, -1.0]), None, GPS(-43.520600, 172.583000, 15.000000, var=[-1, -1, -1]), GPS(-43.520600, 172.582999, 26.458840, var=[1.0, 1.0, 1.0]), 0.0, OFFBOARD
05:32:48:319902, [4, 4, 4, 4]3, None, GPS(-43.520600, 172.583000, 0.000000, var=[-1.0, -1.0, -1.0]), GPS(-43.520600, 172.583000, 0.000000, var=[-1.0, -1.0, -1.0]), None, GPS(-43.520600, 172.583000, 15.000000, var=[-1, -1, -1]), GPS(-43.520600, 172.582999, 26.458840, var=[1.0, 1.0, 1.0]), 0.0, OFFBOARD
05:32:49:311117, [4, 4, 4, 4]3, None, GPS(-43.520600, 172.583000, 0.000000, var=[-1.0, -1.0, -1.0]), GPS(-43.520600, 172.583000, 0.000000, var=[-1.0, -1.0, -1.0]), None, GPS(-43.520600, 172.583000, 15.000000, var=[-1, -1, -1]), GPS(-43.520600, 172.583000, 26.465840, var=[1.0, 1.0, 1.0]), 0.0, OFFBOARD
05:32:49:350935, [4, 4, 4, 4]3, None, GPS(-43.520600, 172.583000, 0.000000, var=[-1.0, -1.0, -1.0]), GPS(-43.520600, 172.583000, 0.000000, var=[-1.0, -1.0, -1.0]), None, GPS(-43.520600, 172.583000, 15.000000, var=[-1, -1, -1]), GPS(-43.520600, 172.583000, 26.466840, var=[1.0, 1.0, 1.0]), 0.0, OFFBOARD
05:32:50:352935, [4, 4, 4, 4]3, None, GPS(-43.520600, 172.583000, 0.000000, var=[-1.0, -1.0, -1.0]), GPS(-43.520600, 172.583000, 0.000000, var=[-1.0, -1.0, -1.0]), None, GPS(-43.520600, 172.583000, 15.000000, var=[-1, -1, -1]), GPS(-43.520600, 172.583000, 26.450840, var=[1.0, 1.0, 1.0]), 0.0, OFFBOARD
05:32:50:355582, [4, 4, 4, 4]3, None, GPS(-43.520600, 172.583000, 0.000000, var=[-1.0, -1.0, -1.0]), GPS(-43.520600, 172.583000, 0.000000, var=[-1.0, -1.0, -1.0]), None, GPS(-43.520600, 172.583000, 15.000000, var=[-1, -1, -1]), GPS(-43.520600, 172.583000, 26.450840, var=[1.0, 1.0, 1.0]), 0.0, OFFBOARD
05:32:51:355181, [4, 4, 4, 4]3, None, GPS(-43.520600, 172.583000, 0.000000, var=[-1.0, -1.0, -1.0]), GPS(-43.520600, 172.583000, 0.000000, var=[-1.0, -1.0, -1.0]), None, GPS(-43.520600, 172.583000, 15.000000, var=[-1, -1, -1]), GPS(-43.520600, 172.583000, 26.453840, var=[1.0, 1.0, 1.0]), 0.0, OFFBOARD
05:32:51:370870, [4, 4, 4, 4]3, None, GPS(-43.520600, 172.583000, 0.000000, var=[-1.0, -1.0, -1.0]), GPS(-43.520600, 172.583000, 0.000000, var=[-1.0, -1.0, -1.0]), None, GPS(-43.520600, 172.583000, 15.000000, var=[-1, -1, -1]), GPS(-43.520600, 172.583000, 26.453840, var=[1.0, 1.0, 1.0]), 0.0, OFFBOARD
05:32:52:355036, [4, 4, 4, 4]3, None, GPS(-43.520600, 172.583000, 0.000000, var=[-1.0, -1.0, -1.0]), GPS(-43.520600, 172.583000, 0.000000, var=[-1.0, -1.0, -1.0]), None, GPS(-43.520600, 172.583000, 15.000000, var=[-1, -1, -1]), GPS(-43.520600, 172.583000, 26.458840, var=[1.0, 1.0, 1.0]), 0.0, OFFBOARD
05:32:52:494605, [4, 4, 4, 4]5, [-0.00591564  0.00699045  0.00200326], GPS(-43.520600, 172.583000, 0.002003, var=[0.01661182144067276, 0.01660257506234568, 0.001523875939159966]), GPS(-43.520600, 172.583000, 0.000000, var=[-1.0, -1.0, -1.0]), [1.29285135e-33 4.44779337e-02 2.64588178e+01], GPS(-43.520600, 172.583000, 15.002003, var=[-1, -1, -1]), GPS(-43.520600, 172.583000, 26.460840, var=[1.0, 1.0, 1.0]), 0.00937412547740414, OFFBOARD
05:32:53:396474, [5, 4, 4, 4]5, [-0.01228549 -0.00458367  0.0245641 ], GPS(-43.520600, 172.583000, 0.024564, var=[0.24479532854510483, 0.24484421951830634, 0.08143647670319513]), GPS(-43.520600, 172.583000, 0.000000, var=[-1.0, -1.0, -1.0]), [-1.03904789e-02  5.09441630e-02  2.64656888e+01], GPS(-43.520600, 172.583000, 15.024564, var=[-1, -1, -1]), GPS(-43.520600, 172.583000, 26.481840, var=[1.0, 1.0, 1.0]), 0.027844898391575244, OFFBOARD
05:32:53:497521, [5, 4, 4, 4]5, [-0.01228345 -0.00604877  0.03267029], GPS(-43.520600, 172.583000, 0.032670, var=[0.29255556983882186, 0.29270053317823097, 0.08994380640108629]), GPS(-43.520600, 172.583000, 0.000000, var=[-1.0, -1.0, -1.0]), [-1.56639921e-02  5.31684730e-02  2.64706276e+01], GPS(-43.520600, 172.583000, 15.032670, var=[-1, -1, -1]), GPS(-43.520600, 172.583000, 26.481840, var=[1.0, 1.0, 1.0]), 0.03542342225833394, OFFBOARD
05:32:54:641479, [5, 4, 4, 4]5, [ 0.03173637 -0.0258346   0.03811375], GPS(-43.520600, 172.583000, 0.038114, var=[0.21298348102137538, 0.21354498138939487, 0.05037066035702503]), GPS(-43.520600, 172.583000, 0.000000, var=[-1.0, -1.0, -1.0]), [-0.04089055  0.06008383 26.48653769], GPS(-43.520600, 172.583000, 15.038114, var=[-1, -1, -1]), GPS(-43.520600, 172.583000, 26.479840, var=[1.0, 1.0, 1.0]), 0.055922103581550614, OFFBOARD
05:32:54:961713, [5, 4, 5, 4]5, [ 0.03464577 -0.02348654  0.03382185], GPS(-43.520600, 172.583000, 0.033822, var=[0.173359186199394, 0.17387362995319527, 0.0402125854634784]), GPS(-43.520600, 172.583000, 0.000000, var=[-1.0, -1.0, -1.0]), [-0.03886416  0.05878488 26.48757268], GPS(-43.520600, 172.583000, 15.033822, var=[-1, -1, -1]), GPS(-43.520600, 172.583000, 26.481840, var=[1.0, 1.0, 1.0]), 0.053813237834904375, OFFBOARD
05:32:55:676405, [5, 4, 5, 4]5, [ 0.04289084 -0.01360196  0.03116513], GPS(-43.520600, 172.583001, 0.031165, var=[0.16225447697927617, 0.162854300466284, 0.0371391752360861]), GPS(-43.520600, 172.583010, 0.000000, var=[-1.0, -1.0, -1.0]), [-0.03643545  0.05126646 26.49519387], GPS(-43.520600, 172.583001, 15.031165, var=[-1, -1, -1]), GPS(-43.520600, 172.583000, 26.497840, var=[1.0, 1.0, 1.0]), 0.7641703425408717, OFFBOARD
05:32:56:010504, [5, 5, 5, 5]5, [ 0.14036797 -0.0953563   0.00775096], GPS(-43.520601, 172.583002, 0.007751, var=[0.13564715128142507, 0.13631736365623023, 0.030908111830440028]), GPS(-43.520600, 172.583010, 0.000000, var=[-1.0, -1.0, -1.0]), [-0.0350942   0.04377595 26.50593672], GPS(-43.520601, 172.583002, 15.007751, var=[-1, -1, -1]), GPS(-43.520600, 172.583000, 26.500840, var=[1.0, 1.0, 1.0]), 0.6727733798270444, OFFBOARD
05:32:56:667623, [5, 5, 5, 5]5, [ 0.22085567 -0.16473129 -0.01249158], GPS(-43.520601, 172.583003, -0.012492, var=[0.12872749797552926, 0.1296735977495623, 0.02932469382484107]), GPS(-43.520600, 172.583010, 0.000000, var=[-1.0, -1.0, -1.0]), [-0.02765649  0.03109532 26.51809999], GPS(-43.520601, 172.583003, 14.987508, var=[-1, -1, -1]), GPS(-43.520600, 172.583000, 26.489839, var=[1.0, 1.0, 1.0]), 0.6083111651270459, OFFBOARD
05:32:57:049917, [5, 5, 5, 5]5, [ 0.24091575 -0.19512264 -0.02209965], GPS(-43.520602, 172.583003, -0.022100, var=[0.11294501181853804, 0.11375123783029845, 0.02564507958914618]), GPS(-43.520600, 172.583010, 0.000000, var=[-1.0, -1.0, -1.0]), [-7.73580612e-03  1.23616412e-02  2.65161252e+01], GPS(-43.520602, 172.583003, 14.977900, var=[-1, -1, -1]), GPS(-43.520601, 172.583001, 26.485839, var=[1.0, 1.0, 1.0]), 0.5985193312157554, OFFBOARD
05:32:57:724692, [5, 5, 5, 5]5, [ 0.37338879 -0.16065042 -0.05805184], GPS(-43.520601, 172.583005, -0.058052, var=[0.1063221005882993, 0.10717542865862825, 0.024094546955502918]), GPS(-43.520600, 172.583020, 0.000000, var=[-1.0, -1.0, -1.0]), [ 2.30857270e-02 -1.78941145e-02  2.65255546e+01], GPS(-43.520601, 172.583005, 14.941948, var=[-1, -1, -1]), GPS(-43.520601, 172.583002, 26.483838, var=[1.0, 1.0, 1.0]), 1.2509372632462974, OFFBOARD
05:32:58:054657, [5, 5, 5, 5]5, [ 0.53209532 -0.12465255 -0.06299759], GPS(-43.520601, 172.583007, -0.062998, var=[0.09606939378839228, 0.09700139230010299, 0.02178383661978752]), GPS(-43.520600, 172.583020, 0.000000, var=[-1.0, -1.0, -1.0]), [ 0.06265543 -0.04315    26.53322358], GPS(-43.520601, 172.583007, 14.937002, var=[-1, -1, -1]), GPS(-43.520601, 172.583002, 26.489838, var=[1.0, 1.0, 1.0]), 1.0895024890496454, OFFBOARD
05:32:59:044791, [5, 5, 5, 5]5, [ 0.81090663 -0.19483743 -0.03109798], GPS(-43.520602, 172.583010, -0.031098, var=[0.08613069760751649, 0.08745839585456701, 0.01965574890411515]), GPS(-43.520600, 172.583030, 0.000000, var=[-1.0, -1.0, -1.0]), [ 0.17475529 -0.09466285 26.53113385], GPS(-43.520602, 172.583010, 14.968902, var=[-1, -1, -1]), GPS(-43.520602, 172.583005, 26.504838, var=[1.0, 1.0, 1.0]), 1.6200655362312353, OFFBOARD
05:32:59:416124, [5, 5, 5, 5]5, [ 0.98778415 -0.27740653 -0.04511638], GPS(-43.520602, 172.583012, -0.045116, var=[0.07908817053307896, 0.0803416113850196, 0.018069575285420508]), GPS(-43.520600, 172.583030, 0.000000, var=[-1.0, -1.0, -1.0]), [ 0.23002384 -0.11653997 26.5375753 ], GPS(-43.520602, 172.583012, 14.954884, var=[-1, -1, -1]), GPS(-43.520602, 172.583006, 26.510838, var=[1.0, 1.0, 1.0]), 1.4584645588258072, OFFBOARD
05:33:00:251712, [5, 5, 5, 5]5, [ 1.35814695 -0.32146209 -0.09395288], GPS(-43.520603, 172.583017, -0.093953, var=[0.07259574393909118, 0.07398125598794955, 0.01670870351412921]), GPS(-43.520602, 172.583040, 0.000000, var=[-1.0, -1.0, -1.0]), [ 0.36555693 -0.15137884 26.5505427 ], GPS(-43.520603, 172.583017, 14.906047, var=[-1, -1, -1]), GPS(-43.520602, 172.583010, 26.507838, var=[1.0, 1.0, 1.0]), 1.8720557558182718, OFFBOARD
05:33:00:553983, [5, 5, 5, 5]5, [ 1.52423681 -0.32325705 -0.10418822], GPS(-43.520603, 172.583019, -0.104188, var=[0.06539029002777404, 0.06653242175265338, 0.015013848978263408]), GPS(-43.520602, 172.583040, 0.000000, var=[-1.0, -1.0, -1.0]), [ 0.44907378 -0.16963805 26.56006646], GPS(-43.520603, 172.583019, 14.895812, var=[-1, -1, -1]), GPS(-43.520602, 172.583011, 26.515838, var=[1.0, 1.0, 1.0]), 1.7071504876982946, OFFBOARD
05:33:01:141575, [5, 5, 5, 5]5, [ 1.83959076 -0.34719246 -0.11501483], GPS(-43.520603, 172.583023, -0.115015, var=[0.06553974215490044, 0.06664374335825315, 0.01513093641714312]), GPS(-43.520600, 172.583060, 0.000000, var=[-1.0, -1.0, -1.0]), [ 0.5755823  -0.19977481 26.58104837], GPS(-43.520603, 172.583023, 14.884985, var=[-1, -1, -1]), GPS(-43.520603, 172.583015, 26.525838, var=[1.0, 1.0, 1.0]), 3.020460588606445, OFFBOARD
05:33:01:478783, [5, 5, 5, 5]5, [ 2.1695811  -0.40503747 -0.1293782 ], GPS(-43.520604, 172.583027, -0.129378, var=[0.06067769099953153, 0.06183833264481688, 0.014061990742528035]), GPS(-43.520600, 172.583060, 0.000000, var=[-1.0, -1.0, -1.0]), [ 0.68602694 -0.22277756 26.60843303], GPS(-43.520604, 172.583027, 14.870622, var=[-1, -1, -1]), GPS(-43.520603, 172.583017, 26.525838, var=[1.0, 1.0, 1.0]), 2.7019107814487144, OFFBOARD
05:33:02:256945, [5, 5, 5, 5]5, [ 2.70565615 -0.49077277 -0.14607589], GPS(-43.520604, 172.583034, -0.146076, var=[0.05892874099073432, 0.06036648558394893, 0.013915194958273525]), GPS(-43.520600, 172.583070, 0.000000, var=[-1.0, -1.0, -1.0]), [ 0.92459975 -0.26783518 26.62613785], GPS(-43.520604, 172.583034, 14.853924, var=[-1, -1, -1]), GPS(-43.520603, 172.583023, 26.522839, var=[1.0, 1.0, 1.0]), 2.982754204161911, OFFBOARD
05:33:02:662207, [5, 5, 5, 5]5, [ 2.97908199 -0.55880909 -0.15855937], GPS(-43.520605, 172.583037, -0.158559, var=[0.05595312130040571, 0.057011891475696574, 0.013194584439387428]), GPS(-43.520600, 172.583070, 0.000000, var=[-1.0, -1.0, -1.0]), [ 1.10418571 -0.29340479 26.61548795], GPS(-43.520605, 172.583037, 14.841441, var=[-1, -1, -1]), GPS(-43.520603, 172.583026, 26.529839, var=[1.0, 1.0, 1.0]), 2.727615760053557, OFFBOARD
05:33:03:413619, [5, 5, 5, 5]5, [ 3.6609072  -0.58497607 -0.19052855], GPS(-43.520605, 172.583045, -0.190529, var=[0.05431905459803506, 0.05507468433197203, 0.012935223826591128]), GPS(-43.520605, 172.583080, 0.000000, var=[-1.0, -1.0, -1.0]), [ 1.42544607 -0.33896648 26.63737082], GPS(-43.520605, 172.583045, 14.809471, var=[-1, -1, -1]), GPS(-43.520604, 172.583033, 26.525840, var=[1.0, 1.0, 1.0]), 2.79617609423369, OFFBOARD
05:33:03:732099, [5, 5, 5, 5]5, [ 3.97814574 -0.5785136  -0.1895394 ], GPS(-43.520605, 172.583049, -0.189539, var=[0.051294278742143234, 0.051752858461794636, 0.01220300141599395]), GPS(-43.520610, 172.583090, 0.000000, var=[-1.0, -1.0, -1.0]), [ 1.64577078 -0.36653326 26.63208567], GPS(-43.520605, 172.583049, 14.810461, var=[-1, -1, -1]), GPS(-43.520605, 172.583036, 26.530840, var=[1.0, 1.0, 1.0]), 3.327107610630421, OFFBOARD
05:33:04:755026, [5, 5, 5, 5]5, [ 5.01963809 -0.65442901 -0.23841998], GPS(-43.520606, 172.583062, -0.238420, var=[0.049698615717106084, 0.04950741662549185, 0.011988866160423451]), GPS(-43.520610, 172.583100, 0.000000, var=[-1.0, -1.0, -1.0]), [ 2.25118128 -0.45895769 26.64250103], GPS(-43.520606, 172.583062, 14.761580, var=[-1, -1, -1]), GPS(-43.520605, 172.583047, 26.540841, var=[1.0, 1.0, 1.0]), 3.0868231108240476, OFFBOARD
05:33:05:167977, [5, 5, 5, 5]5, [ 5.36261345 -0.7197514  -0.24287008], GPS(-43.520606, 172.583067, -0.242870, var=[0.04803213381711658, 0.04740666394835269, 0.011557370122610438]), GPS(-43.520610, 172.583100, 0.000000, var=[-1.0, -1.0, -1.0]), [ 2.52896542 -0.49278237 26.61979286], GPS(-43.520606, 172.583067, 14.757130, var=[-1, -1, -1]), GPS(-43.520606, 172.583052, 26.540841, var=[1.0, 1.0, 1.0]), 2.739547442746338, OFFBOARD
05:33:05:802348, [5, 5, 5, 5]5, [ 5.85271804 -0.76766112 -0.23874227], GPS(-43.520607, 172.583073, -0.238742, var=[0.04943002911250757, 0.04821649725441761, 0.011974522022193778]), GPS(-43.520610, 172.583110, 0.000000, var=[-1.0, -1.0, -1.0]), [ 2.91933401 -0.54273289 26.58717891], GPS(-43.520607, 172.583073, 14.761258, var=[-1, -1, -1]), GPS(-43.520606, 172.583059, 26.534842, var=[1.0, 1.0, 1.0]), 3.0455834492479017, OFFBOARD
05:33:06:120822, [5, 5, 5, 5]5, [ 6.16592441 -0.82652184 -0.25741319], GPS(-43.520607, 172.583076, -0.257413, var=[0.047679781839666785, 0.04600077799282382, 0.011462934922770833]), GPS(-43.520610, 172.583110, 0.000000, var=[-1.0, -1.0, -1.0]), [ 3.24480552 -0.57463414 26.5727585 ], GPS(-43.520607, 172.583076, 14.742587, var=[-1, -1, -1]), GPS(-43.520606, 172.583063, 26.535843, var=[1.0, 1.0, 1.0]), 2.730608125593143, OFFBOARD
05:33:06:923519, [5, 5, 5, 5]5, [ 6.84968727 -0.93699806 -0.27251296], GPS(-43.520608, 172.583085, -0.272513, var=[0.04762749312511655, 0.045010818706029056, 0.011414017011470797]), GPS(-43.520611, 172.583110, 0.000000, var=[-1.0, -1.0, -1.0]), [ 3.91888285 -0.64916758 26.55275147], GPS(-43.520608, 172.583085, 14.727487, var=[-1, -1, -1]), GPS(-43.520607, 172.583072, 26.516843, var=[1.0, 1.0, 1.0]), 2.057951925614686, OFFBOARD
05:33:07:252844, [5, 5, 5, 5]5, [ 7.15256058 -0.97609517 -0.21996956], GPS(-43.520609, 172.583089, -0.219970, var=[0.04617599037530851, 0.04317420058355503, 0.010983752906803071]), GPS(-43.520611, 172.583110, 0.000000, var=[-1.0, -1.0, -1.0]), [ 4.24174    -0.68735087 26.5167495 ], GPS(-43.520609, 172.583089, 14.780030, var=[-1, -1, -1]), GPS(-43.520608, 172.583076, 26.503843, var=[1.0, 1.0, 1.0]), 1.7483631441179561, OFFBOARD
05:33:07:798942, [5, 5, 5, 5]5, [ 7.45512959 -1.00318105 -0.19580461], GPS(-43.520609, 172.583092, -0.195805, var=[0.04759225298575478, 0.0440882410804457, 0.01137504232695071]), GPS(-43.520610, 172.583120, 0.000000, var=[-1.0, -1.0, -1.0]), [ 4.60242201 -0.73208744 26.49124126], GPS(-43.520609, 172.583092, 14.804195, var=[-1, -1, -1]), GPS(-43.520609, 172.583082, 26.501843, var=[1.0, 1.0, 1.0]), 2.2317893833423996, OFFBOARD
05:33:07:927327, [5, 5, 5, 5]5, [ 7.54650947 -1.0047089  -0.18575906], GPS(-43.520609, 172.583094, -0.185759, var=[0.047838718510175106, 0.04418938075077197, 0.01143449409376566]), GPS(-43.520610, 172.583120, 0.000000, var=[-1.0, -1.0, -1.0]), [ 4.71852166 -0.74641899 26.48300679], GPS(-43.520609, 172.583094, 14.814241, var=[-1, -1, -1]), GPS(-43.520609, 172.583083, 26.502843, var=[1.0, 1.0, 1.0]), 2.1399180443025436, OFFBOARD
05:33:09:095474, [5, 5, 5, 5]5, [ 8.08122006 -1.21158068 -0.11314895], GPS(-43.520611, 172.583100, -0.113149, var=[0.04625575588045131, 0.042386689866541954, 0.011081726478164031]), GPS(-43.520610, 172.583130, 0.000000, var=[-1.0, -1.0, -1.0]), [ 5.87125862 -0.89505016 26.44160025], GPS(-43.520611, 172.583100, 14.886851, var=[-1, -1, -1]), GPS(-43.520610, 172.583094, 26.499843, var=[1.0, 1.0, 1.0]), 2.405463916698228, OFFBOARD
05:33:09:443555, [5, 5, 5, 5]5, [ 8.17555988 -1.30251769 -0.15252644], GPS(-43.520612, 172.583101, -0.152526, var=[0.04445864366308716, 0.0410542173469414, 0.01067142150252072]), GPS(-43.520610, 172.583130, 0.000000, var=[-1.0, -1.0, -1.0]), [ 6.27136902 -0.94169686 26.45488371], GPS(-43.520612, 172.583101, 14.847474, var=[-1, -1, -1]), GPS(-43.520610, 172.583097, 26.488843, var=[1.0, 1.0, 1.0]), 2.319275413011776, OFFBOARD
05:33:10:083371, [5, 5, 5, 5]5, [ 8.44867843 -1.42263371 -0.1922089 ], GPS(-43.520613, 172.583105, -0.192209, var=[0.04470979843446195, 0.041321438817385904, 0.010756415383945485]), GPS(-43.520610, 172.583140, 0.000000, var=[-1.0, -1.0, -1.0]), [ 6.85068132 -1.01674665 26.45510569], GPS(-43.520613, 172.583105, 14.807791, var=[-1, -1, -1]), GPS(-43.520611, 172.583100, 26.475843, var=[1.0, 1.0, 1.0]), 2.8629856528145923, OFFBOARD
05:33:10:436807, [5, 5, 5, 5]5, [ 8.6965301  -1.47693862 -0.21173411], GPS(-43.520613, 172.583108, -0.211734, var=[0.04354836058551718, 0.03992525600567622, 0.010341138729875684]), GPS(-43.520610, 172.583140, 0.000000, var=[-1.0, -1.0, -1.0]), [ 7.16274329 -1.06612415 26.4468784 ], GPS(-43.520613, 172.583108, 14.788266, var=[-1, -1, -1]), GPS(-43.520612, 172.583102, 26.469842, var=[1.0, 1.0, 1.0]), 2.6258536454238226, OFFBOARD
05:33:11:122163, [5, 5, 5, 5]5, [ 9.24964884 -1.50700173 -0.23709111], GPS(-43.520614, 172.583115, -0.237091, var=[0.04407467796684375, 0.039938700914593867, 0.010408371082652364]), GPS(-43.520614, 172.583150, 0.000000, var=[-1.0, -1.0, -1.0]), [ 7.71883865 -1.163669   26.43385072], GPS(-43.520614, 172.583115, 14.762909, var=[-1, -1, -1]), GPS(-43.520612, 172.583105, 26.462841, var=[1.0, 1.0, 1.0]), 2.8552096785873733, OFFBOARD
05:33:11:470971, [5, 5, 5, 5]5, [ 9.63769365 -1.54952913 -0.26049486], GPS(-43.520614, 172.583120, -0.260495, var=[0.042917545896771346, 0.03882324843465741, 0.010108404842290196]), GPS(-43.520614, 172.583150, 0.000000, var=[-1.0, -1.0, -1.0]), [ 7.9699309  -1.22197216 26.43983933], GPS(-43.520614, 172.583120, 14.739505, var=[-1, -1, -1]), GPS(-43.520613, 172.583107, 26.463841, var=[1.0, 1.0, 1.0]), 2.4706512194266734, OFFBOARD
05:33:12:288972, [5, 5, 5, 5]5, [10.38788508 -1.59043091 -0.30200117], GPS(-43.520614, 172.583129, -0.302001, var=[0.043521872014302306, 0.03947257303915907, 0.010407041292179545]), GPS(-43.520610, 172.583160, 0.000000, var=[-1.0, -1.0, -1.0]), [ 8.595628   -1.34045497 26.45342801], GPS(-43.520614, 172.583129, 14.697999, var=[-1, -1, -1]), GPS(-43.520613, 172.583114, 26.467842, var=[1.0, 1.0, 1.0]), 2.5758940447971983, OFFBOARD
05:33:12:741798, [5, 5, 5, 5]5, [10.7171182  -1.59837659 -0.29245212], GPS(-43.520614, 172.583133, -0.292452, var=[0.04310064956156784, 0.038952785536711436, 0.01027859695609234]), GPS(-43.520610, 172.583160, 0.000000, var=[-1.0, -1.0, -1.0]), [ 8.91130843 -1.38907179 26.44940555], GPS(-43.520614, 172.583133, 14.707548, var=[-1, -1, -1]), GPS(-43.520614, 172.583119, 26.470843, var=[1.0, 1.0, 1.0]), 2.256302542432356, OFFBOARD
05:33:13:123728, [5, 5, 5, 5]5, [11.0572816  -1.6156752  -0.28517669], GPS(-43.520615, 172.583137, -0.285177, var=[0.04395482371510369, 0.03963302347220412, 0.010525901734312924]), GPS(-43.520610, 172.583170, 0.000000, var=[-1.0, -1.0, -1.0]), [ 9.23252548 -1.43545183 26.44518018], GPS(-43.520615, 172.583137, 14.714823, var=[-1, -1, -1]), GPS(-43.520614, 172.583124, 26.471844, var=[1.0, 1.0, 1.0]), 2.71237595504426, OFFBOARD
05:33:13:513254, [5, 5, 5, 5]5, [11.3720092  -1.64698802 -0.28082262], GPS(-43.520615, 172.583141, -0.280823, var=[0.04322606523093732, 0.03885408137920838, 0.0102982047194988]), GPS(-43.520610, 172.583170, 0.000000, var=[-1.0, -1.0, -1.0]), [ 9.54077331 -1.4739485  26.4430476 ], GPS(-43.520615, 172.583141, 14.719177, var=[-1, -1, -1]), GPS(-43.520614, 172.583128, 26.470845, var=[1.0, 1.0, 1.0]), 2.4120763186897283, OFFBOARD
05:33:14:479314, [5, 5, 5, 5]5, [12.25434842 -1.65779291 -0.28030068], GPS(-43.520615, 172.583152, -0.280301, var=[0.04334526030352259, 0.03875307146129279, 0.010318287610841198]), GPS(-43.520610, 172.583170, 0.000000, var=[-1.0, -1.0, -1.0]), [10.38292974 -1.56409071 26.44947159], GPS(-43.520615, 172.583152, 14.719699, var=[-1, -1, -1]), GPS(-43.520614, 172.583139, 26.463847, var=[1.0, 1.0, 1.0]), 1.5770891068059694, OFFBOARD
05:33:14:809726, [5, 5, 5, 5]5, [12.5189972  -1.60292845 -0.23773421], GPS(-43.520614, 172.583155, -0.237734, var=[0.04258734250758245, 0.03796190914553128, 0.010091873919652371]), GPS(-43.520610, 172.583170, 0.000000, var=[-1.0, -1.0, -1.0]), [10.69315581 -1.58507282 26.43214733], GPS(-43.520614, 172.583155, 14.762266, var=[-1, -1, -1]), GPS(-43.520614, 172.583143, 26.467847, var=[1.0, 1.0, 1.0]), 1.3074163735651392, OFFBOARD
05:33:15:315968, [5, 5, 5, 5]5, [12.86476408 -1.52245284 -0.22499724], GPS(-43.520614, 172.583160, -0.224997, var=[0.044359136794592205, 0.03947297645793865, 0.010611678759353054]), GPS(-43.520610, 172.583180, 0.000000, var=[-1.0, -1.0, -1.0]), [11.11378306 -1.6266259  26.42667694], GPS(-43.520614, 172.583160, 14.775003, var=[-1, -1, -1]), GPS(-43.520614, 172.583148, 26.468848, var=[1.0, 1.0, 1.0]), 1.7138811572577144, OFFBOARD
05:33:15:571271, [5, 5, 5, 5]5, [13.07865353 -1.4521228  -0.21438913], GPS(-43.520613, 172.583162, -0.214389, var=[0.04309601783492981, 0.03817053229210285, 0.010218633079768061]), GPS(-43.520610, 172.583180, 0.000000, var=[-1.0, -1.0, -1.0]), [11.40877025 -1.6415298  26.42742374], GPS(-43.520613, 172.583162, 14.785611, var=[-1, -1, -1]), GPS(-43.520614, 172.583151, 26.463849, var=[1.0, 1.0, 1.0]), 1.4900996647142304, OFFBOARD
05:33:16:502910, [5, 5, 5, 5]5, [13.65004766 -1.44913065 -0.15885755], GPS(-43.520613, 172.583169, -0.158858, var=[0.04418724701814101, 0.03907330088582273, 0.010537140359840765]), GPS(-43.520610, 172.583180, 0.000000, var=[-1.0, -1.0, -1.0]), [12.25432811 -1.68461658 26.39778315], GPS(-43.520613, 172.583169, 14.841142, var=[-1, -1, -1]), GPS(-43.520613, 172.583160, 26.455852, var=[1.0, 1.0, 1.0]), 0.9404446488831347, OFFBOARD
05:33:16:917251, [5, 5, 5, 5]5, [13.76144474 -1.43426828 -0.1467736 ], GPS(-43.520613, 172.583171, -0.146774, var=[0.04294847046014436, 0.03802885403877758, 0.010183385512891495]), GPS(-43.520620, 172.583190, 0.000000, var=[-1.0, -1.0, -1.0]), [12.55352195 -1.6837729  26.40122881], GPS(-43.520613, 172.583171, 14.853226, var=[-1, -1, -1]), GPS(-43.520613, 172.583164, 26.455853, var=[1.0, 1.0, 1.0]), 1.7531310033384715, OFFBOARD
05:33:17:860044, [5, 5, 5, 5]5, [14.19714276 -1.68406297 -0.26476799], GPS(-43.520615, 172.583176, -0.264768, var=[0.04380407710348109, 0.03895680195274254, 0.010458734078122792]), GPS(-43.520623, 172.583210, 0.000000, var=[-1.0, -1.0, -1.0]), [13.4821716  -1.65617594 26.43920339], GPS(-43.520615, 172.583176, 14.735232, var=[-1, -1, -1]), GPS(-43.520612, 172.583170, 26.448855, var=[1.0, 1.0, 1.0]), 2.883493377556003, OFFBOARD
05:33:18:185949, [5, 5, 5, 5]5, [14.44245336 -1.94725521 -0.32508512], GPS(-43.520618, 172.583179, -0.325085, var=[0.043123870538648766, 0.03783397341455013, 0.010187058641124357]), GPS(-43.520623, 172.583210, 0.000000, var=[-1.0, -1.0, -1.0]), [13.77511162 -1.60963811 26.458663  ], GPS(-43.520618, 172.583179, 14.674915, var=[-1, -1, -1]), GPS(-43.520613, 172.583172, 26.449855, var=[1.0, 1.0, 1.0]), 2.5841508212694038, OFFBOARD
05:33:18:895198, [5, 5, 5, 5]5, [14.86572803 -2.1430831  -0.32343212], GPS(-43.520619, 172.583184, -0.323432, var=[0.04485778258953739, 0.038792783937255736, 0.010591002733567645]), GPS(-43.520620, 172.583220, 0.000000, var=[-1.0, -1.0, -1.0]), [14.30974935 -1.65622343 26.46949187], GPS(-43.520619, 172.583184, 14.676568, var=[-1, -1, -1]), GPS(-43.520614, 172.583176, 26.463854, var=[1.0, 1.0, 1.0]), 2.892242200136506, OFFBOARD
05:33:19:226187, [5, 5, 5, 5]5, [15.09841351 -2.2914273  -0.31464987], GPS(-43.520621, 172.583187, -0.314650, var=[0.0439722923051935, 0.037816908954959476, 0.010287491082784504]), GPS(-43.520620, 172.583220, 0.000000, var=[-1.0, -1.0, -1.0]), [14.54140417 -1.6740521  26.48029493], GPS(-43.520621, 172.583187, 14.685350, var=[-1, -1, -1]), GPS(-43.520615, 172.583178, 26.461852, var=[1.0, 1.0, 1.0]), 2.659819287900134, OFFBOARD
05:33:19:983114, [5, 5, 5, 5]5, [15.75225076 -2.42743175 -0.40246106], GPS(-43.520622, 172.583195, -0.402461, var=[0.045298624990315124, 0.039055725126482296, 0.010665098960970482]), GPS(-43.520620, 172.583230, 0.000000, var=[-1.0, -1.0, -1.0]), [15.07508751 -1.73149225 26.50340125], GPS(-43.520622, 172.583195, 14.597539, var=[-1, -1, -1]), GPS(-43.520618, 172.583184, 26.451849, var=[1.0, 1.0, 1.0]), 2.828927578744882, OFFBOARD
05:33:20:358919, [5, 5, 5, 5]5, [16.06564706 -2.56900428 -0.37439323], GPS(-43.520623, 172.583199, -0.374393, var=[0.04419549246789185, 0.038215652924496336, 0.01036021167922589]), GPS(-43.520620, 172.583230, 0.000000, var=[-1.0, -1.0, -1.0]), [15.31188599 -1.78053622 26.49426323], GPS(-43.520623, 172.583199, 14.625607, var=[-1, -1, -1]), GPS(-43.520619, 172.583188, 26.450848, var=[1.0, 1.0, 1.0]), 2.5310953973231354, OFFBOARD
05:33:20:996055, [5, 5, 5, 5]5, [16.65782857 -2.76022566 -0.35063207], GPS(-43.520625, 172.583207, -0.350632, var=[0.0460234815059776, 0.040041859853384244, 0.01093155969743949]), GPS(-43.520620, 172.583240, 0.000000, var=[-1.0, -1.0, -1.0]), [15.77918134 -1.87104195 26.48262528], GPS(-43.520625, 172.583207, 14.649368, var=[-1, -1, -1]), GPS(-43.520621, 172.583193, 26.451847, var=[1.0, 1.0, 1.0]), 2.7686429155366095, OFFBOARD
05:33:21:419318, [5, 5, 5, 5]5, [17.0669542  -2.833685   -0.31326151], GPS(-43.520625, 172.583212, -0.313262, var=[0.045139331593694945, 0.03951614490749242, 0.010729611271828662]), GPS(-43.520620, 172.583240, 0.000000, var=[-1.0, -1.0, -1.0]), [16.05574437 -1.9543518  26.46152647], GPS(-43.520625, 172.583212, 14.686738, var=[-1, -1, -1]), GPS(-43.520622, 172.583198, 26.456846, var=[1.0, 1.0, 1.0]), 2.3849975813833035, OFFBOARD
05:33:22:303633, [5, 5, 5, 5]5, [17.98468873 -2.88561922 -0.29505469], GPS(-43.520626, 172.583223, -0.295055, var=[0.04594493664751847, 0.04072021977589168, 0.011081147269622667]), GPS(-43.520628, 172.583243, 0.000000, var=[-1.0, -1.0, -1.0]), [16.71745787 -2.1510937  26.45549284], GPS(-43.520626, 172.583223, 14.704945, var=[-1, -1, -1]), GPS(-43.520624, 172.583208, 26.456844, var=[1.0, 1.0, 1.0]), 1.6827659289481864, OFFBOARD
05:33:22:739517, [5, 5, 5, 5]5, [18.35123291 -2.88173367 -0.2795998 ], GPS(-43.520626, 172.583228, -0.279600, var=[0.04521524532891001, 0.04013064915556274, 0.010879461905265802]), GPS(-43.520628, 172.583243, 0.000000, var=[-1.0, -1.0, -1.0]), [17.02024661 -2.2498194  26.4511679 ], GPS(-43.520626, 172.583228, 14.720400, var=[-1, -1, -1]), GPS(-43.520625, 172.583214, 26.457844, var=[1.0, 1.0, 1.0]), 1.3267894200587056, OFFBOARD
05:33:23:256399, [5, 5, 5, 5]5, [18.84512284 -2.82758565 -0.28494241], GPS(-43.520625, 172.583234, -0.284942, var=[0.04599398513787693, 0.04083613323735345, 0.011103049109494039]), GPS(-43.520628, 172.583243, 0.000000, var=[-1.0, -1.0, -1.0]), [17.44617467 -2.3788881  26.45879587], GPS(-43.520625, 172.583234, 14.715058, var=[-1, -1, -1]), GPS(-43.520626, 172.583220, 26.461845, var=[1.0, 1.0, 1.0]), 0.8865796171687881, OFFBOARD
05:33:23:586025, [5, 5, 5, 5]5, [19.1125029  -2.7935976  -0.23581212], GPS(-43.520625, 172.583237, -0.235812, var=[0.04494179265946825, 0.039805575295346535, 0.010760472440650783]), GPS(-43.520628, 172.583243, 0.000000, var=[-1.0, -1.0, -1.0]), [17.73292023 -2.44458793 26.4421037 ], GPS(-43.520625, 172.583237, 14.764188, var=[-1, -1, -1]), GPS(-43.520626, 172.583224, 26.458846, var=[1.0, 1.0, 1.0]), 0.6637976431568733, OFFBOARD
05:33:24:582894, [5, 5, 5, 5]5, [19.7367362  -2.74863155 -0.15529736], GPS(-43.520625, 172.583245, -0.155297, var=[0.04574357091738562, 0.04072322762528311, 0.010976646521541397]), GPS(-43.520628, 172.583243, 0.000000, var=[-1.0, -1.0, -1.0]), [18.58774531 -2.6238138  26.39476531], GPS(-43.520625, 172.583245, 14.844703, var=[-1, -1, -1]), GPS(-43.520625, 172.583236, 26.458848, var=[1.0, 1.0, 1.0]), 0.44636857485308795, OFFBOARD
05:33:24:981020, [5, 5, 5, 5]5, [19.79055195 -2.7393191  -0.15696185], GPS(-43.520625, 172.583245, -0.156962, var=[0.04449291909578137, 0.03998078905523783, 0.010687212608911518]), GPS(-43.520628, 172.583243, 0.000000, var=[-1.0, -1.0, -1.0]), [18.92924123 -2.68912162 26.40215133], GPS(-43.520625, 172.583245, 14.843038, var=[-1, -1, -1]), GPS(-43.520625, 172.583239, 26.462849, var=[1.0, 1.0, 1.0]), 0.47200597154780377, OFFBOARD
05:33:25:711561, [5, 5, 5, 5]5, [20.05186706 -2.89075776 -0.10892739], GPS(-43.520626, 172.583249, -0.108927, var=[0.04447211120968288, 0.040766252525095664, 0.010825490624797637]), GPS(-43.520628, 172.583242, 0.000000, var=[-1.0, -1.0, -1.0]), [19.56890226 -2.78557625 26.39496685], GPS(-43.520626, 172.583249, 14.891073, var=[-1, -1, -1]), GPS(-43.520624, 172.583245, 26.475851, var=[1.0, 1.0, 1.0]), 0.6323794120119627, OFFBOARD
05:33:25:963148, [5, 5, 5, 5]5, [20.08202797 -2.91823946 -0.07803358], GPS(-43.520626, 172.583249, -0.078034, var=[0.04237730749281925, 0.03910729963080557, 0.010279061601160728]), GPS(-43.520628, 172.583242, 0.000000, var=[-1.0, -1.0, -1.0]), [19.77290164 -2.81363056 26.40347372], GPS(-43.520626, 172.583249, 14.921966, var=[-1, -1, -1]), GPS(-43.520624, 172.583246, 26.479852, var=[1.0, 1.0, 1.0]), 0.6447233213799777, OFFBOARD
05:33:26:660005, [5, 5, 5, 5]5, [20.26863274 -3.05897085 -0.02513311], GPS(-43.520628, 172.583251, -0.025133, var=[0.043580896604125244, 0.040455079052738444, 0.01066913296119568]), GPS(-43.520628, 172.583242, 0.000000, var=[-1.0, -1.0, -1.0]), [20.31742654 -2.88835022 26.40388245], GPS(-43.520628, 172.583251, 14.974867, var=[-1, -1, -1]), GPS(-43.520625, 172.583249, 26.470852, var=[1.0, 1.0, 1.0]), 0.7886814021962086, OFFBOARD
05:33:27:088161, [5, 5, 5, 5]5, [ 2.02729092e+01 -3.15803504e+00 -1.81065754e-02], GPS(-43.520628, 172.583251, -0.018107, var=[0.04273332754306859, 0.03976475456786479, 0.010454980539110233]), GPS(-43.520628, 172.583242, 0.000000, var=[-1.0, -1.0, -1.0]), [20.58544771 -2.91319785 26.42404722], GPS(-43.520628, 172.583251, 14.981893, var=[-1, -1, -1]), GPS(-43.520625, 172.583250, 26.471851, var=[1.0, 1.0, 1.0]), 0.7874667847340374, OFFBOARD
05:33:27:912282, [5, 5, 5, 5]5, [ 2.03255439e+01 -3.35545475e+00 -4.07183917e-03], GPS(-43.520630, 172.583252, -0.004072, var=[0.04256318479781578, 0.03995165931533524, 0.010536830749055126]), GPS(-43.520628, 172.583242, 0.000000, var=[-1.0, -1.0, -1.0]), [21.10261664 -2.99099018 26.45235326], GPS(-43.520630, 172.583252, 14.995928, var=[-1, -1, -1]), GPS(-43.520627, 172.583252, 26.479849, var=[1.0, 1.0, 1.0]), 0.8645079654012346, OFFBOARD
05:33:28:218163, [5, 5, 5, 5]5, [ 2.03288967e+01 -3.40503223e+00 -1.37235563e-02], GPS(-43.520631, 172.583252, -0.013724, var=[0.0412878266841458, 0.038734857390008086, 0.01016719254005919]), GPS(-43.520628, 172.583242, 0.000000, var=[-1.0, -1.0, -1.0]), [21.23441832 -3.02604304 26.46521735], GPS(-43.520631, 172.583252, 14.986276, var=[-1, -1, -1]), GPS(-43.520628, 172.583252, 26.484848, var=[1.0, 1.0, 1.0]), 0.8808897249923231, OFFBOARD
05:33:28:869761, [5, 5, 5, 5]5, [20.44421567 -3.47606429 -0.02751606], GPS(-43.520631, 172.583254, -0.027516, var=[0.04274117481676695, 0.0401390921834648, 0.010628759623278014]), GPS(-43.520628, 172.583242, 0.000000, var=[-1.0, -1.0, -1.0]), [21.55731245 -3.10802924 26.4755137 ], GPS(-43.520631, 172.583254, 14.972484, var=[-1, -1, -1]), GPS(-43.520629, 172.583252, 26.491846, var=[1.0, 1.0, 1.0]), 1.0126758464945267, OFFBOARD
05:33:29:275498, [5, 5, 5, 5]5, [20.49946543 -3.49401288 -0.04187935], GPS(-43.520631, 172.583254, -0.041879, var=[0.042111758977027916, 0.03951792152858271, 0.010429094313606998]), GPS(-43.520628, 172.583242, 0.000000, var=[-1.0, -1.0, -1.0]), [21.67201065 -3.17256469 26.47724873], GPS(-43.520631, 172.583254, 14.958121, var=[-1, -1, -1]), GPS(-43.520630, 172.583252, 26.498844, var=[1.0, 1.0, 1.0]), 1.0712080897853609, OFFBOARD
05:33:30:192771, [5, 5, 5, 5]5, [20.66210691 -3.50429649 -0.06665691], GPS(-43.520632, 172.583256, -0.066657, var=[0.042004641629681656, 0.03947699579866127, 0.010435481392595052]), GPS(-43.520628, 172.583242, 0.000000, var=[-1.0, -1.0, -1.0]), [21.92976841 -3.31906019 26.47697607], GPS(-43.520632, 172.583256, 14.933343, var=[-1, -1, -1]), GPS(-43.520631, 172.583253, 26.510843, var=[1.0, 1.0, 1.0]), 1.2302696678033938, OFFBOARD
05:33:30:509475, [5, 5, 5, 5]5, [20.69112852 -3.48813498 -0.06318646], GPS(-43.520631, 172.583257, -0.063186, var=[0.04074565575715498, 0.03834500944361738, 0.010079891788600486]), GPS(-43.520628, 172.583242, 0.000000, var=[-1.0, -1.0, -1.0]), [21.94794927 -3.36777831 26.47103321], GPS(-43.520631, 172.583257, 14.936814, var=[-1, -1, -1]), GPS(-43.520631, 172.583254, 26.514843, var=[1.0, 1.0, 1.0]), 1.2534210990077967, OFFBOARD
05:33:31:408870, [5, 5, 5, 5]5, [20.90531006 -3.44992245 -0.07010412], GPS(-43.520631, 172.583259, -0.070104, var=[0.04182875153748778, 0.039578066257758324, 0.010463343139074738]), GPS(-43.520628, 172.583242, 0.000000, var=[-1.0, -1.0, -1.0]), [22.17572209 -3.49468621 26.47600163], GPS(-43.520631, 172.583259, 14.929896, var=[-1, -1, -1]), GPS(-43.520631, 172.583256, 26.526843, var=[1.0, 1.0, 1.0]), 1.452544290575086, OFFBOARD
05:33:31:783258, [5, 5, 5, 5]5, [20.95759337 -3.42320555 -0.05995024], GPS(-43.520631, 172.583260, -0.059950, var=[0.04099404225262335, 0.038904609110129725, 0.010246075551519504]), GPS(-43.520628, 172.583242, 0.000000, var=[-1.0, -1.0, -1.0]), [22.19704346 -3.53509819 26.47746115], GPS(-43.520631, 172.583260, 14.940050, var=[-1, -1, -1]), GPS(-43.520631, 172.583257, 26.522843, var=[1.0, 1.0, 1.0]), 1.4981517877911237, OFFBOARD
05:33:32:227934, [5, 5, 5, 5]5, [21.0907691  -3.40280738 -0.06286796], GPS(-43.520631, 172.583262, -0.062868, var=[0.04236193314554167, 0.040349225160881866, 0.010697721458294698]), GPS(-43.520627, 172.583243, 0.000000, var=[-1.0, -1.0, -1.0]), [22.32921638 -3.59010496 26.48451502], GPS(-43.520631, 172.583262, 14.937132, var=[-1, -1, -1]), GPS(-43.520631, 172.583258, 26.521844, var=[1.0, 1.0, 1.0]), 1.5357108194870246, OFFBOARD
05:33:32:575721, [5, 5, 5, 5]5, [21.09784002 -3.36870112 -0.05378863], GPS(-43.520630, 172.583262, -0.053789, var=[0.04088536234277729, 0.03904911369756621, 0.010278283997776796]), GPS(-43.520627, 172.583243, 0.000000, var=[-1.0, -1.0, -1.0]), [22.30089261 -3.60658488 26.48968495], GPS(-43.520630, 172.583262, 14.946211, var=[-1, -1, -1]), GPS(-43.520631, 172.583259, 26.518844, var=[1.0, 1.0, 1.0]), 1.5328110562646027, OFFBOARD
05:33:33:560597, [5, 5, 5, 5]5, [21.26618804 -3.3348532  -0.04406517], GPS(-43.520630, 172.583264, -0.044065, var=[0.041791866522995755, 0.040198704988063806, 0.010631451846172753]), GPS(-43.520627, 172.583242, 0.000000, var=[-1.0, -1.0, -1.0]), [22.44958541 -3.66486159 26.49773179], GPS(-43.520630, 172.583264, 14.955935, var=[-1, -1, -1]), GPS(-43.520630, 172.583261, 26.527846, var=[1.0, 1.0, 1.0]), 1.819002722464147, OFFBOARD
05:33:33:850028, [5, 5, 5, 5]5, [21.2223372  -3.32477612 -0.0338755 ], GPS(-43.520630, 172.583263, -0.033876, var=[0.04025638445512687, 0.03879949756823149, 0.010194339387410305]), GPS(-43.520627, 172.583242, 0.000000, var=[-1.0, -1.0, -1.0]), [22.41065141 -3.65696752 26.49817721], GPS(-43.520630, 172.583263, 14.966124, var=[-1, -1, -1]), GPS(-43.520630, 172.583262, 26.531846, var=[1.0, 1.0, 1.0]), 1.7738089575184364, OFFBOARD
05:33:34:565918, [5, 5, 5, 5]5, [21.32047759 -3.30515558 -0.0343176 ], GPS(-43.520630, 172.583264, -0.034318, var=[0.04165925964742675, 0.040305907518502264, 0.010674674806551411]), GPS(-43.520627, 172.583242, 0.000000, var=[-1.0, -1.0, -1.0]), [22.52035947 -3.67717591 26.50224709], GPS(-43.520630, 172.583264, 14.965682, var=[-1, -1, -1]), GPS(-43.520629, 172.583263, 26.522847, var=[1.0, 1.0, 1.0]), 1.8663347871775957, OFFBOARD
05:33:34:985435, [5, 5, 5, 5]5, [21.30995022 -3.28607419 -0.02681815], GPS(-43.520630, 172.583264, -0.026818, var=[0.04081429580631175, 0.03954943359672019, 0.010438036071386827]), GPS(-43.520627, 172.583242, 0.000000, var=[-1.0, -1.0, -1.0]), [22.50571907 -3.66471814 26.50169861], GPS(-43.520630, 172.583264, 14.973182, var=[-1, -1, -1]), GPS(-43.520629, 172.583263, 26.519847, var=[1.0, 1.0, 1.0]), 1.8524624809361772, OFFBOARD
05:33:35:673238, [5, 5, 5, 5]5, [ 2.13083116e+01 -3.27709590e+00 -1.16284503e-02], GPS(-43.520629, 172.583264, -0.011628, var=[0.040859256225846866, 0.039684584912925404, 0.010494892735850444]), GPS(-43.520625, 172.583245, 0.000000, var=[-1.0, -1.0, -1.0]), [22.53316995 -3.6536789  26.49654217], GPS(-43.520629, 172.583264, 14.988372, var=[-1, -1, -1]), GPS(-43.520629, 172.583264, 26.508848, var=[1.0, 1.0, 1.0]), 1.6315135442820683, OFFBOARD
05:33:36:087220, [5, 5, 5, 5]5, [ 2.12562955e+01 -3.28655047e+00 -1.20696976e-02], GPS(-43.520630, 172.583264, -0.012070, var=[0.04026654985129828, 0.0391491015730466, 0.010340523609388436]), GPS(-43.520625, 172.583245, 0.000000, var=[-1.0, -1.0, -1.0]), [22.51890465 -3.63700259 26.49811721], GPS(-43.520630, 172.583264, 14.987930, var=[-1, -1, -1]), GPS(-43.520629, 172.583264, 26.505848, var=[1.0, 1.0, 1.0]), 1.5850529271613325, OFFBOARD
05:33:36:944818, [5, 5, 5, 5]5, [ 2.12012896e+01 -3.29142219e+00 -1.54674808e-02], GPS(-43.520630, 172.583263, -0.015467, var=[0.040809052255773505, 0.039791704264784594, 0.010563389173336496]), GPS(-43.520625, 172.583250, 0.000000, var=[-1.0, -1.0, -1.0]), [22.53166259 -3.6202431  26.50221342], GPS(-43.520630, 172.583263, 14.984533, var=[-1, -1, -1]), GPS(-43.520629, 172.583264, 26.492848, var=[1.0, 1.0, 1.0]), 1.1624093271015667, OFFBOARD
05:33:37:324654, [5, 5, 5, 5]5, [21.14835368 -3.31289746 -0.02711038], GPS(-43.520630, 172.583262, -0.027110, var=[0.040264353448887055, 0.03930526873870174, 0.010415876704920331]), GPS(-43.520625, 172.583250, 0.000000, var=[-1.0, -1.0, -1.0]), [22.49476187 -3.60333815 26.50721464], GPS(-43.520630, 172.583262, 14.972890, var=[-1, -1, -1]), GPS(-43.520629, 172.583264, 26.491847, var=[1.0, 1.0, 1.0]), 1.1253574381437974, OFFBOARD
05:33:37:758144, [5, 5, 5, 5]5, [21.14852998 -3.31413984 -0.04283336], GPS(-43.520630, 172.583262, -0.042833, var=[0.04079314108025425, 0.039865695302010395, 0.010598458619886928]), GPS(-43.520627, 172.583252, 0.000000, var=[-1.0, -1.0, -1.0]), [22.49128984 -3.59647792 26.5119542 ], GPS(-43.520630, 172.583262, 14.957167, var=[-1, -1, -1]), GPS(-43.520629, 172.583263, 26.492847, var=[1.0, 1.0, 1.0]), 0.9258804130128715, OFFBOARD
05:33:38:160589, [5, 5, 5, 5]5, [21.15032798 -3.29398074 -0.04998644], GPS(-43.520630, 172.583262, -0.049986, var=[0.04034684871440855, 0.03949382854901859, 0.010474254352800775]), GPS(-43.520627, 172.583252, 0.000000, var=[-1.0, -1.0, -1.0]), [22.44315788 -3.58084188 26.51071811], GPS(-43.520630, 172.583262, 14.950014, var=[-1, -1, -1]), GPS(-43.520630, 172.583263, 26.489847, var=[1.0, 1.0, 1.0]), 0.920510467516509, OFFBOARD
05:33:38:810940, [5, 5, 5, 5]5, [21.2036901  -3.26692664 -0.05861934], GPS(-43.520629, 172.583263, -0.058619, var=[0.0410928432005453, 0.040362783543041764, 0.010742087594068146]), GPS(-43.520627, 172.583252, 0.000000, var=[-1.0, -1.0, -1.0]), [22.41009551 -3.56889978 26.50815194], GPS(-43.520629, 172.583263, 14.941381, var=[-1, -1, -1]), GPS(-43.520630, 172.583263, 26.480847, var=[1.0, 1.0, 1.0]), 0.9621185284296631, OFFBOARD
05:33:39:228862, [5, 5, 5, 5]5, [21.21810445 -3.21882379 -0.04613425], GPS(-43.520629, 172.583263, -0.046134, var=[0.04039304138956191, 0.039790086129227895, 0.010544953681976025]), GPS(-43.520627, 172.583252, 0.000000, var=[-1.0, -1.0, -1.0]), [22.34663549 -3.55001912 26.49884188], GPS(-43.520629, 172.583263, 14.953866, var=[-1, -1, -1]), GPS(-43.520630, 172.583262, 26.480847, var=[1.0, 1.0, 1.0]), 0.9613224945702821, OFFBOARD
05:33:40:015697, [5, 5, 5, 5]5, [ 2.12952618e+01 -3.20964563e+00 -1.15628325e-02], GPS(-43.520629, 172.583264, -0.011563, var=[0.041122288003322904, 0.04072305223473097, 0.010834105633972267]), GPS(-43.520627, 172.583253, 0.000000, var=[-1.0, -1.0, -1.0]), [22.28809338 -3.52797626 26.47689404], GPS(-43.520629, 172.583264, 14.988437, var=[-1, -1, -1]), GPS(-43.520629, 172.583263, 26.466847, var=[1.0, 1.0, 1.0]), 0.9026920592079759, OFFBOARD
05:33:40:360919, [5, 5, 5, 5]5, [ 2.13052328e+01 -3.19493871e+00 -6.61584675e-03], GPS(-43.520629, 172.583264, -0.006616, var=[0.04011237240745523, 0.03984906998848688, 0.010546920531213597]), GPS(-43.520627, 172.583253, 0.000000, var=[-1.0, -1.0, -1.0]), [22.21341114 -3.50592361 26.47178163], GPS(-43.520629, 172.583264, 14.993384, var=[-1, -1, -1]), GPS(-43.520629, 172.583263, 26.460848, var=[1.0, 1.0, 1.0]), 0.9084139786184111, OFFBOARD
05:33:41:039066, [5, 5, 5, 5]5, [ 2.13613670e+01 -3.20344979e+00  9.31138510e-03], GPS(-43.520629, 172.583265, 0.009311, var=[0.04016416781724084, 0.040057853457780915, 0.010617279234799885]), GPS(-43.520630, 172.583253, 0.000000, var=[-1.0, -1.0, -1.0]), [22.15116881 -3.48105573 26.46047485], GPS(-43.520629, 172.583265, 15.009311, var=[-1, -1, -1]), GPS(-43.520629, 172.583263, 26.451848, var=[1.0, 1.0, 1.0]), 0.9443655026339435, OFFBOARD
05:33:41:402069, [5, 5, 5, 5]5, [ 2.14038455e+01 -3.21809914e+00  5.68921440e-03], GPS(-43.520629, 172.583265, 0.005689, var=[0.03982593481112271, 0.03982431225327379, 0.010535437266924784]), GPS(-43.520630, 172.583253, 0.000000, var=[-1.0, -1.0, -1.0]), [22.09521811 -3.45506284 26.45954431], GPS(-43.520629, 172.583265, 15.005689, var=[-1, -1, -1]), GPS(-43.520629, 172.583264, 26.451849, var=[1.0, 1.0, 1.0]), 0.9845536561332353, OFFBOARD
05:33:42:548617, [5, 5, 5, 5]5, [ 2.14722234e+01 -3.23071743e+00 -6.89161713e-03], GPS(-43.520629, 172.583266, -0.006892, var=[0.04012827761904438, 0.040302089646553726, 0.010675926221224274]), GPS(-43.520635, 172.583255, 0.000000, var=[-1.0, -1.0, -1.0]), [21.99229494 -3.39567051 26.45189982], GPS(-43.520629, 172.583266, 14.993108, var=[-1, -1, -1]), GPS(-43.520629, 172.583265, 26.444849, var=[1.0, 1.0, 1.0]), 1.125999478518361, OFFBOARD
05:33:42:667979, [5, 5, 5, 5]5, [ 2.14745904e+01 -3.23636235e+00 -1.18531200e-02], GPS(-43.520629, 172.583266, -0.011853, var=[0.03985689311227496, 0.040037836713102015, 0.010591114873392619]), GPS(-43.520635, 172.583255, 0.000000, var=[-1.0, -1.0, -1.0]), [21.98079439 -3.3899294  26.45334347], GPS(-43.520629, 172.583266, 14.988147, var=[-1, -1, -1]), GPS(-43.520629, 172.583265, 26.442849, var=[1.0, 1.0, 1.0]), 1.1246583628851805, OFFBOARD
05:33:43:399515, [5, 5, 5, 5]5, [ 2.14997004e+01 -3.31002204e+00 -7.83742861e-03], GPS(-43.520630, 172.583267, -0.007837, var=[0.04012644192678102, 0.040327964811412945, 0.0106849063068089]), GPS(-43.520642, 172.583270, 0.000000, var=[-1.0, -1.0, -1.0]), [21.93643038 -3.36179329 26.44349609], GPS(-43.520630, 172.583267, 14.992163, var=[-1, -1, -1]), GPS(-43.520629, 172.583266, 26.426849, var=[1.0, 1.0, 1.0]), 1.3504935107104885, OFFBOARD
05:33:43:764227, [5, 5, 5, 5]5, [21.54796263 -3.51130323 -0.06319563], GPS(-43.520632, 172.583267, -0.063196, var=[0.039287419799431005, 0.03936077815885073, 0.010415390287493602]), GPS(-43.520642, 172.583270, 0.000000, var=[-1.0, -1.0, -1.0]), [21.90169414 -3.32330674 26.47332179], GPS(-43.520632, 172.583267, 14.936804, var=[-1, -1, -1]), GPS(-43.520629, 172.583266, 26.424849, var=[1.0, 1.0, 1.0]), 1.1453675775929377, OFFBOARD
05:33:44:420950, [5, 5, 5, 5]5, [21.62228187 -3.71304988 -0.0743681 ], GPS(-43.520633, 172.583268, -0.074368, var=[0.04019570503578015, 0.03991710363527639, 0.010704131326439974]), GPS(-43.520652, 172.583302, 0.000000, var=[-1.0, -1.0, -1.0]), [21.88013175 -3.31707719 26.48661934], GPS(-43.520633, 172.583268, 14.925632, var=[-1, -1, -1]), GPS(-43.520630, 172.583267, 26.421848, var=[1.0, 1.0, 1.0]), 3.381016569649032, OFFBOARD
05:33:44:724901, [5, 5, 5, 5]5, [21.83297074 -4.35083189 -0.14992057], GPS(-43.520639, 172.583271, -0.149921, var=[0.038853321934260734, 0.037678502962234205, 0.010294757029315874]), GPS(-43.520652, 172.583302, 0.000000, var=[-1.0, -1.0, -1.0]), [21.8152687  -3.205387   26.60105469], GPS(-43.520639, 172.583271, 14.850079, var=[-1, -1, -1]), GPS(-43.520630, 172.583267, 26.420847, var=[1.0, 1.0, 1.0]), 2.8581749204868077, OFFBOARD
05:33:45:571872, [5, 5, 5, 5]5, [22.18953488 -4.95567665 -0.18205803], GPS(-43.520645, 172.583275, -0.182058, var=[0.03809509831723461, 0.034566017977972395, 0.010264803944975007]), GPS(-43.520665, 172.583325, 0.000000, var=[-1.0, -1.0, -1.0]), [21.80058043 -3.24994589 26.70244873], GPS(-43.520645, 172.583275, 14.817942, var=[-1, -1, -1]), GPS(-43.520634, 172.583269, 26.434841, var=[1.0, 1.0, 1.0]), 4.617156357271583, OFFBOARD
05:33:45:973216, [5, 5, 5, 5]5, [22.56098536 -5.39608323 -0.21420775], GPS(-43.520649, 172.583280, -0.214208, var=[0.03735205620683002, 0.03421719307240612, 0.010118842077936178]), GPS(-43.520665, 172.583325, 0.000000, var=[-1.0, -1.0, -1.0]), [21.77507907 -3.31357842 26.82083048], GPS(-43.520649, 172.583280, 14.785792, var=[-1, -1, -1]), GPS(-43.520637, 172.583271, 26.441836, var=[1.0, 1.0, 1.0]), 4.083944019054479, OFFBOARD
05:33:46:423416, [5, 5, 5, 5]5, [23.0637371  -5.7234363  -0.22809728], GPS(-43.520651, 172.583286, -0.228097, var=[0.03743575736145816, 0.034990097376438184, 0.010405924081593548]), GPS(-43.520673, 172.583338, 0.000000, var=[-1.0, -1.0, -1.0]), [21.79815849 -3.39663956 26.89598263], GPS(-43.520651, 172.583286, 14.771903, var=[-1, -1, -1]), GPS(-43.520641, 172.583274, 26.443831, var=[1.0, 1.0, 1.0]), 4.872125172857404, OFFBOARD
05:33:46:788722, [5, 5, 5, 5]5, [23.63081127 -6.09347341 -0.22822827], GPS(-43.520655, 172.583293, -0.228228, var=[0.0359375925207078, 0.0350909933043467, 0.010415849049259815]), GPS(-43.520682, 172.583352, 0.000000, var=[-1.0, -1.0, -1.0]), [21.87209544 -3.55141754 26.96274972], GPS(-43.520655, 172.583293, 14.771772, var=[-1, -1, -1]), GPS(-43.520644, 172.583277, 26.443826, var=[1.0, 1.0, 1.0]), 5.594205794484542, OFFBOARD
05:33:47:712286, [5, 5, 5, 5]5, [25.40596287 -7.17112371 -0.05470667], GPS(-43.520664, 172.583315, -0.054707, var=[0.03197226685908451, 0.03600609659341391, 0.010914538677440485]), GPS(-43.520687, 172.583365, 0.000000, var=[-1.0, -1.0, -1.0]), [22.19643254 -3.99135664 27.19053879], GPS(-43.520664, 172.583315, 14.945293, var=[-1, -1, -1]), GPS(-43.520652, 172.583289, 26.441816, var=[1.0, 1.0, 1.0]), 4.719819382644362, OFFBOARD
05:33:48:102670, [5, 5, 5, 5]5, [25.92483242 -7.67576915 -0.08472712], GPS(-43.520669, 172.583322, -0.084727, var=[0.03160054902268382, 0.03578525597025308, 0.010901622952028062]), GPS(-43.520687, 172.583365, 0.000000, var=[-1.0, -1.0, -1.0]), [22.40912237 -4.26792334 27.11521075], GPS(-43.520669, 172.583322, 14.915273, var=[-1, -1, -1]), GPS(-43.520656, 172.583296, 26.441812, var=[1.0, 1.0, 1.0]), 4.017473517221738, OFFBOARD
05:33:48:927541, [5, 5, 5, 5]5, [ 2.71754131e+01 -8.62524820e+00 -5.23082666e-04], GPS(-43.520678, 172.583337, -0.000523, var=[0.03268320136066654, 0.03678241812464867, 0.011443740679865852]), GPS(-43.520690, 172.583370, 0.000000, var=[-1.0, -1.0, -1.0]), [23.01001165 -4.89520403 26.95785818], GPS(-43.520678, 172.583337, 14.999477, var=[-1, -1, -1]), GPS(-43.520664, 172.583313, 26.444803, var=[1.0, 1.0, 1.0]), 2.99580653213963, OFFBOARD
05:33:49:279931, [5, 5, 5, 5]5, [27.88673574 -9.13904356  0.07292667], GPS(-43.520682, 172.583346, 0.072927, var=[0.03210472867554075, 0.0360518831964614, 0.0112578769766478]), GPS(-43.520690, 172.583370, 0.000000, var=[-1.0, -1.0, -1.0]), [23.41154871 -5.25974208 26.83569242], GPS(-43.520682, 172.583346, 15.072927, var=[-1, -1, -1]), GPS(-43.520667, 172.583320, 26.449799, var=[1.0, 1.0, 1.0]), 2.1327319830567126, OFFBOARD
05:33:49:940043, [5, 5, 5, 5]5, [29.07120871 -9.91530924  0.19315587], GPS(-43.520689, 172.583361, 0.193156, var=[0.033546629876634884, 0.03795659993673722, 0.01220413307205115]), GPS(-43.520690, 172.583368, 0.000000, var=[-1.0, -1.0, -1.0]), [23.95645979 -5.7454662  26.70699705], GPS(-43.520689, 172.583361, 15.193156, var=[-1, -1, -1]), GPS(-43.520675, 172.583334, 26.448403, var=[1.0, 1.0, 1.0]), 0.6631575704919551, OFFBOARD
05:33:50:271976, [5, 5, 5, 5]5, [ 29.92915606 -10.47602769   0.38162468], GPS(-43.520694, 172.583371, 0.381625, var=[0.032753165989019666, 0.03746579449204001, 0.012181065826367413]), GPS(-43.520690, 172.583368, 0.000000, var=[-1.0, -1.0, -1.0]), [24.60085791 -6.247895   26.51780111], GPS(-43.520694, 172.583371, 15.381625, var=[-1, -1, -1]), GPS(-43.520679, 172.583341, 26.444398, var=[1.0, 1.0, 1.0]), 0.6466412674370134, OFFBOARD
05:33:50:901501, [5, 5, 5, 5]5, [ 31.07792985 -11.12275011   0.54309255], GPS(-43.520700, 172.583385, 0.543093, var=[0.03380630749734079, 0.03902481624401457, 0.013103756239108314]), GPS(-43.520690, 172.583368, 0.000000, var=[-1.0, -1.0, -1.0]), [25.45600271 -6.94073246 26.17026898], GPS(-43.520700, 172.583385, 15.543093, var=[-1, -1, -1]), GPS(-43.520686, 172.583355, 26.443389, var=[1.0, 1.0, 1.0]), 1.8548386886948558, OFFBOARD
05:33:51:319149, [5, 5, 5, 5]5, [ 31.92981041 -11.49337065   0.7332248 ], GPS(-43.520703, 172.583396, 0.733225, var=[0.03383240249706194, 0.03892015726904322, 0.013276787668902276]), GPS(-43.520690, 172.583368, 0.000000, var=[-1.0, -1.0, -1.0]), [26.14411083 -7.4313562  25.93363999], GPS(-43.520703, 172.583396, 15.733225, var=[-1, -1, -1]), GPS(-43.520691, 172.583366, 26.445384, var=[1.0, 1.0, 1.0]), 2.778914492853642, OFFBOARD
STOP: 10/01/2021 05:33:52:293832
