START: 09/30/2021 20:50:50:187828
TIME,            STATES_LIST,          TARGET_FILT_CART,          TARGET_FILT_GPS,          TARGET_REAL_GPS,          TX_FILT_CART,          TX_FILT_GPS,          TX_REAL_GPS,          MULTILATERATION_ERROR,          MODE,          
20:51:14:951016, [1, 1, 1, 1]1, None, GPS(-43.520600, 172.583000, 0.000000, var=[-1.0, -1.0, -1.0]), GPS(-43.520600, 172.583000, 0.000000, var=[-1.0, -1.0, -1.0]), None, GPS(-43.520600, 172.583000, 15.000000, var=[-1, -1, -1]), GPS(-43.520600, 172.583000, 26.560840, var=[1.0, 1.0, 1.0]), 0.0, OFFBOARD
20:51:15:645167, [1, 1, 1, 1]1, None, GPS(-43.520600, 172.583000, 0.000000, var=[-1.0, -1.0, -1.0]), GPS(-43.520600, 172.583000, 0.000000, var=[-1.0, -1.0, -1.0]), None, GPS(-43.520600, 172.583000, 15.000000, var=[-1, -1, -1]), GPS(-43.520600, 172.583000, 26.553840, var=[1.0, 1.0, 1.0]), 0.0, OFFBOARD
20:51:16:645884, [2, 2, 2, 2]1, None, GPS(-43.520600, 172.583000, 0.000000, var=[-1.0, -1.0, -1.0]), GPS(-43.520600, 172.583000, 0.000000, var=[-1.0, -1.0, -1.0]), None, GPS(-43.520600, 172.583000, 15.000000, var=[-1, -1, -1]), GPS(-43.520600, 172.583000, 26.557840, var=[1.0, 1.0, 1.0]), 0.0, OFFBOARD
20:51:17:646366, [2, 2, 2, 2]1, None, GPS(-43.520600, 172.583000, 0.000000, var=[-1.0, -1.0, -1.0]), GPS(-43.520600, 172.583000, 0.000000, var=[-1.0, -1.0, -1.0]), None, GPS(-43.520600, 172.583000, 15.000000, var=[-1, -1, -1]), GPS(-43.520600, 172.583000, 26.562840, var=[1.0, 1.0, 1.0]), 0.0, OFFBOARD
20:51:18:646739, [2, 2, 2, 2]1, None, GPS(-43.520600, 172.583000, 0.000000, var=[-1.0, -1.0, -1.0]), GPS(-43.520600, 172.583000, 0.000000, var=[-1.0, -1.0, -1.0]), None, GPS(-43.520600, 172.583000, 15.000000, var=[-1, -1, -1]), GPS(-43.520600, 172.583000, 26.565840, var=[1.0, 1.0, 1.0]), 0.0, OFFBOARD
20:51:19:647221, [2, 2, 2, 2]1, None, GPS(-43.520600, 172.583000, 0.000000, var=[-1.0, -1.0, -1.0]), GPS(-43.520600, 172.583000, 0.000000, var=[-1.0, -1.0, -1.0]), None, GPS(-43.520600, 172.583000, 15.000000, var=[-1, -1, -1]), GPS(-43.520600, 172.583000, 26.570840, var=[1.0, 1.0, 1.0]), 0.0, OFFBOARD
20:51:20:648622, [2, 2, 2, 2]1, None, GPS(-43.520600, 172.583000, 0.000000, var=[-1.0, -1.0, -1.0]), GPS(-43.520600, 172.583000, 0.000000, var=[-1.0, -1.0, -1.0]), None, GPS(-43.520600, 172.583000, 15.000000, var=[-1, -1, -1]), GPS(-43.520600, 172.583000, 26.572840, var=[1.0, 1.0, 1.0]), 0.0, OFFBOARD
20:51:20:747784, [2, 2, 2, 2]1, None, GPS(-43.520600, 172.583000, 0.000000, var=[-1.0, -1.0, -1.0]), GPS(-43.520600, 172.583000, 0.000000, var=[-1.0, -1.0, -1.0]), None, GPS(-43.520600, 172.583000, 15.000000, var=[-1, -1, -1]), GPS(-43.520600, 172.583000, 26.574840, var=[1.0, 1.0, 1.0]), 0.0, OFFBOARD
20:51:21:748731, [2, 2, 2, 2]1, None, GPS(-43.520600, 172.583000, 0.000000, var=[-1.0, -1.0, -1.0]), GPS(-43.520600, 172.583000, 0.000000, var=[-1.0, -1.0, -1.0]), None, GPS(-43.520600, 172.583000, 15.000000, var=[-1, -1, -1]), GPS(-43.520600, 172.583000, 26.575840, var=[1.0, 1.0, 1.0]), 0.0, OFFBOARD
20:51:21:848791, [2, 2, 2, 2]1, None, GPS(-43.520600, 172.583000, 0.000000, var=[-1.0, -1.0, -1.0]), GPS(-43.520600, 172.583000, 0.000000, var=[-1.0, -1.0, -1.0]), None, GPS(-43.520600, 172.583000, 15.000000, var=[-1, -1, -1]), GPS(-43.520600, 172.583000, 26.581840, var=[1.0, 1.0, 1.0]), 0.0, OFFBOARD
20:51:22:850041, [2, 2, 2, 2]1, None, GPS(-43.520600, 172.583000, 0.000000, var=[-1.0, -1.0, -1.0]), GPS(-43.520600, 172.583000, 0.000000, var=[-1.0, -1.0, -1.0]), None, GPS(-43.520600, 172.583000, 15.000000, var=[-1, -1, -1]), GPS(-43.520600, 172.583000, 26.577840, var=[1.0, 1.0, 1.0]), 0.0, OFFBOARD
20:51:22:949783, [2, 2, 2, 2]1, None, GPS(-43.520600, 172.583000, 0.000000, var=[-1.0, -1.0, -1.0]), GPS(-43.520600, 172.583000, 0.000000, var=[-1.0, -1.0, -1.0]), None, GPS(-43.520600, 172.583000, 15.000000, var=[-1, -1, -1]), GPS(-43.520600, 172.583000, 26.574840, var=[1.0, 1.0, 1.0]), 0.0, OFFBOARD
20:51:23:951183, [2, 2, 2, 2]1, None, GPS(-43.520600, 172.583000, 0.000000, var=[-1.0, -1.0, -1.0]), GPS(-43.520600, 172.583000, 0.000000, var=[-1.0, -1.0, -1.0]), None, GPS(-43.520600, 172.583000, 15.000000, var=[-1, -1, -1]), GPS(-43.520599, 172.583000, 26.573840, var=[1.0, 1.0, 1.0]), 0.0, OFFBOARD
20:51:24:050597, [2, 2, 2, 2]1, None, GPS(-43.520600, 172.583000, 0.000000, var=[-1.0, -1.0, -1.0]), GPS(-43.520600, 172.583000, 0.000000, var=[-1.0, -1.0, -1.0]), None, GPS(-43.520600, 172.583000, 15.000000, var=[-1, -1, -1]), GPS(-43.520599, 172.583000, 26.572840, var=[1.0, 1.0, 1.0]), 0.0, OFFBOARD
20:51:25:050951, [2, 2, 2, 2]1, None, GPS(-43.520600, 172.583000, 0.000000, var=[-1.0, -1.0, -1.0]), GPS(-43.520600, 172.583000, 0.000000, var=[-1.0, -1.0, -1.0]), None, GPS(-43.520600, 172.583000, 15.000000, var=[-1, -1, -1]), GPS(-43.520600, 172.583000, 26.561840, var=[1.0, 1.0, 1.0]), 0.0, OFFBOARD
20:51:26:051441, [2, 2, 2, 2]1, None, GPS(-43.520600, 172.583000, 0.000000, var=[-1.0, -1.0, -1.0]), GPS(-43.520600, 172.583000, 0.000000, var=[-1.0, -1.0, -1.0]), None, GPS(-43.520600, 172.583000, 15.000000, var=[-1, -1, -1]), GPS(-43.520600, 172.583000, 26.548840, var=[1.0, 1.0, 1.0]), 0.0, OFFBOARD
20:51:27:051760, [2, 2, 2, 2]1, None, GPS(-43.520600, 172.583000, 0.000000, var=[-1.0, -1.0, -1.0]), GPS(-43.520600, 172.583000, 0.000000, var=[-1.0, -1.0, -1.0]), None, GPS(-43.520600, 172.583000, 15.000000, var=[-1, -1, -1]), GPS(-43.520600, 172.583000, 26.554840, var=[1.0, 1.0, 1.0]), 0.0, OFFBOARD
20:51:28:052227, [2, 2, 2, 2]1, None, GPS(-43.520600, 172.583000, 0.000000, var=[-1.0, -1.0, -1.0]), GPS(-43.520600, 172.583000, 0.000000, var=[-1.0, -1.0, -1.0]), None, GPS(-43.520600, 172.583000, 15.000000, var=[-1, -1, -1]), GPS(-43.520600, 172.583000, 26.544840, var=[1.0, 1.0, 1.0]), 0.0, OFFBOARD
20:51:29:053113, [2, 2, 2, 2]1, None, GPS(-43.520600, 172.583000, 0.000000, var=[-1.0, -1.0, -1.0]), GPS(-43.520600, 172.583000, 0.000000, var=[-1.0, -1.0, -1.0]), None, GPS(-43.520600, 172.583000, 15.000000, var=[-1, -1, -1]), GPS(-43.520600, 172.583000, 26.540840, var=[1.0, 1.0, 1.0]), 0.0, OFFBOARD
20:51:30:053390, [2, 2, 2, 2]1, None, GPS(-43.520600, 172.583000, 0.000000, var=[-1.0, -1.0, -1.0]), GPS(-43.520600, 172.583000, 0.000000, var=[-1.0, -1.0, -1.0]), None, GPS(-43.520600, 172.583000, 15.000000, var=[-1, -1, -1]), GPS(-43.520600, 172.583000, 26.540839, var=[1.0, 1.0, 1.0]), 0.0, OFFBOARD
20:51:30:153923, [2, 2, 2, 2]1, None, GPS(-43.520600, 172.583000, 0.000000, var=[-1.0, -1.0, -1.0]), GPS(-43.520600, 172.583000, 0.000000, var=[-1.0, -1.0, -1.0]), None, GPS(-43.520600, 172.583000, 15.000000, var=[-1, -1, -1]), GPS(-43.520600, 172.583000, 26.538839, var=[1.0, 1.0, 1.0]), 0.0, OFFBOARD
20:51:31:154298, [2, 3, 2, 2]1, None, GPS(-43.520600, 172.583000, 0.000000, var=[-1.0, -1.0, -1.0]), GPS(-43.520600, 172.583000, 0.000000, var=[-1.0, -1.0, -1.0]), None, GPS(-43.520600, 172.583000, 15.000000, var=[-1, -1, -1]), GPS(-43.520600, 172.583000, 26.546839, var=[1.0, 1.0, 1.0]), 0.0, OFFBOARD
20:51:32:155909, [2, 3, 2, 2]2, None, GPS(-43.520600, 172.583000, 0.000000, var=[-1.0, -1.0, -1.0]), GPS(-43.520600, 172.583000, 0.000000, var=[-1.0, -1.0, -1.0]), None, GPS(-43.520600, 172.583000, 15.000000, var=[-1, -1, -1]), GPS(-43.520600, 172.583000, 26.527839, var=[1.0, 1.0, 1.0]), 0.0, OFFBOARD
20:51:32:156208, [3, 3, 3, 2]2, None, GPS(-43.520600, 172.583000, 0.000000, var=[-1.0, -1.0, -1.0]), GPS(-43.520600, 172.583000, 0.000000, var=[-1.0, -1.0, -1.0]), None, GPS(-43.520600, 172.583000, 15.000000, var=[-1, -1, -1]), GPS(-43.520600, 172.583000, 26.527839, var=[1.0, 1.0, 1.0]), 0.0, OFFBOARD
20:51:33:155621, [3, 3, 3, 3]2, None, GPS(-43.520600, 172.583000, 0.000000, var=[-1.0, -1.0, -1.0]), GPS(-43.520600, 172.583000, 0.000000, var=[-1.0, -1.0, -1.0]), None, GPS(-43.520600, 172.583000, 15.000000, var=[-1, -1, -1]), GPS(-43.520600, 172.583000, 26.525839, var=[1.0, 1.0, 1.0]), 0.0, OFFBOARD
20:51:33:182053, [3, 3, 3, 3]2, None, GPS(-43.520600, 172.583000, 0.000000, var=[-1.0, -1.0, -1.0]), GPS(-43.520600, 172.583000, 0.000000, var=[-1.0, -1.0, -1.0]), None, GPS(-43.520600, 172.583000, 15.000000, var=[-1, -1, -1]), GPS(-43.520600, 172.583000, 26.525839, var=[1.0, 1.0, 1.0]), 0.0, OFFBOARD
20:51:34:181744, [3, 4, 3, 3]2, None, GPS(-43.520600, 172.583000, 0.000000, var=[-1.0, -1.0, -1.0]), GPS(-43.520600, 172.583000, 0.000000, var=[-1.0, -1.0, -1.0]), None, GPS(-43.520600, 172.583000, 15.000000, var=[-1, -1, -1]), GPS(-43.520600, 172.583000, 26.521839, var=[1.0, 1.0, 1.0]), 0.0, OFFBOARD
20:51:34:221512, [4, 4, 3, 3]2, None, GPS(-43.520600, 172.583000, 0.000000, var=[-1.0, -1.0, -1.0]), GPS(-43.520600, 172.583000, 0.000000, var=[-1.0, -1.0, -1.0]), None, GPS(-43.520600, 172.583000, 15.000000, var=[-1, -1, -1]), GPS(-43.520600, 172.583000, 26.522839, var=[1.0, 1.0, 1.0]), 0.0, OFFBOARD
20:51:35:223376, [4, 4, 4, 3]3, None, GPS(-43.520600, 172.583000, 0.000000, var=[-1.0, -1.0, -1.0]), GPS(-43.520600, 172.583000, 0.000000, var=[-1.0, -1.0, -1.0]), None, GPS(-43.520600, 172.583000, 15.000000, var=[-1, -1, -1]), GPS(-43.520600, 172.583000, 26.502839, var=[1.0, 1.0, 1.0]), 0.0, OFFBOARD
20:51:36:224562, [4, 4, 4, 4]3, None, GPS(-43.520600, 172.583000, 0.000000, var=[-1.0, -1.0, -1.0]), GPS(-43.520600, 172.583000, 0.000000, var=[-1.0, -1.0, -1.0]), None, GPS(-43.520600, 172.583000, 15.000000, var=[-1, -1, -1]), GPS(-43.520600, 172.583000, 26.484839, var=[1.0, 1.0, 1.0]), 0.0, OFFBOARD
20:51:36:327573, [4, 4, 4, 4]3, None, GPS(-43.520600, 172.583000, 0.000000, var=[-1.0, -1.0, -1.0]), GPS(-43.520600, 172.583000, 0.000000, var=[-1.0, -1.0, -1.0]), None, GPS(-43.520600, 172.583000, 15.000000, var=[-1, -1, -1]), GPS(-43.520600, 172.583000, 26.480839, var=[1.0, 1.0, 1.0]), 0.0, OFFBOARD
20:51:37:326602, [4, 4, 4, 4]3, None, GPS(-43.520600, 172.583000, 0.000000, var=[-1.0, -1.0, -1.0]), GPS(-43.520600, 172.583000, 0.000000, var=[-1.0, -1.0, -1.0]), None, GPS(-43.520600, 172.583000, 15.000000, var=[-1, -1, -1]), GPS(-43.520600, 172.583000, 26.462840, var=[1.0, 1.0, 1.0]), 0.0, OFFBOARD
20:51:37:432207, [4, 4, 4, 4]3, None, GPS(-43.520600, 172.583000, 0.000000, var=[-1.0, -1.0, -1.0]), GPS(-43.520600, 172.583000, 0.000000, var=[-1.0, -1.0, -1.0]), None, GPS(-43.520600, 172.583000, 15.000000, var=[-1, -1, -1]), GPS(-43.520600, 172.582999, 26.460840, var=[1.0, 1.0, 1.0]), 0.0, OFFBOARD
20:51:38:430556, [4, 4, 4, 4]3, None, GPS(-43.520600, 172.583000, 0.000000, var=[-1.0, -1.0, -1.0]), GPS(-43.520600, 172.583000, 0.000000, var=[-1.0, -1.0, -1.0]), None, GPS(-43.520600, 172.583000, 15.000000, var=[-1, -1, -1]), GPS(-43.520600, 172.582999, 26.444840, var=[1.0, 1.0, 1.0]), 0.0, OFFBOARD
20:51:38:537364, [4, 4, 4, 4]3, None, GPS(-43.520600, 172.583000, 0.000000, var=[-1.0, -1.0, -1.0]), GPS(-43.520600, 172.583000, 0.000000, var=[-1.0, -1.0, -1.0]), None, GPS(-43.520600, 172.583000, 15.000000, var=[-1, -1, -1]), GPS(-43.520600, 172.582999, 26.442840, var=[1.0, 1.0, 1.0]), 0.0, OFFBOARD
20:51:39:534754, [4, 4, 4, 4]3, None, GPS(-43.520600, 172.583000, 0.000000, var=[-1.0, -1.0, -1.0]), GPS(-43.520600, 172.583000, 0.000000, var=[-1.0, -1.0, -1.0]), None, GPS(-43.520600, 172.583000, 15.000000, var=[-1, -1, -1]), GPS(-43.520600, 172.582999, 26.424840, var=[1.0, 1.0, 1.0]), 0.0, OFFBOARD
20:51:39:639777, [4, 4, 4, 4]3, None, GPS(-43.520600, 172.583000, 0.000000, var=[-1.0, -1.0, -1.0]), GPS(-43.520600, 172.583000, 0.000000, var=[-1.0, -1.0, -1.0]), None, GPS(-43.520600, 172.583000, 15.000000, var=[-1, -1, -1]), GPS(-43.520600, 172.582999, 26.425840, var=[1.0, 1.0, 1.0]), 0.0, OFFBOARD
20:51:40:639290, [4, 4, 4, 4]3, None, GPS(-43.520600, 172.583000, 0.000000, var=[-1.0, -1.0, -1.0]), GPS(-43.520600, 172.583000, 0.000000, var=[-1.0, -1.0, -1.0]), None, GPS(-43.520600, 172.583000, 15.000000, var=[-1, -1, -1]), GPS(-43.520599, 172.582999, 26.414840, var=[1.0, 1.0, 1.0]), 0.0, OFFBOARD
20:51:40:960536, [4, 4, 4, 4]5, [ 0.00058665  0.02139617 -0.00939374], GPS(-43.520600, 172.583000, -0.009394, var=[0.0160848554566557, 0.016071466303857636, 0.0037209254383421386]), GPS(-43.520600, 172.583000, 0.000000, var=[-1.0, -1.0, -1.0]), [-0.04031725  0.06671902 26.41413957], GPS(-43.520600, 172.583000, 14.990606, var=[-1, -1, -1]), GPS(-43.520599, 172.582999, 26.413840, var=[1.0, 1.0, 1.0]), 0.023374829016439655, OFFBOARD
20:51:42:056878, [4, 5, 4, 4]5, [0.01131402 0.02298789 0.0271175 ], GPS(-43.520600, 172.583000, 0.027118, var=[0.2715918857350315, 0.2716198731919281, 0.0732777206097743]), GPS(-43.520600, 172.583000, 0.000000, var=[-1.0, -1.0, -1.0]), [-2.13650866e-02  4.64138178e-02  2.64178854e+01], GPS(-43.520600, 172.583000, 15.027118, var=[-1, -1, -1]), GPS(-43.520600, 172.583000, 26.425840, var=[1.0, 1.0, 1.0]), 0.03730696050082773, OFFBOARD
20:51:42:422492, [5, 5, 4, 4]5, [0.00875032 0.01672141 0.03059711], GPS(-43.520600, 172.583000, 0.030597, var=[0.23415675232245076, 0.23432479262599656, 0.057667329410431595]), GPS(-43.520600, 172.583000, 0.000000, var=[-1.0, -1.0, -1.0]), [-1.45406370e-02  3.96124609e-02  2.64248096e+01], GPS(-43.520600, 172.583000, 15.030597, var=[-1, -1, -1]), GPS(-43.520600, 172.583000, 26.428840, var=[1.0, 1.0, 1.0]), 0.03594936188625088, OFFBOARD
20:51:42:994986, [5, 5, 4, 5]5, [0.00534901 0.01500748 0.0333087 ], GPS(-43.520600, 172.583000, 0.033309, var=[0.23029253477804998, 0.23069306386597177, 0.05434023759699691]), GPS(-43.520600, 172.583000, 0.000000, var=[-1.0, -1.0, -1.0]), [-2.32733386e-03  2.82233510e-02  2.64299090e+01], GPS(-43.520600, 172.583000, 15.033309, var=[-1, -1, -1]), GPS(-43.520600, 172.583000, 26.425840, var=[1.0, 1.0, 1.0]), 0.0369229708888489, OFFBOARD
20:51:43:388465, [5, 5, 5, 5]5, [-0.00849093  0.00406263  0.02770582], GPS(-43.520600, 172.583000, 0.027706, var=[0.1864438875534481, 0.18693730335042708, 0.043145605398204084]), GPS(-43.520600, 172.583000, 0.000000, var=[-1.0, -1.0, -1.0]), [5.33280823e-03 2.07774950e-02 2.64298227e+01], GPS(-43.520600, 172.583000, 15.027706, var=[-1, -1, -1]), GPS(-43.520600, 172.583000, 26.417840, var=[1.0, 1.0, 1.0]), 0.029261121777726797, OFFBOARD
20:51:44:202796, [5, 5, 5, 5]5, [-0.0130021  -0.01451321  0.01583738], GPS(-43.520600, 172.583000, 0.015837, var=[0.1563791881718688, 0.15697857825661665, 0.03566636240506882]), GPS(-43.520600, 172.583000, 0.000000, var=[-1.0, -1.0, -1.0]), [1.78817389e-02 1.51081531e-02 2.64235764e+01], GPS(-43.520600, 172.583000, 15.015837, var=[-1, -1, -1]), GPS(-43.520600, 172.583000, 26.407840, var=[1.0, 1.0, 1.0]), 0.025109969284828504, OFFBOARD
20:51:44:566532, [5, 5, 5, 5]5, [-0.01206978 -0.01030813  0.01083591], GPS(-43.520600, 172.583000, 0.010836, var=[0.13139438957332442, 0.13193020430006794, 0.029851687615320775]), GPS(-43.520600, 172.583000, 0.000000, var=[-1.0, -1.0, -1.0]), [1.92574717e-02 1.35338794e-02 2.64205202e+01], GPS(-43.520600, 172.583000, 15.010836, var=[-1, -1, -1]), GPS(-43.520600, 172.583000, 26.408840, var=[1.0, 1.0, 1.0]), 0.019218589955835308, OFFBOARD
20:51:45:315544, [5, 5, 5, 5]5, [-0.01146214  0.00154944  0.00660935], GPS(-43.520600, 172.583000, 0.006609, var=[0.12488310931619102, 0.12543674281085007, 0.028300045595240447]), GPS(-43.520600, 172.583000, 0.000000, var=[-1.0, -1.0, -1.0]), [2.40894585e-02 8.81363235e-03 2.64184616e+01], GPS(-43.520600, 172.583000, 15.006609, var=[-1, -1, -1]), GPS(-43.520600, 172.583000, 26.405840, var=[1.0, 1.0, 1.0]), 0.013321599566004632, OFFBOARD
20:51:45:613622, [5, 5, 5, 5]5, [-0.00465236  0.00581803  0.00641147], GPS(-43.520600, 172.583000, 0.006411, var=[0.10620273175155223, 0.10668385077349184, 0.024028502819853904]), GPS(-43.520600, 172.583000, 0.000000, var=[-1.0, -1.0, -1.0]), [2.34517467e-02 9.46360463e-03 2.64152502e+01], GPS(-43.520600, 172.583000, 15.006411, var=[-1, -1, -1]), GPS(-43.520600, 172.583000, 26.406840, var=[1.0, 1.0, 1.0]), 0.009828576954106018, OFFBOARD
20:51:46:196923, [5, 5, 5, 5]5, [-0.00537507  0.00882811  0.0083727 ], GPS(-43.520600, 172.583000, 0.008373, var=[0.10133685220589718, 0.10180462404874381, 0.02292919488613568]), GPS(-43.520600, 172.583000, 0.000000, var=[-1.0, -1.0, -1.0]), [2.45030444e-02 7.33537256e-03 2.64131556e+01], GPS(-43.520600, 172.583000, 15.008373, var=[-1, -1, -1]), GPS(-43.520600, 172.583000, 26.415840, var=[1.0, 1.0, 1.0]), 0.013301461544674743, OFFBOARD
20:51:46:448178, [5, 5, 5, 5]5, [-0.00276675  0.00752325  0.01092189], GPS(-43.520600, 172.583000, 0.010922, var=[0.09157041032079775, 0.09199277737402502, 0.02070627104873803]), GPS(-43.520600, 172.583000, 0.000000, var=[-1.0, -1.0, -1.0]), [2.03368319e-02 7.76595838e-03 2.64134399e+01], GPS(-43.520600, 172.583000, 15.010922, var=[-1, -1, -1]), GPS(-43.520600, 172.583000, 26.421840, var=[1.0, 1.0, 1.0]), 0.013547760508564533, OFFBOARD
20:51:47:371971, [5, 5, 5, 5]5, [-0.00164093 -0.00394383  0.01265443], GPS(-43.520600, 172.583000, 0.012654, var=[0.08277790482332925, 0.08312579367366678, 0.01875607375050138]), GPS(-43.520600, 172.583000, 0.000000, var=[-1.0, -1.0, -1.0]), [9.40250784e-03 1.16824784e-02 2.64189642e+01], GPS(-43.520600, 172.583000, 15.012654, var=[-1, -1, -1]), GPS(-43.520600, 172.582999, 26.425840, var=[1.0, 1.0, 1.0]), 0.013355937504238611, OFFBOARD
20:51:47:769780, [5, 5, 5, 5]5, [-0.00428813 -0.00894231  0.01065857], GPS(-43.520600, 172.583000, 0.010659, var=[0.07573864281297484, 0.0760293330420729, 0.017163068253757425]), GPS(-43.520600, 172.583000, 0.000000, var=[-1.0, -1.0, -1.0]), [3.60447270e-03 1.73907142e-02 2.64219848e+01], GPS(-43.520600, 172.583000, 15.010659, var=[-1, -1, -1]), GPS(-43.520600, 172.583000, 26.427840, var=[1.0, 1.0, 1.0]), 0.014558782528208284, OFFBOARD
20:51:48:546893, [5, 5, 5, 5]5, [-0.00348501 -0.01725473  0.00626129], GPS(-43.520600, 172.583000, 0.006261, var=[0.07245192227796426, 0.0726742345699106, 0.01647973894424067]), GPS(-43.520600, 172.583000, 0.000000, var=[-1.0, -1.0, -1.0]), [-5.75756409e-05  2.50147044e-02  2.64278990e+01], GPS(-43.520600, 172.583000, 15.006261, var=[-1, -1, -1]), GPS(-43.520600, 172.583000, 26.431840, var=[1.0, 1.0, 1.0]), 0.018683545375175373, OFFBOARD
20:51:48:841172, [5, 5, 5, 5]5, [-0.00245909 -0.01959888  0.00670923], GPS(-43.520600, 172.583000, 0.006709, var=[0.06604900251763346, 0.06621749343155862, 0.015020722518283812]), GPS(-43.520600, 172.583000, 0.000000, var=[-1.0, -1.0, -1.0]), [-2.70673878e-03  2.86232814e-02  2.64299219e+01], GPS(-43.520600, 172.583000, 15.006709, var=[-1, -1, -1]), GPS(-43.520600, 172.583000, 26.437840, var=[1.0, 1.0, 1.0]), 0.02086090140967406, OFFBOARD
20:51:49:780275, [5, 5, 5, 5]5, [-0.00066477 -0.02543447  0.0072403 ], GPS(-43.520600, 172.583000, 0.007240, var=[0.06136094501648505, 0.06146090738266882, 0.01404771790575181]), GPS(-43.520600, 172.583000, 0.000000, var=[-1.0, -1.0, -1.0]), [-5.59125668e-03  2.69270380e-02  2.64375013e+01], GPS(-43.520600, 172.583000, 15.007240, var=[-1, -1, -1]), GPS(-43.520600, 172.583000, 26.448840, var=[1.0, 1.0, 1.0]), 0.026453280611152635, OFFBOARD
20:51:50:092225, [5, 5, 5, 5]5, [-0.00055783 -0.02528718  0.0070849 ], GPS(-43.520600, 172.583000, 0.007085, var=[0.057347189791639615, 0.05742402517192022, 0.01314551020880068]), GPS(-43.520600, 172.583000, 0.000000, var=[-1.0, -1.0, -1.0]), [-7.24581361e-03  2.31321999e-02  2.64405060e+01], GPS(-43.520600, 172.583000, 15.007085, var=[-1, -1, -1]), GPS(-43.520600, 172.583000, 26.447839, var=[1.0, 1.0, 1.0]), 0.026266873714818992, OFFBOARD
20:51:50:795464, [5, 5, 5, 5]5, [-0.00060989 -0.0255925   0.00554963], GPS(-43.520600, 172.583000, 0.005550, var=[0.056970420140713365, 0.05702947816534986, 0.013178753507343733]), GPS(-43.520600, 172.583000, 0.000000, var=[-1.0, -1.0, -1.0]), [-9.08461887e-03  1.51808542e-02  2.64439815e+01], GPS(-43.520600, 172.583000, 15.005550, var=[-1, -1, -1]), GPS(-43.520600, 172.583000, 26.436839, var=[1.0, 1.0, 1.0]), 0.026194402383817785, OFFBOARD
20:51:51:122896, [5, 5, 5, 5]5, [-0.00373244 -0.02196289  0.00338606], GPS(-43.520600, 172.583000, 0.003386, var=[0.05378287436021536, 0.053834801529809004, 0.012459317984767576]), GPS(-43.520600, 172.583000, 0.000000, var=[-1.0, -1.0, -1.0]), [-1.11528412e-02  8.54758772e-03  2.64450230e+01], GPS(-43.520600, 172.583000, 15.003386, var=[-1, -1, -1]), GPS(-43.520600, 172.583000, 26.434839, var=[1.0, 1.0, 1.0]), 0.022533647366572304, OFFBOARD
STOP: 09/30/2021 20:51:52:208896
