START: 09/30/2021 20:50:50:165068
TIME,            RX_ID,          STATE,          TIMESTAMP,          SEQ_NO,          RX_COORDS,          RANGE_READING,          TARGET_COORDS,          
20:51:14:855490, 1, 1, 1632988274.8325708, 0, GPS(-43.520555, 172.582938, 21.562899, var=[1.0, 1.0, 1.0]), 37.71456401865913, GPS(-43.520600, 172.583000, 0.000000, var=[-1.0, -1.0, -1.0])
20:51:14:855585, 3, 1, 1632988274.853934, 0, GPS(-43.520645, 172.582938, 21.575755, var=[1.0, 1.0, 1.0]), 37.70534210833789, GPS(-43.520600, 172.583000, 0.000000, var=[-1.0, -1.0, -1.0])
20:51:14:861205, 4, 1, 1632988274.8610692, 0, GPS(-43.520645, 172.583062, 21.567781, var=[1.0, 1.0, 1.0]), 37.686429253401315, GPS(-43.520600, 172.583000, 0.000000, var=[-1.0, -1.0, -1.0])
20:51:14:950901, 2, 1, 1632988274.9507527, 0, GPS(-43.520555, 172.583062, 21.556925, var=[1.0, 1.0, 1.0]), 37.69148720280031, GPS(-43.520600, 172.583000, 0.000000, var=[-1.0, -1.0, -1.0])
20:51:15:644906, 1, 1, 1632988275.644755, 1, GPS(-43.520555, 172.582938, 21.562899, var=[1.0, 1.0, 1.0]), 49.27050096013902, GPS(-43.520600, 172.583000, 0.000000, var=[-1.0, -1.0, -1.0])
20:51:15:644981, 4, 1, 1632988275.6447678, 1, GPS(-43.520645, 172.583062, 21.571781, var=[1.0, 1.0, 1.0]), 49.25354516361195, GPS(-43.520600, 172.583000, 0.000000, var=[-1.0, -1.0, -1.0])
20:51:15:645026, 2, 1, 1632988275.6447835, 1, GPS(-43.520555, 172.583062, 21.563925, var=[1.0, 1.0, 1.0]), 49.26009853454464, GPS(-43.520600, 172.583000, 0.000000, var=[-1.0, -1.0, -1.0])
20:51:15:645072, 3, 1, 1632988275.6447756, 1, GPS(-43.520645, 172.582938, 21.568755, var=[1.0, 1.0, 1.0]), 49.264450614401966, GPS(-43.520600, 172.583000, 0.000000, var=[-1.0, -1.0, -1.0])
20:51:16:645692, 1, 2, 1632988276.6455185, 2, GPS(-43.520555, 172.582938, 21.567899, var=[1.0, 1.0, 1.0]), 49.266461066059264, GPS(-43.520600, 172.583000, 0.000000, var=[-1.0, -1.0, -1.0])
20:51:16:645749, 4, 2, 1632988276.6455345, 2, GPS(-43.520645, 172.583062, 21.569781, var=[1.0, 1.0, 1.0]), 49.24952549001132, GPS(-43.520600, 172.583000, 0.000000, var=[-1.0, -1.0, -1.0])
20:51:16:645787, 3, 2, 1632988276.6455288, 2, GPS(-43.520645, 172.582938, 21.559755, var=[1.0, 1.0, 1.0]), 49.25313793047518, GPS(-43.520600, 172.583000, 0.000000, var=[-1.0, -1.0, -1.0])
20:51:16:645816, 2, 2, 1632988276.6455448, 2, GPS(-43.520555, 172.583062, 21.566925, var=[1.0, 1.0, 1.0]), 49.26128738524905, GPS(-43.520600, 172.583000, 0.000000, var=[-1.0, -1.0, -1.0])
20:51:17:646046, 1, 2, 1632988277.645882, 3, GPS(-43.520555, 172.582938, 21.578899, var=[1.0, 1.0, 1.0]), 49.279102649405786, GPS(-43.520600, 172.583000, 0.000000, var=[-1.0, -1.0, -1.0])
20:51:17:646156, 1, 2, 1632988277.6460383, 4, GPS(-43.520555, 172.582938, 21.578899, var=[1.0, 1.0, 1.0]), 49.279102649405786, GPS(-43.520600, 172.583000, 0.000000, var=[-1.0, -1.0, -1.0])
20:51:17:646217, 3, 2, 1632988277.645927, 3, GPS(-43.520645, 172.582938, 21.576755, var=[1.0, 1.0, 1.0]), 49.26546351994792, GPS(-43.520600, 172.583000, 0.000000, var=[-1.0, -1.0, -1.0])
20:51:17:646254, 2, 2, 1632988277.6460695, 3, GPS(-43.520555, 172.583062, 21.572925, var=[1.0, 1.0, 1.0]), 49.27411600208593, GPS(-43.520600, 172.583000, 0.000000, var=[-1.0, -1.0, -1.0])
20:51:17:646284, 4, 2, 1632988277.6460626, 3, GPS(-43.520645, 172.583062, 21.568781, var=[1.0, 1.0, 1.0]), 49.253663616723756, GPS(-43.520600, 172.583000, 0.000000, var=[-1.0, -1.0, -1.0])
20:51:17:646410, 3, 2, 1632988277.6460705, 4, GPS(-43.520645, 172.582938, 21.576755, var=[1.0, 1.0, 1.0]), 49.26546351994792, GPS(-43.520600, 172.583000, 0.000000, var=[-1.0, -1.0, -1.0])
20:51:18:646246, 1, 2, 1632988278.6461027, 5, GPS(-43.520554, 172.582938, 21.570899, var=[1.0, 1.0, 1.0]), 49.283945035756034, GPS(-43.520600, 172.583000, 0.000000, var=[-1.0, -1.0, -1.0])
20:51:18:646523, 1, 2, 1632988278.6464448, 6, GPS(-43.520554, 172.582938, 21.570899, var=[1.0, 1.0, 1.0]), 49.283945035756034, GPS(-43.520600, 172.583000, 0.000000, var=[-1.0, -1.0, -1.0])
20:51:18:646583, 2, 2, 1632988278.6464775, 4, GPS(-43.520554, 172.583062, 21.571925, var=[1.0, 1.0, 1.0]), 49.28491907176597, GPS(-43.520600, 172.583000, 0.000000, var=[-1.0, -1.0, -1.0])
20:51:18:646627, 3, 2, 1632988278.6464684, 5, GPS(-43.520645, 172.582938, 21.579755, var=[1.0, 1.0, 1.0]), 49.2666747151316, GPS(-43.520600, 172.583000, 0.000000, var=[-1.0, -1.0, -1.0])
20:51:18:646658, 4, 2, 1632988278.6464732, 4, GPS(-43.520645, 172.583062, 21.567781, var=[1.0, 1.0, 1.0]), 49.255293783176526, GPS(-43.520600, 172.583000, 0.000000, var=[-1.0, -1.0, -1.0])
20:51:19:646953, 1, 2, 1632988279.6468444, 7, GPS(-43.520554, 172.582938, 21.579899, var=[1.0, 1.0, 1.0]), 49.29799277457039, GPS(-43.520600, 172.583000, 0.000000, var=[-1.0, -1.0, -1.0])
20:51:19:647020, 4, 2, 1632988279.6468627, 5, GPS(-43.520645, 172.583062, 21.559781, var=[1.0, 1.0, 1.0]), 49.24827667818351, GPS(-43.520600, 172.583000, 0.000000, var=[-1.0, -1.0, -1.0])
20:51:19:647054, 3, 2, 1632988279.646861, 6, GPS(-43.520645, 172.582938, 21.596755, var=[1.0, 1.0, 1.0]), 49.28763189147996, GPS(-43.520600, 172.583000, 0.000000, var=[-1.0, -1.0, -1.0])
20:51:19:647128, 2, 2, 1632988279.6469505, 5, GPS(-43.520555, 172.583062, 21.567925, var=[1.0, 1.0, 1.0]), 49.27810148553621, GPS(-43.520600, 172.583000, 0.000000, var=[-1.0, -1.0, -1.0])
20:51:20:647065, 1, 2, 1632988280.646937, 8, GPS(-43.520554, 172.582938, 21.567899, var=[1.0, 1.0, 1.0]), 49.293385291023185, GPS(-43.520600, 172.583000, 0.000000, var=[-1.0, -1.0, -1.0])
20:51:20:647966, 2, 2, 1632988280.6478176, 6, GPS(-43.520555, 172.583062, 21.578925, var=[1.0, 1.0, 1.0]), 49.28999940619068, GPS(-43.520600, 172.583000, 0.000000, var=[-1.0, -1.0, -1.0])
20:51:20:648502, 4, 2, 1632988280.6482825, 6, GPS(-43.520645, 172.583062, 21.567781, var=[1.0, 1.0, 1.0]), 49.256675083479934, GPS(-43.520600, 172.583000, 0.000000, var=[-1.0, -1.0, -1.0])
20:51:20:672684, 3, 2, 1632988280.6725335, 7, GPS(-43.520645, 172.582938, 21.593755, var=[1.0, 1.0, 1.0]), 49.29113191542448, GPS(-43.520600, 172.583000, 0.000000, var=[-1.0, -1.0, -1.0])
20:51:20:747591, 1, 2, 1632988280.7474456, 9, GPS(-43.520554, 172.582938, 21.563899, var=[1.0, 1.0, 1.0]), 49.29158857172756, GPS(-43.520600, 172.583000, 0.000000, var=[-1.0, -1.0, -1.0])
20:51:20:747650, 3, 2, 1632988280.7474685, 8, GPS(-43.520645, 172.582938, 21.593755, var=[1.0, 1.0, 1.0]), 49.29113191542448, GPS(-43.520600, 172.583000, 0.000000, var=[-1.0, -1.0, -1.0])
20:51:20:747682, 4, 2, 1632988280.7474747, 7, GPS(-43.520645, 172.583062, 21.570781, var=[1.0, 1.0, 1.0]), 49.26152725283663, GPS(-43.520600, 172.583000, 0.000000, var=[-1.0, -1.0, -1.0])
20:51:20:747711, 2, 2, 1632988280.7474778, 7, GPS(-43.520555, 172.583062, 21.581925, var=[1.0, 1.0, 1.0]), 49.29484886381828, GPS(-43.520600, 172.583000, 0.000000, var=[-1.0, -1.0, -1.0])
20:51:21:747679, 3, 2, 1632988281.7475507, 9, GPS(-43.520645, 172.582938, 21.590755, var=[1.0, 1.0, 1.0]), 49.289640112806126, GPS(-43.520600, 172.583000, 0.000000, var=[-1.0, -1.0, -1.0])
20:51:21:747743, 2, 2, 1632988281.7475922, 8, GPS(-43.520555, 172.583062, 21.582925, var=[1.0, 1.0, 1.0]), 49.299571097084424, GPS(-43.520600, 172.583000, 0.000000, var=[-1.0, -1.0, -1.0])
20:51:21:747998, 1, 2, 1632988281.7479143, 10, GPS(-43.520554, 172.582938, 21.573899, var=[1.0, 1.0, 1.0]), 49.30486674253367, GPS(-43.520600, 172.583000, 0.000000, var=[-1.0, -1.0, -1.0])
20:51:21:748646, 4, 2, 1632988281.748526, 8, GPS(-43.520645, 172.583062, 21.576781, var=[1.0, 1.0, 1.0]), 49.27165859776814, GPS(-43.520600, 172.583000, 0.000000, var=[-1.0, -1.0, -1.0])
20:51:21:848277, 1, 2, 1632988281.8480618, 11, GPS(-43.520554, 172.582937, 21.572899, var=[1.0, 1.0, 1.0]), 49.3067115067808, GPS(-43.520600, 172.583000, 0.000000, var=[-1.0, -1.0, -1.0])
20:51:21:848397, 2, 2, 1632988281.8480968, 9, GPS(-43.520555, 172.583062, 21.586925, var=[1.0, 1.0, 1.0]), 49.30260289757109, GPS(-43.520600, 172.583000, 0.000000, var=[-1.0, -1.0, -1.0])
20:51:21:848484, 3, 2, 1632988281.848076, 10, GPS(-43.520645, 172.582938, 21.592755, var=[1.0, 1.0, 1.0]), 49.29254600461832, GPS(-43.520600, 172.583000, 0.000000, var=[-1.0, -1.0, -1.0])
20:51:21:848567, 4, 2, 1632988281.8481045, 9, GPS(-43.520645, 172.583062, 21.582781, var=[1.0, 1.0, 1.0]), 49.27659331106895, GPS(-43.520600, 172.583000, 0.000000, var=[-1.0, -1.0, -1.0])
20:51:22:849660, 3, 2, 1632988282.849513, 11, GPS(-43.520645, 172.582938, 21.582755, var=[1.0, 1.0, 1.0]), 49.29082885449938, GPS(-43.520600, 172.583000, 0.000000, var=[-1.0, -1.0, -1.0])
20:51:22:849727, 1, 2, 1632988282.8496048, 12, GPS(-43.520554, 172.582937, 21.570899, var=[1.0, 1.0, 1.0]), 49.31260530205976, GPS(-43.520600, 172.583000, 0.000000, var=[-1.0, -1.0, -1.0])
20:51:22:849764, 2, 2, 1632988282.8496025, 10, GPS(-43.520554, 172.583062, 21.572925, var=[1.0, 1.0, 1.0]), 49.29955796588432, GPS(-43.520600, 172.583000, 0.000000, var=[-1.0, -1.0, -1.0])
20:51:22:849972, 4, 2, 1632988282.8498993, 10, GPS(-43.520645, 172.583062, 21.578781, var=[1.0, 1.0, 1.0]), 49.27636343917399, GPS(-43.520600, 172.583000, 0.000000, var=[-1.0, -1.0, -1.0])
20:51:22:949430, 2, 2, 1632988282.949213, 11, GPS(-43.520554, 172.583062, 21.568925, var=[1.0, 1.0, 1.0]), 49.29175956768162, GPS(-43.520600, 172.583000, 0.000000, var=[-1.0, -1.0, -1.0])
20:51:22:949608, 1, 2, 1632988282.9492602, 13, GPS(-43.520554, 172.582937, 21.571899, var=[1.0, 1.0, 1.0]), 49.309554290110384, GPS(-43.520600, 172.583000, 0.000000, var=[-1.0, -1.0, -1.0])
20:51:22:949682, 4, 2, 1632988282.949277, 11, GPS(-43.520645, 172.583062, 21.576781, var=[1.0, 1.0, 1.0]), 49.26868973018753, GPS(-43.520600, 172.583000, 0.000000, var=[-1.0, -1.0, -1.0])
20:51:22:949842, 3, 2, 1632988282.949353, 12, GPS(-43.520645, 172.582938, 21.577755, var=[1.0, 1.0, 1.0]), 49.2820768748839, GPS(-43.520600, 172.583000, 0.000000, var=[-1.0, -1.0, -1.0])
20:51:23:949596, 1, 2, 1632988283.9494615, 14, GPS(-43.520554, 172.582937, 21.557899, var=[1.0, 1.0, 1.0]), 49.29326899564483, GPS(-43.520600, 172.583000, 0.000000, var=[-1.0, -1.0, -1.0])
20:51:23:949710, 3, 2, 1632988283.9496298, 13, GPS(-43.520645, 172.582938, 21.586755, var=[1.0, 1.0, 1.0]), 49.287630539055016, GPS(-43.520600, 172.583000, 0.000000, var=[-1.0, -1.0, -1.0])
20:51:23:949808, 4, 2, 1632988283.9497018, 12, GPS(-43.520645, 172.583062, 21.575781, var=[1.0, 1.0, 1.0]), 49.26363051740612, GPS(-43.520600, 172.583000, 0.000000, var=[-1.0, -1.0, -1.0])
20:51:23:951102, 2, 2, 1632988283.9510124, 12, GPS(-43.520554, 172.583062, 21.575925, var=[1.0, 1.0, 1.0]), 49.2978910860129, GPS(-43.520600, 172.583000, 0.000000, var=[-1.0, -1.0, -1.0])
20:51:24:050316, 3, 2, 1632988284.0501444, 14, GPS(-43.520645, 172.582938, 21.584755, var=[1.0, 1.0, 1.0]), 49.284761544354225, GPS(-43.520600, 172.583000, 0.000000, var=[-1.0, -1.0, -1.0])
20:51:24:050395, 1, 2, 1632988284.050124, 15, GPS(-43.520554, 172.582937, 21.560899, var=[1.0, 1.0, 1.0]), 49.29514762152391, GPS(-43.520600, 172.583000, 0.000000, var=[-1.0, -1.0, -1.0])
20:51:24:050447, 4, 2, 1632988284.0501568, 13, GPS(-43.520645, 172.583062, 21.572781, var=[1.0, 1.0, 1.0]), 49.25980954266453, GPS(-43.520600, 172.583000, 0.000000, var=[-1.0, -1.0, -1.0])
20:51:24:050488, 2, 2, 1632988284.0501747, 13, GPS(-43.520554, 172.583062, 21.574925, var=[1.0, 1.0, 1.0]), 49.29597341624003, GPS(-43.520600, 172.583000, 0.000000, var=[-1.0, -1.0, -1.0])
20:51:25:050604, 3, 2, 1632988285.050441, 15, GPS(-43.520644, 172.582938, 21.581755, var=[1.0, 1.0, 1.0]), 49.278490072657675, GPS(-43.520600, 172.583000, 0.000000, var=[-1.0, -1.0, -1.0])
20:51:25:050791, 1, 2, 1632988285.050687, 16, GPS(-43.520554, 172.582937, 21.566899, var=[1.0, 1.0, 1.0]), 49.29735747551453, GPS(-43.520600, 172.583000, 0.000000, var=[-1.0, -1.0, -1.0])
20:51:25:050848, 2, 2, 1632988285.0507138, 14, GPS(-43.520555, 172.583062, 21.572925, var=[1.0, 1.0, 1.0]), 49.286337292146, GPS(-43.520600, 172.583000, 0.000000, var=[-1.0, -1.0, -1.0])
20:51:25:050880, 4, 2, 1632988285.0506988, 14, GPS(-43.520645, 172.583062, 21.574781, var=[1.0, 1.0, 1.0]), 49.26071142370075, GPS(-43.520600, 172.583000, 0.000000, var=[-1.0, -1.0, -1.0])
20:51:25:050993, 3, 2, 1632988285.0507271, 16, GPS(-43.520644, 172.582938, 21.581755, var=[1.0, 1.0, 1.0]), 49.278490072657675, GPS(-43.520600, 172.583000, 0.000000, var=[-1.0, -1.0, -1.0])
20:51:26:051185, 1, 2, 1632988286.0510607, 17, GPS(-43.520555, 172.582937, 21.559899, var=[1.0, 1.0, 1.0]), 49.275424453354994, GPS(-43.520600, 172.583000, 0.000000, var=[-1.0, -1.0, -1.0])
20:51:26:051262, 4, 2, 1632988286.0510833, 15, GPS(-43.520645, 172.583062, 21.556781, var=[1.0, 1.0, 1.0]), 49.23678052965096, GPS(-43.520600, 172.583000, 0.000000, var=[-1.0, -1.0, -1.0])
20:51:26:051308, 3, 2, 1632988286.0510707, 17, GPS(-43.520645, 172.582938, 21.567755, var=[1.0, 1.0, 1.0]), 49.25301255595435, GPS(-43.520600, 172.583000, 0.000000, var=[-1.0, -1.0, -1.0])
20:51:26:051349, 2, 2, 1632988286.0510862, 15, GPS(-43.520555, 172.583062, 21.560925, var=[1.0, 1.0, 1.0]), 49.26322154414545, GPS(-43.520600, 172.583000, 0.000000, var=[-1.0, -1.0, -1.0])
20:51:27:051535, 4, 2, 1632988287.0514007, 16, GPS(-43.520645, 172.583062, 21.560781, var=[1.0, 1.0, 1.0]), 49.23111780099981, GPS(-43.520600, 172.583000, 0.000000, var=[-1.0, -1.0, -1.0])
20:51:27:051632, 4, 2, 1632988287.0515504, 17, GPS(-43.520645, 172.583062, 21.560781, var=[1.0, 1.0, 1.0]), 49.23111780099981, GPS(-43.520600, 172.583000, 0.000000, var=[-1.0, -1.0, -1.0])
20:51:27:051691, 2, 2, 1632988287.0515683, 16, GPS(-43.520555, 172.583062, 21.551925, var=[1.0, 1.0, 1.0]), 49.24166531374309, GPS(-43.520600, 172.583000, 0.000000, var=[-1.0, -1.0, -1.0])
20:51:27:051796, 3, 2, 1632988287.0515544, 18, GPS(-43.520645, 172.582938, 21.568755, var=[1.0, 1.0, 1.0]), 49.24516771616612, GPS(-43.520600, 172.583000, 0.000000, var=[-1.0, -1.0, -1.0])
20:51:27:051834, 1, 2, 1632988287.0515482, 18, GPS(-43.520555, 172.582938, 21.556899, var=[1.0, 1.0, 1.0]), 49.25777768985155, GPS(-43.520600, 172.583000, 0.000000, var=[-1.0, -1.0, -1.0])
20:51:28:052033, 3, 2, 1632988288.05189, 19, GPS(-43.520645, 172.582938, 21.556755, var=[1.0, 1.0, 1.0]), 49.24396585639278, GPS(-43.520600, 172.583000, 0.000000, var=[-1.0, -1.0, -1.0])
20:51:28:052089, 4, 2, 1632988288.0518923, 18, GPS(-43.520645, 172.583062, 21.553781, var=[1.0, 1.0, 1.0]), 49.23288266497321, GPS(-43.520600, 172.583000, 0.000000, var=[-1.0, -1.0, -1.0])
20:51:28:052125, 1, 2, 1632988288.0518985, 19, GPS(-43.520555, 172.582937, 21.545899, var=[1.0, 1.0, 1.0]), 49.25510629396368, GPS(-43.520600, 172.583000, 0.000000, var=[-1.0, -1.0, -1.0])
20:51:28:052158, 2, 2, 1632988288.0519085, 17, GPS(-43.520555, 172.583062, 21.541925, var=[1.0, 1.0, 1.0]), 49.235674881922876, GPS(-43.520600, 172.583000, 0.000000, var=[-1.0, -1.0, -1.0])
20:51:29:052300, 4, 2, 1632988289.0521188, 19, GPS(-43.520645, 172.583062, 21.551780, var=[1.0, 1.0, 1.0]), 49.22588596792433, GPS(-43.520600, 172.583000, 0.000000, var=[-1.0, -1.0, -1.0])
20:51:29:052562, 1, 2, 1632988289.0523748, 20, GPS(-43.520555, 172.582937, 21.536899, var=[1.0, 1.0, 1.0]), 49.23409591386289, GPS(-43.520600, 172.583000, 0.000000, var=[-1.0, -1.0, -1.0])
20:51:29:052732, 4, 2, 1632988289.0524013, 20, GPS(-43.520645, 172.583062, 21.551780, var=[1.0, 1.0, 1.0]), 49.22588596792433, GPS(-43.520600, 172.583000, 0.000000, var=[-1.0, -1.0, -1.0])
20:51:29:052815, 3, 2, 1632988289.0523872, 20, GPS(-43.520645, 172.582938, 21.554755, var=[1.0, 1.0, 1.0]), 49.23583009284532, GPS(-43.520600, 172.583000, 0.000000, var=[-1.0, -1.0, -1.0])
20:51:29:052939, 2, 2, 1632988289.0524256, 18, GPS(-43.520555, 172.583062, 21.530924, var=[1.0, 1.0, 1.0]), 49.20852778740591, GPS(-43.520600, 172.583000, 0.000000, var=[-1.0, -1.0, -1.0])
20:51:30:053190, 2, 2, 1632988290.052663, 19, GPS(-43.520555, 172.583062, 21.531924, var=[1.0, 1.0, 1.0]), 49.198764276852266, GPS(-43.520600, 172.583000, 0.000000, var=[-1.0, -1.0, -1.0])
20:51:30:053463, 3, 2, 1632988290.0531156, 21, GPS(-43.520645, 172.582938, 21.547754, var=[1.0, 1.0, 1.0]), 49.23364368982048, GPS(-43.520600, 172.583000, 0.000000, var=[-1.0, -1.0, -1.0])
20:51:30:053508, 4, 2, 1632988290.0529277, 21, GPS(-43.520645, 172.583062, 21.532780, var=[1.0, 1.0, 1.0]), 49.20695068322725, GPS(-43.520600, 172.583000, 0.000000, var=[-1.0, -1.0, -1.0])
20:51:30:079204, 1, 2, 1632988290.0790713, 21, GPS(-43.520555, 172.582937, 21.531899, var=[1.0, 1.0, 1.0]), 49.22463550984911, GPS(-43.520600, 172.583000, 0.000000, var=[-1.0, -1.0, -1.0])
20:51:30:153675, 1, 2, 1632988290.1535573, 22, GPS(-43.520555, 172.582937, 21.532899, var=[1.0, 1.0, 1.0]), 49.22558473221887, GPS(-43.520600, 172.583000, 0.000000, var=[-1.0, -1.0, -1.0])
20:51:30:153752, 4, 2, 1632988290.1536198, 22, GPS(-43.520645, 172.583062, 21.528780, var=[1.0, 1.0, 1.0]), 49.20314108073065, GPS(-43.520600, 172.583000, 0.000000, var=[-1.0, -1.0, -1.0])
20:51:30:153804, 3, 2, 1632988290.153572, 22, GPS(-43.520645, 172.582938, 21.545754, var=[1.0, 1.0, 1.0]), 49.23173497697324, GPS(-43.520600, 172.583000, 0.000000, var=[-1.0, -1.0, -1.0])
20:51:30:153841, 2, 2, 1632988290.1536112, 20, GPS(-43.520555, 172.583062, 21.529924, var=[1.0, 1.0, 1.0]), 49.1968540377746, GPS(-43.520600, 172.583000, 0.000000, var=[-1.0, -1.0, -1.0])
20:51:31:154118, 3, 3, 1632988291.1539695, 23, GPS(-43.520645, 172.582937, 21.549754, var=[1.0, 1.0, 1.0]), 49.23778969471121, GPS(-43.520600, 172.583000, 0.000000, var=[-1.0, -1.0, -1.0])
20:51:31:154203, 2, 3, 1632988291.1540709, 21, GPS(-43.520555, 172.583062, 21.533924, var=[1.0, 1.0, 1.0]), 49.192666597792496, GPS(-43.520600, 172.583000, 0.000000, var=[-1.0, -1.0, -1.0])
20:51:31:154349, 1, 3, 1632988291.1540315, 23, GPS(-43.520555, 172.582937, 21.529898, var=[1.0, 1.0, 1.0]), 49.21269968084095, GPS(-43.520600, 172.583000, 0.000000, var=[-1.0, -1.0, -1.0])
20:51:31:154383, 4, 2, 1632988291.1540625, 23, GPS(-43.520645, 172.583062, 21.526780, var=[1.0, 1.0, 1.0]), 49.198169564318995, GPS(-43.520600, 172.583000, 0.000000, var=[-1.0, -1.0, -1.0])
20:51:31:154411, 3, 3, 1632988291.1541312, 24, GPS(-43.520645, 172.582937, 21.549754, var=[1.0, 1.0, 1.0]), 49.23778969471121, GPS(-43.520600, 172.583000, 0.000000, var=[-1.0, -1.0, -1.0])
20:51:32:155801, 2, 3, 1632988292.1544333, 22, GPS(-43.520542, 172.583080, 21.590949, var=[1.0, 1.0, 1.0]), 49.983309471372095, GPS(-43.520600, 172.583000, 0.000000, var=[-1.0, -1.0, -1.0])
20:51:32:155977, 1, 3, 1632988292.1544704, 24, GPS(-43.520542, 172.582918, 21.573915, var=[1.0, 1.0, 1.0]), 50.01548472524897, GPS(-43.520600, 172.583000, 0.000000, var=[-1.0, -1.0, -1.0])
20:51:32:156028, 3, 3, 1632988292.1545017, 25, GPS(-43.520658, 172.582920, 21.592730, var=[1.0, 1.0, 1.0]), 49.990228146141185, GPS(-43.520600, 172.583000, 0.000000, var=[-1.0, -1.0, -1.0])
20:51:32:156075, 4, 3, 1632988292.1545553, 24, GPS(-43.520645, 172.583062, 21.524780, var=[1.0, 1.0, 1.0]), 49.20427852436812, GPS(-43.520600, 172.583000, 0.000000, var=[-1.0, -1.0, -1.0])
20:51:32:156133, 2, 3, 1632988292.1546717, 23, GPS(-43.520542, 172.583080, 21.590949, var=[1.0, 1.0, 1.0]), 49.983309471372095, GPS(-43.520600, 172.583000, 0.000000, var=[-1.0, -1.0, -1.0])
20:51:33:154624, 1, 3, 1632988293.1545017, 25, GPS(-43.520519, 172.582884, 21.493945, var=[1.0, 1.0, 1.0]), 51.66248859109951, GPS(-43.520600, 172.583000, 0.000000, var=[-1.0, -1.0, -1.0])
20:51:33:155528, 2, 3, 1632988293.1554272, 24, GPS(-43.520517, 172.583112, 21.500996, var=[1.0, 1.0, 1.0]), 51.611800577052065, GPS(-43.520600, 172.583000, 0.000000, var=[-1.0, -1.0, -1.0])
20:51:33:179600, 3, 3, 1632988293.1794567, 26, GPS(-43.520684, 172.582888, 21.503682, var=[1.0, 1.0, 1.0]), 51.6624329608902, GPS(-43.520600, 172.583000, 0.000000, var=[-1.0, -1.0, -1.0])
20:51:33:179803, 3, 3, 1632988293.179737, 27, GPS(-43.520684, 172.582888, 21.503682, var=[1.0, 1.0, 1.0]), 51.6624329608902, GPS(-43.520600, 172.583000, 0.000000, var=[-1.0, -1.0, -1.0])
20:51:33:180262, 2, 3, 1632988293.180183, 25, GPS(-43.520516, 172.583112, 21.499996, var=[1.0, 1.0, 1.0]), 51.63574535536795, GPS(-43.520600, 172.583000, 0.000000, var=[-1.0, -1.0, -1.0])
20:51:33:181933, 4, 3, 1632988293.1817842, 25, GPS(-43.520657, 172.583080, 21.584764, var=[1.0, 1.0, 1.0]), 49.94134684913308, GPS(-43.520600, 172.583000, 0.000000, var=[-1.0, -1.0, -1.0])
20:51:33:182973, 4, 3, 1632988293.1828885, 26, GPS(-43.520657, 172.583080, 21.584764, var=[1.0, 1.0, 1.0]), 49.94134684913308, GPS(-43.520600, 172.583000, 0.000000, var=[-1.0, -1.0, -1.0])
20:51:33:226027, 1, 3, 1632988293.225892, 26, GPS(-43.520517, 172.582883, 21.491947, var=[1.0, 1.0, 1.0]), 51.74125021523869, GPS(-43.520600, 172.583000, 0.000000, var=[-1.0, -1.0, -1.0])
20:51:34:180433, 3, 4, 1632988294.180297, 28, GPS(-43.520694, 172.582873, 21.481664, var=[1.0, 1.0, 1.0]), 52.49212179145856, GPS(-43.520600, 172.583000, 0.000000, var=[-1.0, -1.0, -1.0])
20:51:34:181652, 2, 4, 1632988294.181559, 26, GPS(-43.520507, 172.583127, 21.484014, var=[1.0, 1.0, 1.0]), 52.45982798029695, GPS(-43.520600, 172.583000, 0.000000, var=[-1.0, -1.0, -1.0])
20:51:34:207106, 1, 4, 1632988294.2069602, 27, GPS(-43.520508, 172.582871, 21.489960, var=[1.0, 1.0, 1.0]), 52.503892575635234, GPS(-43.520600, 172.583000, 0.000000, var=[-1.0, -1.0, -1.0])
20:51:34:213735, 3, 4, 1632988294.2136233, 29, GPS(-43.520694, 172.582873, 21.482663, var=[1.0, 1.0, 1.0]), 52.50293638007126, GPS(-43.520600, 172.583000, 0.000000, var=[-1.0, -1.0, -1.0])
20:51:34:216287, 4, 3, 1632988294.2161665, 27, GPS(-43.520682, 172.583115, 21.480733, var=[1.0, 1.0, 1.0]), 51.625200993338254, GPS(-43.520600, 172.583000, 0.000000, var=[-1.0, -1.0, -1.0])
20:51:34:216390, 4, 3, 1632988294.2163286, 28, GPS(-43.520682, 172.583115, 21.480733, var=[1.0, 1.0, 1.0]), 51.625200993338254, GPS(-43.520600, 172.583000, 0.000000, var=[-1.0, -1.0, -1.0])
20:51:34:221428, 2, 4, 1632988294.221289, 27, GPS(-43.520507, 172.583127, 21.486014, var=[1.0, 1.0, 1.0]), 52.4714486214251, GPS(-43.520600, 172.583000, 0.000000, var=[-1.0, -1.0, -1.0])
20:51:35:208733, 1, 4, 1632988295.2086031, 28, GPS(-43.520507, 172.582873, 21.498962, var=[1.0, 1.0, 1.0]), 52.500260670596276, GPS(-43.520600, 172.583000, 0.000000, var=[-1.0, -1.0, -1.0])
20:51:35:214367, 3, 4, 1632988295.2142422, 30, GPS(-43.520692, 172.582871, 21.491666, var=[1.0, 1.0, 1.0]), 52.49196483261089, GPS(-43.520600, 172.583000, 0.000000, var=[-1.0, -1.0, -1.0])
20:51:35:217856, 4, 4, 1632988295.2177148, 29, GPS(-43.520692, 172.583128, 21.462719, var=[1.0, 1.0, 1.0]), 52.466269714582296, GPS(-43.520600, 172.583000, 0.000000, var=[-1.0, -1.0, -1.0])
20:51:35:221728, 1, 4, 1632988295.2216122, 29, GPS(-43.520507, 172.582873, 21.498962, var=[1.0, 1.0, 1.0]), 52.500260670596276, GPS(-43.520600, 172.583000, 0.000000, var=[-1.0, -1.0, -1.0])
20:51:35:223255, 2, 4, 1632988295.2216518, 28, GPS(-43.520508, 172.583129, 21.486013, var=[1.0, 1.0, 1.0]), 52.47209106082656, GPS(-43.520600, 172.583000, 0.000000, var=[-1.0, -1.0, -1.0])
20:51:35:224648, 3, 4, 1632988295.2216232, 31, GPS(-43.520692, 172.582871, 21.491666, var=[1.0, 1.0, 1.0]), 52.49196483261089, GPS(-43.520600, 172.583000, 0.000000, var=[-1.0, -1.0, -1.0])
20:51:35:225693, 4, 4, 1632988295.2216356, 30, GPS(-43.520692, 172.583128, 21.462719, var=[1.0, 1.0, 1.0]), 52.466269714582296, GPS(-43.520600, 172.583000, 0.000000, var=[-1.0, -1.0, -1.0])
20:51:36:221826, 1, 4, 1632988296.2217007, 30, GPS(-43.520508, 172.582876, 21.499960, var=[1.0, 1.0, 1.0]), 52.32525902574209, GPS(-43.520600, 172.583000, 0.000000, var=[-1.0, -1.0, -1.0])
20:51:36:223338, 4, 4, 1632988296.2227974, 31, GPS(-43.520694, 172.583127, 21.463716, var=[1.0, 1.0, 1.0]), 52.45683482489109, GPS(-43.520600, 172.583000, 0.000000, var=[-1.0, -1.0, -1.0])
20:51:36:224458, 2, 4, 1632988296.223332, 29, GPS(-43.520510, 172.583126, 21.480009, var=[1.0, 1.0, 1.0]), 52.282317183876, GPS(-43.520600, 172.583000, 0.000000, var=[-1.0, -1.0, -1.0])
20:51:36:225630, 3, 4, 1632988296.2233062, 32, GPS(-43.520690, 172.582873, 21.496670, var=[1.0, 1.0, 1.0]), 52.30784353340624, GPS(-43.520600, 172.583000, 0.000000, var=[-1.0, -1.0, -1.0])
20:51:36:324802, 1, 4, 1632988296.323636, 31, GPS(-43.520508, 172.582876, 21.498960, var=[1.0, 1.0, 1.0]), 52.29578315993383, GPS(-43.520600, 172.583000, 0.000000, var=[-1.0, -1.0, -1.0])
20:51:36:325553, 4, 4, 1632988296.3236532, 32, GPS(-43.520694, 172.583126, 21.462716, var=[1.0, 1.0, 1.0]), 52.42086661121437, GPS(-43.520600, 172.583000, 0.000000, var=[-1.0, -1.0, -1.0])
20:51:36:326499, 3, 4, 1632988296.323652, 33, GPS(-43.520690, 172.582873, 21.495670, var=[1.0, 1.0, 1.0]), 52.27833448346858, GPS(-43.520600, 172.583000, 0.000000, var=[-1.0, -1.0, -1.0])
20:51:36:327484, 2, 4, 1632988296.323678, 30, GPS(-43.520510, 172.583126, 21.481009, var=[1.0, 1.0, 1.0]), 52.251304322927524, GPS(-43.520600, 172.583000, 0.000000, var=[-1.0, -1.0, -1.0])
20:51:37:324616, 1, 4, 1632988297.3244398, 32, GPS(-43.520510, 172.582876, 21.490958, var=[1.0, 1.0, 1.0]), 52.218902100987165, GPS(-43.520600, 172.583000, 0.000000, var=[-1.0, -1.0, -1.0])
20:51:37:326455, 2, 4, 1632988297.325702, 31, GPS(-43.520511, 172.583124, 21.468008, var=[1.0, 1.0, 1.0]), 52.16979404570408, GPS(-43.520600, 172.583000, 0.000000, var=[-1.0, -1.0, -1.0])
20:51:37:328155, 3, 4, 1632988297.3246467, 34, GPS(-43.520689, 172.582875, 21.484671, var=[1.0, 1.0, 1.0]), 52.197199858547236, GPS(-43.520600, 172.583000, 0.000000, var=[-1.0, -1.0, -1.0])
20:51:37:329484, 4, 4, 1632988297.3249, 33, GPS(-43.520692, 172.583123, 21.443719, var=[1.0, 1.0, 1.0]), 52.2182541301488, GPS(-43.520600, 172.583000, 0.000000, var=[-1.0, -1.0, -1.0])
20:51:37:429128, 1, 4, 1632988297.427843, 33, GPS(-43.520510, 172.582876, 21.486958, var=[1.0, 1.0, 1.0]), 52.19324407677745, GPS(-43.520600, 172.583000, 0.000000, var=[-1.0, -1.0, -1.0])
20:51:37:430767, 3, 4, 1632988297.4278572, 35, GPS(-43.520689, 172.582875, 21.481671, var=[1.0, 1.0, 1.0]), 52.17672159644065, GPS(-43.520600, 172.583000, 0.000000, var=[-1.0, -1.0, -1.0])
20:51:37:432104, 2, 4, 1632988297.4278808, 32, GPS(-43.520511, 172.583124, 21.466008, var=[1.0, 1.0, 1.0]), 52.147005823552156, GPS(-43.520600, 172.583000, 0.000000, var=[-1.0, -1.0, -1.0])
20:51:37:433268, 4, 4, 1632988297.4278755, 34, GPS(-43.520691, 172.583123, 21.442719, var=[1.0, 1.0, 1.0]), 52.18442894848966, GPS(-43.520600, 172.583000, 0.000000, var=[-1.0, -1.0, -1.0])
20:51:38:428236, 4, 4, 1632988298.4280972, 35, GPS(-43.520690, 172.583123, 21.428722, var=[1.0, 1.0, 1.0]), 52.09283020821967, GPS(-43.520600, 172.583000, 0.000000, var=[-1.0, -1.0, -1.0])
20:51:38:429511, 3, 4, 1632988298.428386, 36, GPS(-43.520689, 172.582876, 21.464671, var=[1.0, 1.0, 1.0]), 52.157634466008204, GPS(-43.520600, 172.583000, 0.000000, var=[-1.0, -1.0, -1.0])
20:51:38:430453, 2, 4, 1632988298.4283097, 33, GPS(-43.520510, 172.583124, 21.447009, var=[1.0, 1.0, 1.0]), 52.13933700899845, GPS(-43.520600, 172.583000, 0.000000, var=[-1.0, -1.0, -1.0])
20:51:38:431887, 1, 4, 1632988298.4283965, 34, GPS(-43.520510, 172.582876, 21.461957, var=[1.0, 1.0, 1.0]), 52.15928316368861, GPS(-43.520600, 172.583000, 0.000000, var=[-1.0, -1.0, -1.0])
20:51:38:534018, 3, 4, 1632988298.5325332, 37, GPS(-43.520690, 172.582876, 21.462670, var=[1.0, 1.0, 1.0]), 52.14117708591875, GPS(-43.520600, 172.583000, 0.000000, var=[-1.0, -1.0, -1.0])
20:51:38:535812, 1, 4, 1632988298.5325224, 35, GPS(-43.520510, 172.582876, 21.459957, var=[1.0, 1.0, 1.0]), 52.14167074810562, GPS(-43.520600, 172.583000, 0.000000, var=[-1.0, -1.0, -1.0])
20:51:38:537224, 2, 4, 1632988298.532574, 34, GPS(-43.520510, 172.583124, 21.446009, var=[1.0, 1.0, 1.0]), 52.126890708329476, GPS(-43.520600, 172.583000, 0.000000, var=[-1.0, -1.0, -1.0])
20:51:38:539109, 4, 4, 1632988298.5325708, 36, GPS(-43.520690, 172.583123, 21.427722, var=[1.0, 1.0, 1.0]), 52.07483138102765, GPS(-43.520600, 172.583000, 0.000000, var=[-1.0, -1.0, -1.0])
20:51:39:532868, 4, 4, 1632988299.5327268, 37, GPS(-43.520689, 172.583123, 21.437723, var=[1.0, 1.0, 1.0]), 52.075200570129894, GPS(-43.520600, 172.583000, 0.000000, var=[-1.0, -1.0, -1.0])
20:51:39:533923, 3, 4, 1632988299.5333652, 38, GPS(-43.520690, 172.582876, 21.442670, var=[1.0, 1.0, 1.0]), 52.1267857358343, GPS(-43.520600, 172.583000, 0.000000, var=[-1.0, -1.0, -1.0])
20:51:39:534677, 2, 4, 1632988299.5327828, 35, GPS(-43.520510, 172.583124, 21.445010, var=[1.0, 1.0, 1.0]), 52.142645022003784, GPS(-43.520600, 172.583000, 0.000000, var=[-1.0, -1.0, -1.0])
20:51:39:535901, 1, 4, 1632988299.5330505, 36, GPS(-43.520510, 172.582876, 21.439957, var=[1.0, 1.0, 1.0]), 52.13671665243113, GPS(-43.520600, 172.583000, 0.000000, var=[-1.0, -1.0, -1.0])
20:51:39:637887, 3, 4, 1632988299.6376822, 39, GPS(-43.520690, 172.582876, 21.442670, var=[1.0, 1.0, 1.0]), 52.108791046727276, GPS(-43.520600, 172.583000, 0.000000, var=[-1.0, -1.0, -1.0])
20:51:39:638688, 1, 4, 1632988299.6376731, 37, GPS(-43.520510, 172.582876, 21.439958, var=[1.0, 1.0, 1.0]), 52.12305991475555, GPS(-43.520600, 172.583000, 0.000000, var=[-1.0, -1.0, -1.0])
20:51:39:639669, 2, 4, 1632988299.637704, 36, GPS(-43.520510, 172.583124, 21.442010, var=[1.0, 1.0, 1.0]), 52.122147049066584, GPS(-43.520600, 172.583000, 0.000000, var=[-1.0, -1.0, -1.0])
20:51:39:640658, 4, 4, 1632988299.637694, 38, GPS(-43.520689, 172.583123, 21.436723, var=[1.0, 1.0, 1.0]), 52.059498054282, GPS(-43.520600, 172.583000, 0.000000, var=[-1.0, -1.0, -1.0])
20:51:40:638189, 3, 4, 1632988300.638042, 40, GPS(-43.520690, 172.582876, 21.445670, var=[1.0, 1.0, 1.0]), 52.112282195309334, GPS(-43.520600, 172.583000, 0.000000, var=[-1.0, -1.0, -1.0])
20:51:40:639210, 2, 4, 1632988300.6388626, 37, GPS(-43.520510, 172.583124, 21.438010, var=[1.0, 1.0, 1.0]), 52.122924510447426, GPS(-43.520600, 172.583000, 0.000000, var=[-1.0, -1.0, -1.0])
20:51:40:661393, 1, 4, 1632988300.6612601, 38, GPS(-43.520510, 172.582876, 21.440958, var=[1.0, 1.0, 1.0]), 52.12767492757317, GPS(-43.520600, 172.583000, 0.000000, var=[-1.0, -1.0, -1.0])
20:51:40:670984, 4, 4, 1632988300.670856, 39, GPS(-43.520689, 172.583124, 21.426723, var=[1.0, 1.0, 1.0]), 52.061136554331654, GPS(-43.520600, 172.583000, 0.000000, var=[-1.0, -1.0, -1.0])
20:51:40:741317, 1, 4, 1632988300.7400692, 39, GPS(-43.520510, 172.582876, 21.439958, var=[1.0, 1.0, 1.0]), 52.12684106769168, GPS(-43.520600, 172.583000, 0.000000, var=[-1.0, -1.0, -1.0])
20:51:40:766508, 3, 4, 1632988300.7400815, 41, GPS(-43.520690, 172.582876, 21.443670, var=[1.0, 1.0, 1.0]), 52.09963834968672, GPS(-43.520600, 172.583000, 0.000000, var=[-1.0, -1.0, -1.0])
20:51:40:856834, 4, 4, 1632988300.7401004, 40, GPS(-43.520689, 172.583124, 21.426723, var=[1.0, 1.0, 1.0]), 52.061136554331654, GPS(-43.520600, 172.583000, 0.000000, var=[-1.0, -1.0, -1.0])
20:51:40:959840, 2, 4, 1632988300.740101, 38, GPS(-43.520510, 172.583124, 21.438010, var=[1.0, 1.0, 1.0]), 52.11072907540702, GPS(-43.520600, 172.583000, 0.000000, var=[-1.0, -1.0, -1.0])
20:51:41:780925, 3, 5, 1632988301.740575, 42, GPS(-43.520690, 172.582876, 21.440670, var=[1.0, 1.0, 1.0]), 52.09730185714244, GPS(-43.520600, 172.583000, 0.000000, var=[-1.0, -1.0, -1.0])
20:51:41:866259, 4, 5, 1632988301.7408488, 41, GPS(-43.520690, 172.583124, 21.430722, var=[1.0, 1.0, 1.0]), 52.074074113157366, GPS(-43.520600, 172.583000, 0.000000, var=[-1.0, -1.0, -1.0])
20:51:41:961320, 1, 5, 1632988301.7410474, 40, GPS(-43.520510, 172.582876, 21.421958, var=[1.0, 1.0, 1.0]), 52.113981979414035, GPS(-43.520600, 172.583000, 0.000000, var=[-1.0, -1.0, -1.0])
20:51:42:056250, 2, 5, 1632988301.7420294, 39, GPS(-43.520510, 172.583124, 21.420010, var=[1.0, 1.0, 1.0]), 52.094713579261736, GPS(-43.520600, 172.583000, 0.000000, var=[-1.0, -1.0, -1.0])
20:51:42:129811, 3, 5, 1632988301.8407257, 43, GPS(-43.520690, 172.582876, 21.440670, var=[1.0, 1.0, 1.0]), 52.09730185714244, GPS(-43.520600, 172.583000, 0.000000, var=[-1.0, -1.0, -1.0])
20:51:42:227525, 4, 5, 1632988301.8405566, 42, GPS(-43.520690, 172.583124, 21.429722, var=[1.0, 1.0, 1.0]), 52.077553544519745, GPS(-43.520600, 172.583000, 0.000000, var=[-1.0, -1.0, -1.0])
20:51:42:325758, 1, 5, 1632988301.840518, 41, GPS(-43.520510, 172.582876, 21.420958, var=[1.0, 1.0, 1.0]), 52.113148447008854, GPS(-43.520600, 172.583000, 0.000000, var=[-1.0, -1.0, -1.0])
20:51:42:421939, 2, 5, 1632988301.8405728, 40, GPS(-43.520510, 172.583124, 21.420010, var=[1.0, 1.0, 1.0]), 52.094713579261736, GPS(-43.520600, 172.583000, 0.000000, var=[-1.0, -1.0, -1.0])
20:51:42:891976, 3, 5, 1632988302.840749, 44, GPS(-43.520690, 172.582876, 21.448670, var=[1.0, 1.0, 1.0]), 52.11888756369814, GPS(-43.520600, 172.583000, 0.000000, var=[-1.0, -1.0, -1.0])
20:51:42:994136, 2, 5, 1632988302.841186, 41, GPS(-43.520510, 172.583124, 21.421010, var=[1.0, 1.0, 1.0]), 52.11986621638795, GPS(-43.520600, 172.583000, 0.000000, var=[-1.0, -1.0, -1.0])
20:51:43:098775, 1, 5, 1632988302.8420637, 42, GPS(-43.520510, 172.582876, 21.421958, var=[1.0, 1.0, 1.0]), 52.12454640118868, GPS(-43.520600, 172.583000, 0.000000, var=[-1.0, -1.0, -1.0])
20:51:43:197620, 4, 5, 1632988302.8427289, 43, GPS(-43.520690, 172.583124, 21.440722, var=[1.0, 1.0, 1.0]), 52.10793601612232, GPS(-43.520600, 172.583000, 0.000000, var=[-1.0, -1.0, -1.0])
20:51:43:292553, 3, 5, 1632988302.9415948, 45, GPS(-43.520690, 172.582876, 21.449670, var=[1.0, 1.0, 1.0]), 52.11972247224, GPS(-43.520600, 172.583000, 0.000000, var=[-1.0, -1.0, -1.0])
20:51:43:387838, 2, 5, 1632988302.941553, 42, GPS(-43.520510, 172.583124, 21.420010, var=[1.0, 1.0, 1.0]), 52.11903242814279, GPS(-43.520600, 172.583000, 0.000000, var=[-1.0, -1.0, -1.0])
20:51:43:498000, 1, 5, 1632988302.9419806, 43, GPS(-43.520510, 172.582876, 21.422958, var=[1.0, 1.0, 1.0]), 52.12538008632387, GPS(-43.520600, 172.583000, 0.000000, var=[-1.0, -1.0, -1.0])
20:51:43:583809, 4, 5, 1632988302.9417982, 44, GPS(-43.520690, 172.583124, 21.441722, var=[1.0, 1.0, 1.0]), 52.113086922654105, GPS(-43.520600, 172.583000, 0.000000, var=[-1.0, -1.0, -1.0])
20:51:43:942236, 3, 5, 1632988303.942108, 46, GPS(-43.520690, 172.582876, 21.447670, var=[1.0, 1.0, 1.0]), 52.09761345342153, GPS(-43.520600, 172.583000, 0.000000, var=[-1.0, -1.0, -1.0])
20:51:44:039556, 1, 5, 1632988303.942971, 44, GPS(-43.520510, 172.582876, 21.422957, var=[1.0, 1.0, 1.0]), 52.10058853285798, GPS(-43.520600, 172.583000, 0.000000, var=[-1.0, -1.0, -1.0])
20:51:44:126214, 4, 5, 1632988303.942871, 45, GPS(-43.520690, 172.583124, 21.437722, var=[1.0, 1.0, 1.0]), 52.09127321615866, GPS(-43.520600, 172.583000, 0.000000, var=[-1.0, -1.0, -1.0])
20:51:44:200971, 2, 5, 1632988303.9429295, 43, GPS(-43.520510, 172.583124, 21.415009, var=[1.0, 1.0, 1.0]), 52.08887673015393, GPS(-43.520600, 172.583000, 0.000000, var=[-1.0, -1.0, -1.0])
20:51:44:276528, 3, 5, 1632988304.094611, 47, GPS(-43.520690, 172.582876, 21.445670, var=[1.0, 1.0, 1.0]), 52.095943082266004, GPS(-43.520600, 172.583000, 0.000000, var=[-1.0, -1.0, -1.0])
20:51:44:390740, 1, 5, 1632988304.0948517, 45, GPS(-43.520510, 172.582876, 21.421957, var=[1.0, 1.0, 1.0]), 52.09541852501413, GPS(-43.520600, 172.583000, 0.000000, var=[-1.0, -1.0, -1.0])
20:51:44:467989, 4, 5, 1632988304.0945826, 46, GPS(-43.520690, 172.583124, 21.437722, var=[1.0, 1.0, 1.0]), 52.09127321615866, GPS(-43.520600, 172.583000, 0.000000, var=[-1.0, -1.0, -1.0])
20:51:44:565878, 2, 5, 1632988304.0946343, 44, GPS(-43.520510, 172.583124, 21.414009, var=[1.0, 1.0, 1.0]), 52.0836998558415, GPS(-43.520600, 172.583000, 0.000000, var=[-1.0, -1.0, -1.0])
20:51:45:095168, 4, 5, 1632988305.0949762, 47, GPS(-43.520690, 172.583124, 21.429722, var=[1.0, 1.0, 1.0]), 52.06813399983336, GPS(-43.520600, 172.583000, 0.000000, var=[-1.0, -1.0, -1.0])
20:51:45:210659, 4, 5, 1632988305.1953068, 48, GPS(-43.520690, 172.583124, 21.429722, var=[1.0, 1.0, 1.0]), 52.06813399983336, GPS(-43.520600, 172.583000, 0.000000, var=[-1.0, -1.0, -1.0])
20:51:45:313629, 2, 5, 1632988305.0951338, 45, GPS(-43.520510, 172.583124, 21.411009, var=[1.0, 1.0, 1.0]), 52.06592366366078, GPS(-43.520600, 172.583000, 0.000000, var=[-1.0, -1.0, -1.0])
20:51:45:401699, 1, 5, 1632988305.0957575, 46, GPS(-43.520510, 172.582876, 21.415957, var=[1.0, 1.0, 1.0]), 52.077080501515994, GPS(-43.520600, 172.583000, 0.000000, var=[-1.0, -1.0, -1.0])
20:51:45:476612, 3, 5, 1632988305.095945, 48, GPS(-43.520690, 172.582876, 21.438670, var=[1.0, 1.0, 1.0]), 52.085419212355475, GPS(-43.520600, 172.583000, 0.000000, var=[-1.0, -1.0, -1.0])
20:51:45:535700, 3, 5, 1632988305.1953516, 49, GPS(-43.520690, 172.582876, 21.437670, var=[1.0, 1.0, 1.0]), 52.084584267516306, GPS(-43.520600, 172.583000, 0.000000, var=[-1.0, -1.0, -1.0])
20:51:45:599010, 2, 5, 1632988305.1954718, 46, GPS(-43.520510, 172.583124, 21.411009, var=[1.0, 1.0, 1.0]), 52.06279027350707, GPS(-43.520600, 172.583000, 0.000000, var=[-1.0, -1.0, -1.0])
20:51:45:687716, 1, 5, 1632988305.19534, 47, GPS(-43.520510, 172.582876, 21.414957, var=[1.0, 1.0, 1.0]), 52.07624617032056, GPS(-43.520600, 172.583000, 0.000000, var=[-1.0, -1.0, -1.0])
20:51:46:196451, 2, 5, 1632988306.1963294, 47, GPS(-43.520510, 172.583123, 21.423009, var=[1.0, 1.0, 1.0]), 52.07201993827821, GPS(-43.520600, 172.583000, 0.000000, var=[-1.0, -1.0, -1.0])
20:51:46:262733, 3, 5, 1632988306.2566423, 50, GPS(-43.520690, 172.582876, 21.437670, var=[1.0, 1.0, 1.0]), 52.09786799764804, GPS(-43.520600, 172.583000, 0.000000, var=[-1.0, -1.0, -1.0])
20:51:46:333424, 4, 5, 1632988306.2501552, 49, GPS(-43.520690, 172.583124, 21.446722, var=[1.0, 1.0, 1.0]), 52.079915376102875, GPS(-43.520600, 172.583000, 0.000000, var=[-1.0, -1.0, -1.0])
20:51:46:386718, 1, 5, 1632988306.2629378, 48, GPS(-43.520510, 172.582876, 21.423957, var=[1.0, 1.0, 1.0]), 52.09194373164055, GPS(-43.520600, 172.583000, 0.000000, var=[-1.0, -1.0, -1.0])
20:51:46:447573, 2, 5, 1632988306.2960846, 48, GPS(-43.520510, 172.583123, 21.424009, var=[1.0, 1.0, 1.0]), 52.081854610228476, GPS(-43.520600, 172.583000, 0.000000, var=[-1.0, -1.0, -1.0])
20:51:46:551142, 3, 5, 1632988306.296713, 51, GPS(-43.520690, 172.582876, 21.437670, var=[1.0, 1.0, 1.0]), 52.09786799764804, GPS(-43.520600, 172.583000, 0.000000, var=[-1.0, -1.0, -1.0])
20:51:46:633106, 4, 5, 1632988306.3006473, 50, GPS(-43.520690, 172.583124, 21.446722, var=[1.0, 1.0, 1.0]), 52.079915376102875, GPS(-43.520600, 172.583000, 0.000000, var=[-1.0, -1.0, -1.0])
20:51:46:706404, 1, 5, 1632988306.296788, 49, GPS(-43.520510, 172.582876, 21.424957, var=[1.0, 1.0, 1.0]), 52.09277813073727, GPS(-43.520600, 172.583000, 0.000000, var=[-1.0, -1.0, -1.0])
20:51:47:308770, 3, 5, 1632988307.2975874, 52, GPS(-43.520690, 172.582876, 21.442671, var=[1.0, 1.0, 1.0]), 52.09510830670268, GPS(-43.520600, 172.583000, 0.000000, var=[-1.0, -1.0, -1.0])
20:51:47:371367, 2, 5, 1632988307.2977448, 49, GPS(-43.520510, 172.583124, 21.432009, var=[1.0, 1.0, 1.0]), 52.10637255208856, GPS(-43.520600, 172.583000, 0.000000, var=[-1.0, -1.0, -1.0])
20:51:47:464799, 1, 5, 1632988307.2977734, 50, GPS(-43.520510, 172.582876, 21.429958, var=[1.0, 1.0, 1.0]), 52.12033142598862, GPS(-43.520600, 172.583000, 0.000000, var=[-1.0, -1.0, -1.0])
20:51:47:558886, 4, 5, 1632988307.3017216, 51, GPS(-43.520689, 172.583123, 21.443722, var=[1.0, 1.0, 1.0]), 52.06658314906337, GPS(-43.520600, 172.583000, 0.000000, var=[-1.0, -1.0, -1.0])
20:51:47:663899, 3, 5, 1632988307.434881, 53, GPS(-43.520690, 172.582876, 21.443671, var=[1.0, 1.0, 1.0]), 52.10315312391273, GPS(-43.520600, 172.583000, 0.000000, var=[-1.0, -1.0, -1.0])
20:51:47:769122, 2, 5, 1632988307.4329443, 50, GPS(-43.520510, 172.583124, 21.432009, var=[1.0, 1.0, 1.0]), 52.11043606777187, GPS(-43.520600, 172.583000, 0.000000, var=[-1.0, -1.0, -1.0])
20:51:47:888493, 1, 5, 1632988307.42716, 51, GPS(-43.520510, 172.582876, 21.428958, var=[1.0, 1.0, 1.0]), 52.12356104730873, GPS(-43.520600, 172.583000, 0.000000, var=[-1.0, -1.0, -1.0])
20:51:47:975033, 4, 5, 1632988307.4585047, 52, GPS(-43.520689, 172.583123, 21.443722, var=[1.0, 1.0, 1.0]), 52.07064666474668, GPS(-43.520600, 172.583000, 0.000000, var=[-1.0, -1.0, -1.0])
20:51:48:446334, 1, 5, 1632988308.4290164, 52, GPS(-43.520510, 172.582876, 21.436958, var=[1.0, 1.0, 1.0]), 52.14164749772552, GPS(-43.520600, 172.583000, 0.000000, var=[-1.0, -1.0, -1.0])
20:51:48:546027, 2, 5, 1632988308.4342983, 51, GPS(-43.520510, 172.583124, 21.438009, var=[1.0, 1.0, 1.0]), 52.10873783889089, GPS(-43.520600, 172.583000, 0.000000, var=[-1.0, -1.0, -1.0])
20:51:48:639581, 3, 5, 1632988308.4367008, 54, GPS(-43.520689, 172.582876, 21.449671, var=[1.0, 1.0, 1.0]), 52.10584636972345, GPS(-43.520600, 172.583000, 0.000000, var=[-1.0, -1.0, -1.0])
20:51:48:696186, 4, 5, 1632988308.4596736, 53, GPS(-43.520690, 172.583123, 21.447722, var=[1.0, 1.0, 1.0]), 52.0802921114969, GPS(-43.520600, 172.583000, 0.000000, var=[-1.0, -1.0, -1.0])
20:51:48:766223, 1, 5, 1632988308.6014786, 53, GPS(-43.520510, 172.582876, 21.436958, var=[1.0, 1.0, 1.0]), 52.14563889806563, GPS(-43.520600, 172.583000, 0.000000, var=[-1.0, -1.0, -1.0])
20:51:48:840409, 2, 5, 1632988308.6033995, 52, GPS(-43.520510, 172.583124, 21.438009, var=[1.0, 1.0, 1.0]), 52.112729239230994, GPS(-43.520600, 172.583000, 0.000000, var=[-1.0, -1.0, -1.0])
20:51:48:945003, 3, 5, 1632988308.598844, 55, GPS(-43.520689, 172.582876, 21.449671, var=[1.0, 1.0, 1.0]), 52.10983777006356, GPS(-43.520600, 172.583000, 0.000000, var=[-1.0, -1.0, -1.0])
20:51:49:008591, 4, 5, 1632988308.6050947, 54, GPS(-43.520690, 172.583123, 21.453722, var=[1.0, 1.0, 1.0]), 52.093615189688286, GPS(-43.520600, 172.583000, 0.000000, var=[-1.0, -1.0, -1.0])
20:51:49:628198, 3, 5, 1632988309.5996785, 56, GPS(-43.520690, 172.582876, 21.455670, var=[1.0, 1.0, 1.0]), 52.12632137075353, GPS(-43.520600, 172.583000, 0.000000, var=[-1.0, -1.0, -1.0])
20:51:49:683703, 1, 5, 1632988309.6033344, 54, GPS(-43.520510, 172.582876, 21.455957, var=[1.0, 1.0, 1.0]), 52.14699197183924, GPS(-43.520600, 172.583000, 0.000000, var=[-1.0, -1.0, -1.0])
20:51:49:757129, 2, 5, 1632988309.6037445, 53, GPS(-43.520510, 172.583123, 21.451009, var=[1.0, 1.0, 1.0]), 52.11778075523644, GPS(-43.520600, 172.583000, 0.000000, var=[-1.0, -1.0, -1.0])
20:51:49:871472, 4, 5, 1632988309.6052697, 55, GPS(-43.520690, 172.583124, 21.457722, var=[1.0, 1.0, 1.0]), 52.12217987812771, GPS(-43.520600, 172.583000, 0.000000, var=[-1.0, -1.0, -1.0])
20:51:49:949357, 3, 5, 1632988309.705489, 57, GPS(-43.520690, 172.582876, 21.455670, var=[1.0, 1.0, 1.0]), 52.130635893660376, GPS(-43.520600, 172.583000, 0.000000, var=[-1.0, -1.0, -1.0])
20:51:50:021689, 1, 5, 1632988309.7054949, 55, GPS(-43.520510, 172.582876, 21.457957, var=[1.0, 1.0, 1.0]), 52.148661129879386, GPS(-43.520600, 172.583000, 0.000000, var=[-1.0, -1.0, -1.0])
20:51:50:091173, 2, 5, 1632988309.7056487, 54, GPS(-43.520510, 172.583123, 21.452009, var=[1.0, 1.0, 1.0]), 52.11861608497286, GPS(-43.520600, 172.583000, 0.000000, var=[-1.0, -1.0, -1.0])
20:51:50:182752, 4, 5, 1632988309.7054985, 56, GPS(-43.520690, 172.583124, 21.455722, var=[1.0, 1.0, 1.0]), 52.12050901736556, GPS(-43.520600, 172.583000, 0.000000, var=[-1.0, -1.0, -1.0])
20:51:50:707291, 3, 5, 1632988310.7069063, 58, GPS(-43.520690, 172.582876, 21.465670, var=[1.0, 1.0, 1.0]), 52.16189196483923, GPS(-43.520600, 172.583000, 0.000000, var=[-1.0, -1.0, -1.0])
20:51:50:794830, 2, 5, 1632988310.7069266, 55, GPS(-43.520510, 172.583123, 21.460008, var=[1.0, 1.0, 1.0]), 52.12226173622231, GPS(-43.520600, 172.583000, 0.000000, var=[-1.0, -1.0, -1.0])
20:51:50:916464, 1, 5, 1632988310.7073214, 56, GPS(-43.520510, 172.582876, 21.449957, var=[1.0, 1.0, 1.0]), 52.14013109340458, GPS(-43.520600, 172.583000, 0.000000, var=[-1.0, -1.0, -1.0])
20:51:51:022526, 4, 5, 1632988310.7074783, 57, GPS(-43.520690, 172.583124, 21.452721, var=[1.0, 1.0, 1.0]), 52.140946885871514, GPS(-43.520600, 172.583000, 0.000000, var=[-1.0, -1.0, -1.0])
20:51:51:071955, 3, 5, 1632988310.7574449, 59, GPS(-43.520690, 172.582876, 21.464670, var=[1.0, 1.0, 1.0]), 52.16105718676218, GPS(-43.520600, 172.583000, 0.000000, var=[-1.0, -1.0, -1.0])
20:51:51:110703, 2, 5, 1632988310.7575023, 56, GPS(-43.520510, 172.583123, 21.460008, var=[1.0, 1.0, 1.0]), 52.12226173622231, GPS(-43.520600, 172.583000, 0.000000, var=[-1.0, -1.0, -1.0])
20:51:51:180274, 1, 5, 1632988310.7574317, 57, GPS(-43.520510, 172.582876, 21.449957, var=[1.0, 1.0, 1.0]), 52.14013109340458, GPS(-43.520600, 172.583000, 0.000000, var=[-1.0, -1.0, -1.0])
20:51:51:236783, 4, 5, 1632988310.7574482, 58, GPS(-43.520690, 172.583124, 21.452721, var=[1.0, 1.0, 1.0]), 52.140946885871514, GPS(-43.520600, 172.583000, 0.000000, var=[-1.0, -1.0, -1.0])
STOP: 09/30/2021 20:51:52:206978
