START: 09/17/2021 10:40:04:720791
TIME,            STATES_LIST,          TARGET_FILT_CART,          TARGET_FILT_GPS,          TARGET_REAL_GPS,          TX_FILT_CART,          TX_FILT_GPS,          TX_REAL_GPS,          MULTILATERATION_ERROR,          MODE,          
10:40:11:401456, [1, 1, 1, 1]1, None, GPS(-43.520600, 172.583000, 0.000000, var=[-1.0, -1.0, -1.0]), GPS(-43.520600, 172.583000, 0.000000, var=[-1.0, -1.0, -1.0]), None, GPS(-43.520600, 172.583000, 15.000000, var=[-1, -1, -1]), GPS(-43.520600, 172.583000, 23.318840, var=[1.0, 1.0, 1.0]), 0.0, OFFBOARD
10:40:11:538517, [1, 1, 1, 1]1, None, GPS(-43.520600, 172.583000, 0.000000, var=[-1.0, -1.0, -1.0]), GPS(-43.520600, 172.583010, 0.000000, var=[-1.0, -1.0, -1.0]), None, GPS(-43.520600, 172.583000, 15.000000, var=[-1, -1, -1]), GPS(-43.520600, 172.583000, 23.739840, var=[1.0, 1.0, 1.0]), 0.8063042509277437, OFFBOARD
10:40:12:539967, [1, 1, 1, 1]1, None, GPS(-43.520600, 172.583000, 0.000000, var=[-1.0, -1.0, -1.0]), GPS(-43.520600, 172.583010, 0.000000, var=[-1.0, -1.0, -1.0]), None, GPS(-43.520600, 172.583000, 15.000000, var=[-1, -1, -1]), GPS(-43.520600, 172.583000, 25.645840, var=[1.0, 1.0, 1.0]), 0.8063042509277437, OFFBOARD
10:40:13:540827, [1, 1, 1, 1]1, None, GPS(-43.520600, 172.583000, 0.000000, var=[-1.0, -1.0, -1.0]), GPS(-43.520600, 172.583020, 0.000000, var=[-1.0, -1.0, -1.0]), None, GPS(-43.520600, 172.583000, 15.000000, var=[-1, -1, -1]), GPS(-43.520599, 172.583000, 26.201841, var=[1.0, 1.0, 1.0]), 1.6126085039070832, OFFBOARD
10:40:13:542567, [1, 1, 1, 1]1, None, GPS(-43.520600, 172.583000, 0.000000, var=[-1.0, -1.0, -1.0]), GPS(-43.520600, 172.583020, 0.000000, var=[-1.0, -1.0, -1.0]), None, GPS(-43.520600, 172.583000, 15.000000, var=[-1, -1, -1]), GPS(-43.520599, 172.583000, 26.201841, var=[1.0, 1.0, 1.0]), 1.6126085039070832, OFFBOARD
10:40:14:543290, [1, 1, 1, 1]1, None, GPS(-43.520600, 172.583000, 0.000000, var=[-1.0, -1.0, -1.0]), GPS(-43.520600, 172.583030, 0.000000, var=[-1.0, -1.0, -1.0]), None, GPS(-43.520600, 172.583000, 15.000000, var=[-1, -1, -1]), GPS(-43.520599, 172.583000, 26.386841, var=[1.0, 1.0, 1.0]), 2.4189127548348273, OFFBOARD
10:40:15:542458, [1, 1, 1, 1]1, None, GPS(-43.520600, 172.583000, 0.000000, var=[-1.0, -1.0, -1.0]), GPS(-43.520602, 172.583040, 0.000000, var=[-1.0, -1.0, -1.0]), None, GPS(-43.520600, 172.583000, 15.000000, var=[-1, -1, -1]), GPS(-43.520599, 172.583000, 26.439840, var=[1.0, 1.0, 1.0]), 3.232875136667853, OFFBOARD
10:40:15:584682, [1, 1, 1, 1]1, None, GPS(-43.520600, 172.583000, 0.000000, var=[-1.0, -1.0, -1.0]), GPS(-43.520602, 172.583040, 0.000000, var=[-1.0, -1.0, -1.0]), None, GPS(-43.520600, 172.583000, 15.000000, var=[-1, -1, -1]), GPS(-43.520599, 172.583000, 26.440840, var=[1.0, 1.0, 1.0]), 3.232875136667853, OFFBOARD
10:40:16:584699, [1, 1, 1, 1]1, None, GPS(-43.520600, 172.583000, 0.000000, var=[-1.0, -1.0, -1.0]), GPS(-43.520600, 172.583060, 0.000000, var=[-1.0, -1.0, -1.0]), None, GPS(-43.520600, 172.583000, 15.000000, var=[-1, -1, -1]), GPS(-43.520599, 172.583000, 26.457840, var=[1.0, 1.0, 1.0]), 4.8378255096696545, OFFBOARD
10:40:16:621194, [1, 2, 1, 1]1, None, GPS(-43.520600, 172.583000, 0.000000, var=[-1.0, -1.0, -1.0]), GPS(-43.520600, 172.583060, 0.000000, var=[-1.0, -1.0, -1.0]), None, GPS(-43.520600, 172.583000, 15.000000, var=[-1, -1, -1]), GPS(-43.520599, 172.583000, 26.457840, var=[1.0, 1.0, 1.0]), 4.8378255096696545, OFFBOARD
10:40:17:621818, [2, 2, 2, 1]1, None, GPS(-43.520600, 172.583000, 0.000000, var=[-1.0, -1.0, -1.0]), GPS(-43.520600, 172.583070, 0.000000, var=[-1.0, -1.0, -1.0]), None, GPS(-43.520600, 172.583000, 15.000000, var=[-1, -1, -1]), GPS(-43.520600, 172.583000, 26.459840, var=[1.0, 1.0, 1.0]), 5.644129762648994, OFFBOARD
10:40:17:622735, [2, 2, 2, 1]1, None, GPS(-43.520600, 172.583000, 0.000000, var=[-1.0, -1.0, -1.0]), GPS(-43.520600, 172.583070, 0.000000, var=[-1.0, -1.0, -1.0]), None, GPS(-43.520600, 172.583000, 15.000000, var=[-1, -1, -1]), GPS(-43.520600, 172.583000, 26.459840, var=[1.0, 1.0, 1.0]), 5.644129762648994, OFFBOARD
10:40:18:622756, [2, 2, 2, 2]2, None, GPS(-43.520600, 172.583000, 0.000000, var=[-1.0, -1.0, -1.0]), GPS(-43.520605, 172.583080, 0.000000, var=[-1.0, -1.0, -1.0]), None, GPS(-43.520600, 172.583000, 15.000000, var=[-1, -1, -1]), GPS(-43.520600, 172.583000, 26.454840, var=[1.0, 1.0, 1.0]), 6.47434964364881, OFFBOARD
10:40:18:623950, [2, 2, 2, 2]2, None, GPS(-43.520600, 172.583000, 0.000000, var=[-1.0, -1.0, -1.0]), GPS(-43.520605, 172.583080, 0.000000, var=[-1.0, -1.0, -1.0]), None, GPS(-43.520600, 172.583000, 15.000000, var=[-1, -1, -1]), GPS(-43.520600, 172.583000, 26.454840, var=[1.0, 1.0, 1.0]), 6.47434964364881, OFFBOARD
10:40:19:626140, [2, 2, 2, 2]2, None, GPS(-43.520600, 172.583000, 0.000000, var=[-1.0, -1.0, -1.0]), GPS(-43.520610, 172.583090, 0.000000, var=[-1.0, -1.0, -1.0]), None, GPS(-43.520600, 172.583000, 15.000000, var=[-1, -1, -1]), GPS(-43.520600, 172.583000, 26.454839, var=[1.0, 1.0, 1.0]), 7.341435330441096, OFFBOARD
10:40:20:626056, [2, 2, 2, 2]2, None, GPS(-43.520600, 172.583000, 0.000000, var=[-1.0, -1.0, -1.0]), GPS(-43.520610, 172.583100, 0.000000, var=[-1.0, -1.0, -1.0]), None, GPS(-43.520600, 172.583000, 15.000000, var=[-1, -1, -1]), GPS(-43.520600, 172.583000, 26.442839, var=[1.0, 1.0, 1.0]), 8.139353477589832, OFFBOARD
10:40:20:664861, [2, 2, 2, 2]2, None, GPS(-43.520600, 172.583000, 0.000000, var=[-1.0, -1.0, -1.0]), GPS(-43.520610, 172.583100, 0.000000, var=[-1.0, -1.0, -1.0]), None, GPS(-43.520600, 172.583000, 15.000000, var=[-1, -1, -1]), GPS(-43.520600, 172.583000, 26.441839, var=[1.0, 1.0, 1.0]), 8.139353477589832, OFFBOARD
10:40:21:665906, [2, 2, 2, 2]2, None, GPS(-43.520600, 172.583000, 0.000000, var=[-1.0, -1.0, -1.0]), GPS(-43.520610, 172.583110, 0.000000, var=[-1.0, -1.0, -1.0]), None, GPS(-43.520600, 172.583000, 15.000000, var=[-1, -1, -1]), GPS(-43.520600, 172.582999, 26.433839, var=[1.0, 1.0, 1.0]), 8.938776776845327, OFFBOARD
10:40:21:667675, [2, 2, 2, 2]2, None, GPS(-43.520600, 172.583000, 0.000000, var=[-1.0, -1.0, -1.0]), GPS(-43.520610, 172.583110, 0.000000, var=[-1.0, -1.0, -1.0]), None, GPS(-43.520600, 172.583000, 15.000000, var=[-1, -1, -1]), GPS(-43.520600, 172.582999, 26.433839, var=[1.0, 1.0, 1.0]), 8.938776776845327, OFFBOARD
10:40:22:667080, [2, 2, 2, 2]2, None, GPS(-43.520600, 172.583000, 0.000000, var=[-1.0, -1.0, -1.0]), GPS(-43.520611, 172.583110, 0.000000, var=[-1.0, -1.0, -1.0]), None, GPS(-43.520600, 172.583000, 15.000000, var=[-1, -1, -1]), GPS(-43.520600, 172.582999, 26.423840, var=[1.0, 1.0, 1.0]), 8.953288753822566, OFFBOARD
10:40:22:669080, [2, 2, 2, 4]2, None, GPS(-43.520600, 172.583000, 0.000000, var=[-1.0, -1.0, -1.0]), GPS(-43.520611, 172.583110, 0.000000, var=[-1.0, -1.0, -1.0]), None, GPS(-43.520600, 172.583000, 15.000000, var=[-1, -1, -1]), GPS(-43.520600, 172.582999, 26.423840, var=[1.0, 1.0, 1.0]), 8.953288753822566, OFFBOARD
10:40:23:668903, [2, 2, 2, 4]2, None, GPS(-43.520600, 172.583000, 0.000000, var=[-1.0, -1.0, -1.0]), GPS(-43.520610, 172.583120, 0.000000, var=[-1.0, -1.0, -1.0]), None, GPS(-43.520600, 172.583000, 15.000000, var=[-1, -1, -1]), GPS(-43.520600, 172.582999, 26.424840, var=[1.0, 1.0, 1.0]), 9.739334594361093, OFFBOARD
10:40:24:670019, [2, 2, 4, 4]2, None, GPS(-43.520600, 172.583000, 0.000000, var=[-1.0, -1.0, -1.0]), GPS(-43.520610, 172.583130, 0.000000, var=[-1.0, -1.0, -1.0]), None, GPS(-43.520600, 172.583000, 15.000000, var=[-1, -1, -1]), GPS(-43.520600, 172.582999, 26.429840, var=[1.0, 1.0, 1.0]), 10.540768441304252, OFFBOARD
10:40:24:671402, [2, 2, 4, 4]2, None, GPS(-43.520600, 172.583000, 0.000000, var=[-1.0, -1.0, -1.0]), GPS(-43.520610, 172.583130, 0.000000, var=[-1.0, -1.0, -1.0]), None, GPS(-43.520600, 172.583000, 15.000000, var=[-1, -1, -1]), GPS(-43.520600, 172.582999, 26.429840, var=[1.0, 1.0, 1.0]), 10.540768441304252, OFFBOARD
10:40:25:671500, [2, 2, 4, 4]2, None, GPS(-43.520600, 172.583000, 0.000000, var=[-1.0, -1.0, -1.0]), GPS(-43.520610, 172.583140, 0.000000, var=[-1.0, -1.0, -1.0]), None, GPS(-43.520600, 172.583000, 15.000000, var=[-1, -1, -1]), GPS(-43.520600, 172.583000, 26.420840, var=[1.0, 1.0, 1.0]), 11.342892627561524, OFFBOARD
10:40:26:672949, [2, 4, 4, 4]2, None, GPS(-43.520600, 172.583000, 0.000000, var=[-1.0, -1.0, -1.0]), GPS(-43.520614, 172.583150, 0.000000, var=[-1.0, -1.0, -1.0]), None, GPS(-43.520600, 172.583000, 15.000000, var=[-1, -1, -1]), GPS(-43.520600, 172.583000, 26.417840, var=[1.0, 1.0, 1.0]), 12.194336557973125, OFFBOARD
10:40:26:675651, [2, 4, 4, 4]2, None, GPS(-43.520600, 172.583000, 0.000000, var=[-1.0, -1.0, -1.0]), GPS(-43.520614, 172.583150, 0.000000, var=[-1.0, -1.0, -1.0]), None, GPS(-43.520600, 172.583000, 15.000000, var=[-1, -1, -1]), GPS(-43.520600, 172.583000, 26.417840, var=[1.0, 1.0, 1.0]), 12.194336557973125, OFFBOARD
10:40:27:674282, [2, 4, 4, 4]2, None, GPS(-43.520600, 172.583000, 0.000000, var=[-1.0, -1.0, -1.0]), GPS(-43.520610, 172.583160, 0.000000, var=[-1.0, -1.0, -1.0]), None, GPS(-43.520600, 172.583000, 15.000000, var=[-1, -1, -1]), GPS(-43.520600, 172.583000, 26.409840, var=[1.0, 1.0, 1.0]), 12.948698756692357, OFFBOARD
10:40:28:674596, [2, 4, 4, 4]2, None, GPS(-43.520600, 172.583000, 0.000000, var=[-1.0, -1.0, -1.0]), GPS(-43.520610, 172.583170, 0.000000, var=[-1.0, -1.0, -1.0]), None, GPS(-43.520600, 172.583000, 15.000000, var=[-1, -1, -1]), GPS(-43.520600, 172.583000, 26.400840, var=[1.0, 1.0, 1.0]), 13.75219880404303, OFFBOARD
10:40:28:675853, [4, 4, 4, 4]2, None, GPS(-43.520600, 172.583000, 0.000000, var=[-1.0, -1.0, -1.0]), GPS(-43.520610, 172.583170, 0.000000, var=[-1.0, -1.0, -1.0]), None, GPS(-43.520600, 172.583000, 15.000000, var=[-1, -1, -1]), GPS(-43.520600, 172.583000, 26.400840, var=[1.0, 1.0, 1.0]), 13.75219880404303, OFFBOARD
10:40:29:675935, [4, 4, 4, 4]2, None, GPS(-43.520600, 172.583000, 0.000000, var=[-1.0, -1.0, -1.0]), GPS(-43.520610, 172.583170, 0.000000, var=[-1.0, -1.0, -1.0]), None, GPS(-43.520600, 172.583000, 15.000000, var=[-1, -1, -1]), GPS(-43.520600, 172.583000, 26.385840, var=[1.0, 1.0, 1.0]), 13.75219880404303, OFFBOARD
10:40:30:678687, [4, 4, 4, 4]2, None, GPS(-43.520600, 172.583000, 0.000000, var=[-1.0, -1.0, -1.0]), GPS(-43.520610, 172.583180, 0.000000, var=[-1.0, -1.0, -1.0]), None, GPS(-43.520600, 172.583000, 15.000000, var=[-1, -1, -1]), GPS(-43.520600, 172.583000, 26.360840, var=[1.0, 1.0, 1.0]), 14.556008976860676, OFFBOARD
10:40:31:678268, [4, 4, 4, 4]2, None, GPS(-43.520600, 172.583000, 0.000000, var=[-1.0, -1.0, -1.0]), GPS(-43.520610, 172.583180, 0.000000, var=[-1.0, -1.0, -1.0]), None, GPS(-43.520600, 172.583000, 15.000000, var=[-1, -1, -1]), GPS(-43.520600, 172.583000, 26.366840, var=[1.0, 1.0, 1.0]), 14.556008976860676, OFFBOARD
10:40:31:706900, [4, 4, 4, 4]3, None, GPS(-43.520600, 172.583000, 0.000000, var=[-1.0, -1.0, -1.0]), GPS(-43.520610, 172.583180, 0.000000, var=[-1.0, -1.0, -1.0]), None, GPS(-43.520600, 172.583000, 15.000000, var=[-1, -1, -1]), GPS(-43.520600, 172.583000, 26.366840, var=[1.0, 1.0, 1.0]), 14.556008976860676, OFFBOARD
10:40:32:711698, [4, 4, 4, 4]3, None, GPS(-43.520600, 172.583000, 0.000000, var=[-1.0, -1.0, -1.0]), GPS(-43.520620, 172.583190, 0.000000, var=[-1.0, -1.0, -1.0]), None, GPS(-43.520600, 172.583000, 15.000000, var=[-1, -1, -1]), GPS(-43.520600, 172.583000, 26.375839, var=[1.0, 1.0, 1.0]), 15.48035303714478, OFFBOARD
10:40:33:710524, [4, 4, 4, 4]3, None, GPS(-43.520600, 172.583000, 0.000000, var=[-1.0, -1.0, -1.0]), GPS(-43.520623, 172.583210, 0.000000, var=[-1.0, -1.0, -1.0]), None, GPS(-43.520600, 172.583000, 15.000000, var=[-1, -1, -1]), GPS(-43.520600, 172.583000, 26.382840, var=[1.0, 1.0, 1.0]), 17.124439222014658, OFFBOARD
10:40:33:739796, [4, 4, 4, 4]3, None, GPS(-43.520600, 172.583000, 0.000000, var=[-1.0, -1.0, -1.0]), GPS(-43.520623, 172.583210, 0.000000, var=[-1.0, -1.0, -1.0]), None, GPS(-43.520600, 172.583000, 15.000000, var=[-1, -1, -1]), GPS(-43.520600, 172.583000, 26.382840, var=[1.0, 1.0, 1.0]), 17.124439222014658, OFFBOARD
10:40:34:741481, [4, 4, 4, 4]3, None, GPS(-43.520600, 172.583000, 0.000000, var=[-1.0, -1.0, -1.0]), GPS(-43.520620, 172.583220, 0.000000, var=[-1.0, -1.0, -1.0]), None, GPS(-43.520600, 172.583000, 15.000000, var=[-1, -1, -1]), GPS(-43.520600, 172.583000, 26.394840, var=[1.0, 1.0, 1.0]), 17.877552095148182, OFFBOARD
10:40:34:744763, [4, 4, 4, 4]3, None, GPS(-43.520600, 172.583000, 0.000000, var=[-1.0, -1.0, -1.0]), GPS(-43.520620, 172.583220, 0.000000, var=[-1.0, -1.0, -1.0]), None, GPS(-43.520600, 172.583000, 15.000000, var=[-1, -1, -1]), GPS(-43.520600, 172.583000, 26.394840, var=[1.0, 1.0, 1.0]), 17.877552095148182, OFFBOARD
10:48:30:171062, [4, 4, 4, 4]5, [-1.63676291 -2.62505229  0.24607872], GPS(-43.520644, 172.583200, 0.246079, var=[0.018862572842786144, 0.017403963064837855, 0.01039106028577643]), GPS(-43.520620, 172.583230, 0.000000, var=[-1.0, -1.0, -1.0]), [-17.74168743   2.23280447  26.40163924], GPS(-43.520644, 172.583200, 15.246079, var=[-1, -1, -1]), GPS(-43.520600, 172.582999, 26.465840, var=[1.0, 1.0, 1.0]), 3.5944440218212272, OFFBOARD
10:48:30:532425, [4, 4, 4, 4]5, [-1.18936667 -2.65592704  0.18841979], GPS(-43.520644, 172.583205, 0.188420, var=[0.07489751160701026, 0.07885512028004787, 0.04961144723687911]), GPS(-43.520620, 172.583230, 0.000000, var=[-1.0, -1.0, -1.0]), [-17.79951806   2.26625332  26.56788321], GPS(-43.520644, 172.583205, 15.188420, var=[-1, -1, -1]), GPS(-43.520600, 172.583002, 26.566839, var=[1.0, 1.0, 1.0]), 3.3274840724635535, OFFBOARD
10:48:30:936301, [4, 4, 4, 4]5, [-0.69966957 -2.77679195  0.20990599], GPS(-43.520645, 172.583211, 0.209906, var=[0.1917482157890168, 0.2004592768977911, 0.12107227061867945]), GPS(-43.520620, 172.583240, 0.000000, var=[-1.0, -1.0, -1.0]), [-17.35488573   2.15701473  26.64649392], GPS(-43.520645, 172.583211, 15.209906, var=[-1, -1, -1]), GPS(-43.520604, 172.583020, 26.636837, var=[1.0, 1.0, 1.0]), 3.6195661698659083, OFFBOARD
10:48:31:298647, [4, 4, 4, 4]5, [ 0.51338813 -3.18817404  0.30734807], GPS(-43.520649, 172.583226, 0.307348, var=[0.24468983640303066, 0.2589864077842628, 0.1517723366412373]), GPS(-43.520620, 172.583240, 0.000000, var=[-1.0, -1.0, -1.0]), [-16.06887875   1.80077411  26.77285504], GPS(-43.520649, 172.583226, 15.307348, var=[-1, -1, -1]), GPS(-43.520609, 172.583046, 26.652835, var=[1.0, 1.0, 1.0]), 3.3863254728726484, OFFBOARD
10:48:31:620351, [4, 4, 4, 4]5, [ 2.46623391 -3.66851965  0.62776226], GPS(-43.520653, 172.583251, 0.627762, var=[0.15549775796248572, 0.24522822994589563, 0.10968727380205144]), GPS(-43.520628, 172.583243, 0.000000, var=[-1.0, -1.0, -1.0]), [-13.98829045   1.25287975  26.58449778], GPS(-43.520653, 172.583251, 15.627762, var=[-1, -1, -1]), GPS(-43.520614, 172.583077, 26.617832, var=[1.0, 1.0, 1.0]), 2.8730008083401826, OFFBOARD
10:48:31:963770, [4, 4, 4, 4]5, [ 3.90470516 -3.91355648  0.59441939], GPS(-43.520655, 172.583268, 0.594419, var=[0.13539221020019135, 0.23493275808188258, 0.10195338821248097]), GPS(-43.520628, 172.583243, 0.000000, var=[-1.0, -1.0, -1.0]), [-11.81914644   0.68884667  26.66361986], GPS(-43.520655, 172.583268, 15.594419, var=[-1, -1, -1]), GPS(-43.520621, 172.583111, 26.576829, var=[1.0, 1.0, 1.0]), 3.656358272587865, OFFBOARD
10:48:32:317971, [4, 4, 4, 4]5, [ 5.39540153 -4.45020074  0.45725833], GPS(-43.520660, 172.583287, 0.457258, var=[0.14777923107382687, 0.21983391112804554, 0.10851149328615575]), GPS(-43.520628, 172.583243, 0.000000, var=[-1.0, -1.0, -1.0]), [-9.35772983e+00 -1.34112166e-02  2.64724791e+01], GPS(-43.520660, 172.583287, 15.457258, var=[-1, -1, -1]), GPS(-43.520630, 172.583156, 26.516824, var=[1.0, 1.0, 1.0]), 4.997303397799695, OFFBOARD
10:48:32:716119, [4, 4, 4, 4]5, [ 7.15810579 -4.78237661  0.33632825], GPS(-43.520663, 172.583309, 0.336328, var=[0.16072351782671082, 0.21318039845694126, 0.11564044626673273]), GPS(-43.520628, 172.583243, 0.000000, var=[-1.0, -1.0, -1.0]), [-6.63509817 -0.67757669 26.0695622 ], GPS(-43.520663, 172.583309, 15.336328, var=[-1, -1, -1]), GPS(-43.520638, 172.583199, 26.464820, var=[1.0, 1.0, 1.0]), 6.543989294939516, OFFBOARD
10:48:33:008765, [4, 4, 4, 4]5, [ 8.45886105 -5.02452019  0.24675815], GPS(-43.520665, 172.583325, 0.246758, var=[0.1571542553788923, 0.19161588317293454, 0.11178837352481338]), GPS(-43.520628, 172.583243, 0.000000, var=[-1.0, -1.0, -1.0]), [-4.49793436 -1.20940913 25.51942884], GPS(-43.520665, 172.583325, 15.246758, var=[-1, -1, -1]), GPS(-43.520645, 172.583231, 26.438816, var=[1.0, 1.0, 1.0]), 7.753509608358219, OFFBOARD
10:48:33:372433, [4, 4, 4, 4]5, [10.01632429 -5.37182144  0.29311743], GPS(-43.520668, 172.583344, 0.293117, var=[0.15698342103886823, 0.1822527649298543, 0.11170956905445772]), GPS(-43.520628, 172.583243, 0.000000, var=[-1.0, -1.0, -1.0]), [-1.92503275 -1.86843683 25.10931908], GPS(-43.520668, 172.583344, 15.293117, var=[-1, -1, -1]), GPS(-43.520652, 172.583265, 26.414812, var=[1.0, 1.0, 1.0]), 9.274859394331115, OFFBOARD
10:48:33:804639, [4, 4, 4, 4]5, [11.05693727 -5.50525576 -0.18826544], GPS(-43.520670, 172.583357, -0.188265, var=[0.1352009143346043, 0.18002828575855775, 0.09711457934757141]), GPS(-43.520628, 172.583242, 0.000000, var=[-1.0, -1.0, -1.0]), [ 1.06161549 -2.63025215 24.62349992], GPS(-43.520670, 172.583357, 14.811735, var=[-1, -1, -1]), GPS(-43.520660, 172.583300, 26.389807, var=[1.0, 1.0, 1.0]), 10.37662312936345, OFFBOARD
10:48:34:248291, [4, 4, 4, 4]5, [13.28651259 -6.04405621  0.64535882], GPS(-43.520674, 172.583385, 0.645359, var=[0.0896308429473626, 0.16967520610336972, 0.0642089042642832]), GPS(-43.520628, 172.583242, 0.000000, var=[-1.0, -1.0, -1.0]), [ 3.51255979 -3.2375137  24.10129672], GPS(-43.520674, 172.583385, 15.645359, var=[-1, -1, -1]), GPS(-43.520666, 172.583329, 26.415803, var=[1.0, 1.0, 1.0]), 12.639817816959486, OFFBOARD
10:48:34:700247, [4, 4, 4, 4]5, [14.85100326 -6.32235773  1.05368303], GPS(-43.520677, 172.583404, 1.053683, var=[0.09427369304825392, 0.16315951926067487, 0.06775176446955186]), GPS(-43.520628, 172.583242, 0.000000, var=[-1.0, -1.0, -1.0]), [ 6.06263799 -3.88139352 23.77414197], GPS(-43.520677, 172.583404, 16.053683, var=[-1, -1, -1]), GPS(-43.520671, 172.583354, 26.412414, var=[1.0, 1.0, 1.0]), 14.210528238386889, OFFBOARD
10:48:35:101333, [4, 4, 4, 4]5, [16.2353149  -6.50556869  1.46766647], GPS(-43.520679, 172.583421, 1.467666, var=[0.09856169822868767, 0.15711452821145797, 0.07085754205391785]), GPS(-43.520628, 172.583242, 0.000000, var=[-1.0, -1.0, -1.0]), [ 8.45292492 -4.49803724 23.56031525], GPS(-43.520679, 172.583421, 16.467666, var=[-1, -1, -1]), GPS(-43.520674, 172.583371, 26.419413, var=[1.0, 1.0, 1.0]), 15.594548187695096, OFFBOARD
10:48:35:441476, [4, 4, 4, 4]5, [17.45359999 -6.63943963  1.9204181 ], GPS(-43.520680, 172.583436, 1.920418, var=[0.10188226088588406, 0.15047055840161142, 0.07288155822285514]), GPS(-43.520628, 172.583242, 0.000000, var=[-1.0, -1.0, -1.0]), [10.60081076 -5.03402604 23.45933231], GPS(-43.520680, 172.583436, 16.920418, var=[-1, -1, -1]), GPS(-43.520676, 172.583386, 26.422412, var=[1.0, 1.0, 1.0]), 16.823243478771943, OFFBOARD
10:48:35:885153, [4, 4, 4, 4]5, [18.70535861 -6.77636481  2.41347407], GPS(-43.520681, 172.583452, 2.413474, var=[0.10693453877170286, 0.146955556760262, 0.07545444103937583]), GPS(-43.520628, 172.583242, 0.000000, var=[-1.0, -1.0, -1.0]), [12.8930188  -5.60755312 23.40792377], GPS(-43.520681, 172.583452, 17.413474, var=[-1, -1, -1]), GPS(-43.520679, 172.583404, 26.431412, var=[1.0, 1.0, 1.0]), 18.10055769835134, OFFBOARD
10:48:36:281207, [4, 4, 4, 4]5, [19.68328395 -6.84672636  2.86082842], GPS(-43.520682, 172.583464, 2.860828, var=[0.1095638858785256, 0.14108000513733565, 0.0756551209321834]), GPS(-43.520628, 172.583242, 0.000000, var=[-1.0, -1.0, -1.0]), [14.81733072 -6.07693739 23.44349716], GPS(-43.520682, 172.583464, 17.860828, var=[-1, -1, -1]), GPS(-43.520680, 172.583419, 26.436413, var=[1.0, 1.0, 1.0]), 19.103458953548042, OFFBOARD
10:48:36:708639, [4, 4, 4, 4]5, [20.78230325 -6.96248149  3.39395015], GPS(-43.520683, 172.583478, 3.393950, var=[0.11410847622151658, 0.13902566202717542, 0.07666438490430798]), GPS(-43.520628, 172.583242, 0.000000, var=[-1.0, -1.0, -1.0]), [16.88838352 -6.56925132 23.45166083], GPS(-43.520683, 172.583478, 18.393950, var=[-1, -1, -1]), GPS(-43.520681, 172.583436, 26.446415, var=[1.0, 1.0, 1.0]), 20.255693475043568, OFFBOARD
10:48:37:125508, [4, 4, 4, 4]5, [21.71696443 -7.0233653   3.88189692], GPS(-43.520683, 172.583489, 3.881897, var=[0.11797097593373108, 0.13685493515370448, 0.07675790620234538]), GPS(-43.520628, 172.583242, 0.000000, var=[-1.0, -1.0, -1.0]), [18.7706597  -6.99851675 23.49080981], GPS(-43.520683, 172.583489, 18.881897, var=[-1, -1, -1]), GPS(-43.520682, 172.583450, 26.447416, var=[1.0, 1.0, 1.0]), 21.237671739664865, OFFBOARD
10:48:37:393159, [4, 4, 4, 4]5, [22.18263846 -7.00022767  4.20460629], GPS(-43.520683, 172.583495, 4.204606, var=[0.11708343071899613, 0.13028243822158786, 0.07382743015449196]), GPS(-43.520628, 172.583242, 0.000000, var=[-1.0, -1.0, -1.0]), [19.92445185 -7.23596486 23.61450269], GPS(-43.520683, 172.583495, 19.204606, var=[-1, -1, -1]), GPS(-43.520683, 172.583459, 26.449418, var=[1.0, 1.0, 1.0]), 21.72976127331083, OFFBOARD
10:48:37:783732, [4, 4, 4, 4]5, [22.77613144 -7.00616856  4.57225233], GPS(-43.520683, 172.583502, 4.572252, var=[0.11741557805493753, 0.1265378367109952, 0.07155859396459743]), GPS(-43.520628, 172.583242, 0.000000, var=[-1.0, -1.0, -1.0]), [21.25762952 -7.51000855 23.68983305], GPS(-43.520683, 172.583502, 19.572252, var=[-1, -1, -1]), GPS(-43.520683, 172.583472, 26.450420, var=[1.0, 1.0, 1.0]), 22.362704059985344, OFFBOARD
10:48:38:162623, [4, 4, 4, 4]5, [23.61175751 -7.04851685  5.04503694], GPS(-43.520683, 172.583513, 5.045037, var=[0.12181613822673193, 0.12680829296310997, 0.07132563767141403]), GPS(-43.520628, 172.583242, 0.000000, var=[-1.0, -1.0, -1.0]), [22.97215731 -7.86251562 23.69362175], GPS(-43.520683, 172.583513, 20.045037, var=[-1, -1, -1]), GPS(-43.520683, 172.583483, 26.454422, var=[1.0, 1.0, 1.0]), 23.25935013908123, OFFBOARD
10:48:38:513698, [4, 4, 4, 4]5, [24.14786186 -7.02974863  5.40642915], GPS(-43.520683, 172.583519, 5.406429, var=[0.12524176849484614, 0.12487979448569622, 0.0704668964625931]), GPS(-43.520627, 172.583243, 0.000000, var=[-1.0, -1.0, -1.0]), [24.23015326 -8.08942858 23.73672637], GPS(-43.520683, 172.583519, 20.406429, var=[-1, -1, -1]), GPS(-43.520683, 172.583492, 26.462424, var=[1.0, 1.0, 1.0]), 23.760679458590218, OFFBOARD
10:48:38:893007, [4, 4, 4, 4]5, [24.67809258 -7.00782611  5.77467314], GPS(-43.520683, 172.583526, 5.774673, var=[0.1298748682620998, 0.12367291710330451, 0.07002981316703714]), GPS(-43.520627, 172.583243, 0.000000, var=[-1.0, -1.0, -1.0]), [25.47852504 -8.30363973 23.76902214], GPS(-43.520683, 172.583526, 20.774673, var=[-1, -1, -1]), GPS(-43.520683, 172.583501, 26.465426, var=[1.0, 1.0, 1.0]), 24.33733537871407, OFFBOARD
10:48:39:207645, [4, 4, 4, 4]5, [25.09300639 -6.96250182  6.10231023], GPS(-43.520683, 172.583531, 6.102310, var=[0.13478447240272845, 0.121931360330546, 0.06961315450952857]), GPS(-43.520627, 172.583242, 0.000000, var=[-1.0, -1.0, -1.0]), [26.5333662  -8.46149248 23.80960148], GPS(-43.520683, 172.583531, 21.102310, var=[-1, -1, -1]), GPS(-43.520683, 172.583508, 26.472427, var=[1.0, 1.0, 1.0]), 24.91941636578189, OFFBOARD
10:48:39:525797, [4, 4, 4, 4]5, [25.37420553 -6.88666848  6.37089267], GPS(-43.520682, 172.583535, 6.370893, var=[0.1386980954206683, 0.11922250270149667, 0.06868187194153828]), GPS(-43.520627, 172.583242, 0.000000, var=[-1.0, -1.0, -1.0]), [27.38043173 -8.56920865 23.86902126], GPS(-43.520682, 172.583535, 21.370893, var=[-1, -1, -1]), GPS(-43.520683, 172.583514, 26.473429, var=[1.0, 1.0, 1.0]), 25.230902072149547, OFFBOARD
10:48:39:902039, [4, 4, 4, 4]5, [25.91468368 -6.84496914  6.76284478], GPS(-43.520682, 172.583541, 6.762845, var=[0.14671212631153105, 0.11960015776914183, 0.0691840054498709]), GPS(-43.520627, 172.583242, 0.000000, var=[-1.0, -1.0, -1.0]), [28.65046995 -8.75938765 23.86344605], GPS(-43.520682, 172.583541, 21.762845, var=[-1, -1, -1]), GPS(-43.520683, 172.583522, 26.466431, var=[1.0, 1.0, 1.0]), 25.827650199847103, OFFBOARD
10:48:40:243714, [4, 4, 4, 4]5, [26.21529202 -6.75987165  7.05801468], GPS(-43.520681, 172.583545, 7.058015, var=[0.15400021465717442, 0.11810345400939291, 0.0693212139421767]), GPS(-43.520627, 172.583242, 0.000000, var=[-1.0, -1.0, -1.0]), [29.48668389 -8.83727953 23.88465385], GPS(-43.520681, 172.583545, 22.058015, var=[-1, -1, -1]), GPS(-43.520683, 172.583528, 26.463433, var=[1.0, 1.0, 1.0]), 26.16745726823019, OFFBOARD
10:48:40:569527, [4, 4, 4, 4]5, [26.42919114 -6.67413786  7.32045608], GPS(-43.520680, 172.583548, 7.320456, var=[0.1614874920859247, 0.1163767388717533, 0.06941699386401165]), GPS(-43.520627, 172.583242, 0.000000, var=[-1.0, -1.0, -1.0]), [30.20532654 -8.88825339 23.90705313], GPS(-43.520680, 172.583548, 22.320456, var=[-1, -1, -1]), GPS(-43.520682, 172.583533, 26.459435, var=[1.0, 1.0, 1.0]), 26.419650466359425, OFFBOARD
10:48:40:949239, [4, 4, 4, 4]5, [26.67082324 -6.56547197  7.59191238], GPS(-43.520679, 172.583551, 7.591912, var=[0.17004563737392508, 0.11520003428516978, 0.06969863037913408]), GPS(-43.520627, 172.583242, 0.000000, var=[-1.0, -1.0, -1.0]), [30.99251523 -8.94645858 23.92434179], GPS(-43.520679, 172.583551, 22.591912, var=[-1, -1, -1]), GPS(-43.520682, 172.583539, 26.453437, var=[1.0, 1.0, 1.0]), 26.697468176399685, OFFBOARD
10:48:41:325279, [4, 4, 4, 4]5, [26.91482133 -6.47052499  7.86743987], GPS(-43.520678, 172.583554, 7.867440, var=[0.17971964282727246, 0.11446646935337429, 0.07015817745900257]), GPS(-43.520625, 172.583245, 0.000000, var=[-1.0, -1.0, -1.0]), [31.7720998  -8.99376494 23.92619307], GPS(-43.520678, 172.583554, 22.867440, var=[-1, -1, -1]), GPS(-43.520681, 172.583544, 26.450439, var=[1.0, 1.0, 1.0]), 26.773888843798765, OFFBOARD
10:48:41:646815, [4, 4, 4, 4]5, [26.97520251 -6.3687019   8.04255877], GPS(-43.520677, 172.583555, 8.042559, var=[0.18798457697981527, 0.11285626581017506, 0.07001315007812497]), GPS(-43.520625, 172.583245, 0.000000, var=[-1.0, -1.0, -1.0]), [32.3221376  -8.9958896  23.94969016], GPS(-43.520677, 172.583555, 23.042559, var=[-1, -1, -1]), GPS(-43.520680, 172.583547, 26.456441, var=[1.0, 1.0, 1.0]), 26.859703637611453, OFFBOARD
10:48:42:021103, [4, 4, 4, 4]5, [27.26928747 -6.29156684  8.35647042], GPS(-43.520677, 172.583558, 8.356470, var=[0.20110425723019953, 0.11375501520737204, 0.07103024454087464]), GPS(-43.520625, 172.583250, 0.000000, var=[-1.0, -1.0, -1.0]), [33.19365849 -9.05249923 23.91480554], GPS(-43.520677, 172.583558, 23.356470, var=[-1, -1, -1]), GPS(-43.520679, 172.583550, 26.461443, var=[1.0, 1.0, 1.0]), 26.837811926088776, OFFBOARD
10:48:42:413051, [4, 4, 4, 4]5, [27.17065403 -6.21758914  8.43044255], GPS(-43.520676, 172.583557, 8.430443, var=[0.20897781552440173, 0.1122947921763865, 0.07034009113702465]), GPS(-43.520625, 172.583250, 0.000000, var=[-1.0, -1.0, -1.0]), [33.67856282 -9.0350563  23.9569769 ], GPS(-43.520676, 172.583557, 23.430443, var=[-1, -1, -1]), GPS(-43.520678, 172.583553, 26.462445, var=[1.0, 1.0, 1.0]), 26.753959669194128, OFFBOARD
10:48:42:746854, [4, 4, 4, 4]5, [27.1075779  -6.07669159  8.51490122], GPS(-43.520675, 172.583556, 8.514901, var=[0.2171794179357435, 0.1111329018967141, 0.0695069140847961]), GPS(-43.520627, 172.583252, 0.000000, var=[-1.0, -1.0, -1.0]), [34.13775557 -9.0041957  24.00452696], GPS(-43.520675, 172.583556, 23.514901, var=[-1, -1, -1]), GPS(-43.520677, 172.583555, 26.458447, var=[1.0, 1.0, 1.0]), 26.53077648722071, OFFBOARD
10:48:43:087861, [4, 4, 4, 4]5, [26.94410966 -6.04210451  8.53098767], GPS(-43.520674, 172.583554, 8.530988, var=[0.2243623079923623, 0.10960909613842153, 0.06817688729109743]), GPS(-43.520627, 172.583252, 0.000000, var=[-1.0, -1.0, -1.0]), [34.56807717 -8.96664037 24.06698549], GPS(-43.520674, 172.583554, 23.530988, var=[-1, -1, -1]), GPS(-43.520677, 172.583557, 26.460449, var=[1.0, 1.0, 1.0]), 26.377783757097117, OFFBOARD
10:48:43:385749, [4, 4, 4, 4]5, [26.78058484 -5.88793996  8.52997174], GPS(-43.520673, 172.583552, 8.529972, var=[0.2323058243144038, 0.10790240920565033, 0.06686362554873146]), GPS(-43.520627, 172.583252, 0.000000, var=[-1.0, -1.0, -1.0]), [34.89270652 -8.90527722 24.14350721], GPS(-43.520673, 172.583552, 23.529972, var=[-1, -1, -1]), GPS(-43.520676, 172.583557, 26.464450, var=[1.0, 1.0, 1.0]), 26.19559644202807, OFFBOARD
10:48:43:671183, [4, 4, 4, 4]5, [26.46779069 -5.71462165  8.42831574], GPS(-43.520671, 172.583548, 8.428316, var=[0.23979818597848132, 0.10546603748145567, 0.06538426706805055]), GPS(-43.520627, 172.583253, 0.000000, var=[-1.0, -1.0, -1.0]), [35.02279632 -8.80441772 24.23978624], GPS(-43.520671, 172.583548, 23.428316, var=[-1, -1, -1]), GPS(-43.520675, 172.583557, 26.466451, var=[1.0, 1.0, 1.0]), 25.71504544131216, OFFBOARD
10:48:44:110258, [4, 4, 4, 4]5, [26.32204751 -5.58680067  8.44556787], GPS(-43.520670, 172.583546, 8.445568, var=[0.25301239216707644, 0.10520630828268736, 0.0649484256495842]), GPS(-43.520630, 172.583253, 0.000000, var=[-1.0, -1.0, -1.0]), [35.42913626 -8.75338939 24.28745067], GPS(-43.520670, 172.583546, 23.445568, var=[-1, -1, -1]), GPS(-43.520674, 172.583556, 26.463453, var=[1.0, 1.0, 1.0]), 25.49381658108342, OFFBOARD
10:48:44:482343, [4, 4, 4, 4]5, [25.98553942 -5.40504033  8.35189648], GPS(-43.520669, 172.583542, 8.351896, var=[0.2674038885253872, 0.10522122166677346, 0.06452165261874308]), GPS(-43.520630, 172.583253, 0.000000, var=[-1.0, -1.0, -1.0]), [35.76075658 -8.67691776 24.32058391], GPS(-43.520669, 172.583542, 23.351896, var=[-1, -1, -1]), GPS(-43.520673, 172.583553, 26.455454, var=[1.0, 1.0, 1.0]), 25.11920648627911, OFFBOARD
10:48:44:859509, [4, 4, 4, 4]5, [25.59888256 -5.24214362  8.23939078], GPS(-43.520667, 172.583537, 8.239391, var=[0.28047635977902546, 0.10448508495885533, 0.06361970293993935]), GPS(-43.520635, 172.583255, 0.000000, var=[-1.0, -1.0, -1.0]), [35.90058936 -8.56848064 24.37226981], GPS(-43.520667, 172.583537, 23.239391, var=[-1, -1, -1]), GPS(-43.520672, 172.583551, 26.458455, var=[1.0, 1.0, 1.0]), 24.483576918151826, OFFBOARD
10:48:45:277207, [4, 4, 4, 4]5, [25.0277912  -5.11983968  7.99757657], GPS(-43.520666, 172.583530, 7.997577, var=[0.2923882056670717, 0.10370568677769607, 0.0621600917861759]), GPS(-43.520635, 172.583255, 0.000000, var=[-1.0, -1.0, -1.0]), [36.00642958 -8.45275429 24.42560879], GPS(-43.520666, 172.583530, 22.997577, var=[-1, -1, -1]), GPS(-43.520670, 172.583547, 26.469457, var=[1.0, 1.0, 1.0]), 23.853108342427085, OFFBOARD
10:48:45:622194, [4, 4, 4, 4]5, [24.43250439 -4.93617353  7.76291569], GPS(-43.520664, 172.583523, 7.762916, var=[0.3013993146026791, 0.10189534921257525, 0.0600375194122765]), GPS(-43.520642, 172.583270, 0.000000, var=[-1.0, -1.0, -1.0]), [35.89914238 -8.31598542 24.5044415 ], GPS(-43.520664, 172.583523, 22.762916, var=[-1, -1, -1]), GPS(-43.520669, 172.583544, 26.470458, var=[1.0, 1.0, 1.0]), 21.973803683919396, OFFBOARD
10:48:46:038109, [4, 4, 4, 4]5, [21.97014463 -5.52713895  6.68412159], GPS(-43.520670, 172.583492, 6.684122, var=[0.2626176583785552, 0.0956866436390295, 0.05028876907335631]), GPS(-43.520642, 172.583270, 0.000000, var=[-1.0, -1.0, -1.0]), [35.84377179 -8.11269855 24.48684729], GPS(-43.520670, 172.583492, 21.684122, var=[-1, -1, -1]), GPS(-43.520667, 172.583538, 26.465459, var=[1.0, 1.0, 1.0]), 19.395689067394798, OFFBOARD
10:48:46:416250, [4, 4, 4, 4]5, [20.88293726 -5.42290298  6.20992892], GPS(-43.520669, 172.583479, 6.209929, var=[0.2029022602260703, 0.09261950244131946, 0.03907145620048375]), GPS(-43.520652, 172.583302, 0.000000, var=[-1.0, -1.0, -1.0]), [35.61354061 -8.04153325 24.57820875], GPS(-43.520669, 172.583479, 21.209929, var=[-1, -1, -1]), GPS(-43.520666, 172.583530, 26.486459, var=[1.0, 1.0, 1.0]), 15.70400579497422, OFFBOARD
10:48:46:692594, [4, 4, 4, 4]5, [13.53335709 -6.98189585  3.69818539], GPS(-43.520683, 172.583388, 3.698185, var=[0.10095202173347188, 0.08667850574355108, 0.026066245347302813]), GPS(-43.520652, 172.583302, 0.000000, var=[-1.0, -1.0, -1.0]), [34.75548701 -8.02795681 24.59224692], GPS(-43.520683, 172.583388, 18.698185, var=[-1, -1, -1]), GPS(-43.520666, 172.583521, 26.478457, var=[1.0, 1.0, 1.0]), 8.598565549299513, OFFBOARD
10:48:47:077073, [4, 4, 4, 4]5, [12.79874431 -7.8494769   3.43882673], GPS(-43.520691, 172.583379, 3.438827, var=[0.08679800025765319, 0.07693640953330728, 0.024084821510654653]), GPS(-43.520665, 172.583325, 0.000000, var=[-1.0, -1.0, -1.0]), [34.4260937  -7.80177165 24.73635647], GPS(-43.520691, 172.583379, 18.438827, var=[-1, -1, -1]), GPS(-43.520668, 172.583503, 26.572451, var=[1.0, 1.0, 1.0]), 6.220493738040393, OFFBOARD
10:48:47:417513, [4, 4, 4, 4]5, [ 13.59602756 -12.72490012   3.55603878], GPS(-43.520734, 172.583389, 3.556039, var=[0.04105024002831572, 0.019738928909973415, 0.020911236127413642]), GPS(-43.520665, 172.583325, 0.000000, var=[-1.0, -1.0, -1.0]), [32.90806609 -6.86665153 25.72205653], GPS(-43.520734, 172.583389, 18.556039, var=[-1, -1, -1]), GPS(-43.520671, 172.583477, 26.543441, var=[1.0, 1.0, 1.0]), 9.928563887966606, OFFBOARD
10:48:47:661633, [4, 4, 4, 4]5, [ 14.14003958 -14.19501392   3.07892062], GPS(-43.520748, 172.583395, 3.078921, var=[0.03439224187691779, 0.01597029491133463, 0.020648875976008244]), GPS(-43.520673, 172.583338, 0.000000, var=[-1.0, -1.0, -1.0]), [31.76744048 -6.63146737 25.84107024], GPS(-43.520748, 172.583395, 18.078921, var=[-1, -1, -1]), GPS(-43.520675, 172.583458, 26.558429, var=[1.0, 1.0, 1.0]), 9.94647349995281, OFFBOARD
10:48:48:063565, [4, 4, 4, 4]5, [ 14.90455098 -15.13645301   1.78476044], GPS(-43.520756, 172.583405, 1.784760, var=[0.031210707569633407, 0.015659064204780956, 0.019854232097022]), GPS(-43.520673, 172.583338, 0.000000, var=[-1.0, -1.0, -1.0]), [29.58075222 -6.46655368 26.20630999], GPS(-43.520756, 172.583405, 16.784760, var=[-1, -1, -1]), GPS(-43.520689, 172.583431, 26.540401, var=[1.0, 1.0, 1.0]), 10.802852070499267, OFFBOARD
10:48:48:348270, [4, 4, 4, 4]5, [ 14.81683433 -15.67588612   0.57706019], GPS(-43.520761, 172.583404, 0.577060, var=[0.030190124158415536, 0.015259080191125837, 0.017834295384139262]), GPS(-43.520682, 172.583352, 0.000000, var=[-1.0, -1.0, -1.0]), [27.90909199 -6.95519159 26.22193058], GPS(-43.520761, 172.583404, 15.577060, var=[-1, -1, -1]), GPS(-43.520703, 172.583416, 26.518377, var=[1.0, 1.0, 1.0]), 9.78516828446784, OFFBOARD
10:48:48:746281, [4, 4, 4, 4]5, [ 14.58000709 -15.62899028  -1.32104927], GPS(-43.520761, 172.583401, -1.321049, var=[0.03125274835031211, 0.015180001692824643, 0.016238754313433003]), GPS(-43.520682, 172.583352, 0.000000, var=[-1.0, -1.0, -1.0]), [25.98592196 -7.43312994 26.37708226], GPS(-43.520761, 172.583401, 13.678951, var=[-1, -1, -1]), GPS(-43.520723, 172.583402, 26.468341, var=[1.0, 1.0, 1.0]), 9.71613415362142, OFFBOARD
10:48:49:073912, [4, 4, 4, 4]5, [ 13.90826833 -16.33111554  -2.00827893], GPS(-43.520767, 172.583392, -2.008279, var=[0.031993341194738394, 0.015476923635836344, 0.01524189385137712]), GPS(-43.520687, 172.583365, 0.000000, var=[-1.0, -1.0, -1.0]), [24.93140887 -8.00432859 26.44942181], GPS(-43.520767, 172.583392, 12.991721, var=[-1, -1, -1]), GPS(-43.520737, 172.583396, 26.423318, var=[1.0, 1.0, 1.0]), 9.406407896759447, OFFBOARD
10:48:49:444907, [4, 4, 4, 4]5, [ 12.45023974 -16.98404618  -3.21556249], GPS(-43.520773, 172.583374, -3.215562, var=[0.03224271201779237, 0.01659383650069134, 0.014835118376657122]), GPS(-43.520687, 172.583365, 0.000000, var=[-1.0, -1.0, -1.0]), [23.81714976 -8.73529106 26.65500728], GPS(-43.520773, 172.583374, 11.784438, var=[-1, -1, -1]), GPS(-43.520750, 172.583393, 26.395298, var=[1.0, 1.0, 1.0]), 10.125249855051312, OFFBOARD
10:48:49:733424, [4, 4, 4, 4]5, [ 11.69297679 -17.67149836  -3.86497182], GPS(-43.520779, 172.583365, -3.864972, var=[0.031080633233879357, 0.017544899836891763, 0.014299861714113364]), GPS(-43.520690, 172.583370, 0.000000, var=[-1.0, -1.0, -1.0]), [22.79781779 -9.39000132 26.66476159], GPS(-43.520779, 172.583365, 11.135028, var=[-1, -1, -1]), GPS(-43.520758, 172.583390, 26.402284, var=[1.0, 1.0, 1.0]), 10.623978645447584, OFFBOARD
10:48:49:966578, [4, 4, 4, 4]5, [ 10.63555282 -18.42783425  -4.48858783], GPS(-43.520786, 172.583352, -4.488588, var=[0.03033296621577917, 0.01831683110782919, 0.013913228368293578]), GPS(-43.520690, 172.583370, 0.000000, var=[-1.0, -1.0, -1.0]), [ 21.92918988 -10.0748127   26.74678642], GPS(-43.520786, 172.583352, 10.511412, var=[-1, -1, -1]), GPS(-43.520763, 172.583387, 26.410275, var=[1.0, 1.0, 1.0]), 11.64366271293713, OFFBOARD
10:48:50:391193, [4, 4, 4, 4]5, [ 10.34825913 -19.15779308  -5.00968696], GPS(-43.520792, 172.583348, -5.009687, var=[0.03138796870303988, 0.01997931669103632, 0.014122863801482028]), GPS(-43.520690, 172.583368, 0.000000, var=[-1.0, -1.0, -1.0]), [ 21.07655686 -10.78311732  26.763182  ], GPS(-43.520792, 172.583348, 9.990313, var=[-1, -1, -1]), GPS(-43.520772, 172.583379, 26.426259, var=[1.0, 1.0, 1.0]), 12.532616483565834, OFFBOARD
10:48:50:737859, [4, 4, 4, 4]5, [  9.66049893 -19.92416846  -5.52450641], GPS(-43.520799, 172.583340, -5.524506, var=[0.033123535194596834, 0.021735042250086736, 0.01445850693899422]), GPS(-43.520690, 172.583368, 0.000000, var=[-1.0, -1.0, -1.0]), [ 20.04818297 -11.60663805  26.72908606], GPS(-43.520799, 172.583340, 9.475494, var=[-1, -1, -1]), GPS(-43.520779, 172.583371, 26.426247, var=[1.0, 1.0, 1.0]), 13.535175500626671, OFFBOARD
10:48:51:013868, [4, 4, 4, 4]5, [  9.23756063 -20.40759144  -5.83760007], GPS(-43.520804, 172.583335, -5.837600, var=[0.03412773244938329, 0.022973867359249667, 0.014526742795153709]), GPS(-43.520692, 172.583363, 0.000000, var=[-1.0, -1.0, -1.0]), [ 19.17577321 -12.32082737  26.64283562], GPS(-43.520804, 172.583335, 9.162400, var=[-1, -1, -1]), GPS(-43.520783, 172.583364, 26.427238, var=[1.0, 1.0, 1.0]), 13.934732537445356, OFFBOARD
10:48:51:346008, [4, 4, 4, 4]5, [  8.41962269 -21.11520246  -6.13983392], GPS(-43.520810, 172.583324, -6.139834, var=[0.03581580003386485, 0.024781777178351862, 0.014878600825468359]), GPS(-43.520692, 172.583363, 0.000000, var=[-1.0, -1.0, -1.0]), [ 18.24609087 -13.12492679  26.57751765], GPS(-43.520810, 172.583324, 8.860166, var=[-1, -1, -1]), GPS(-43.520789, 172.583355, 26.424227, var=[1.0, 1.0, 1.0]), 14.844670363953298, OFFBOARD
10:48:51:746319, [4, 4, 4, 4]5, [  7.83191803 -21.71475827  -6.3315632 ], GPS(-43.520815, 172.583317, -6.331563, var=[0.03784847298795273, 0.026937803081451703, 0.01540940398470392]), GPS(-43.520692, 172.583358, 0.000000, var=[-1.0, -1.0, -1.0]), [ 17.31555354 -13.93709599  26.45374606], GPS(-43.520815, 172.583317, 8.668437, var=[-1, -1, -1]), GPS(-43.520796, 172.583345, 26.424213, var=[1.0, 1.0, 1.0]), 15.494215788577131, OFFBOARD
STOP: 09/17/2021 10:48:52:706841
