START: 09/17/2021 10:40:04:698526
TIME,            RX_ID,          STATE,          TIMESTAMP,          SEQ_NO,          RX_COORDS,          RANGE_READING,          TARGET_COORDS,          
10:40:10:513218, 4, 1, 1631832010.4895756, 0, GPS(-43.520690, 172.583123, 20.495721, var=[1.0, 1.0, 1.0]), 39.884770145609494, GPS(-43.520600, 172.583000, 0.000000, var=[-1.0, -1.0, -1.0])
10:40:11:387412, 1, 1, 1631832011.3872433, 0, GPS(-43.520510, 172.582875, 20.455957, var=[1.0, 1.0, 1.0]), 39.91234940516021, GPS(-43.520600, 172.583000, 0.000000, var=[-1.0, -1.0, -1.0])
10:40:11:391990, 3, 1, 1631832011.391782, 0, GPS(-43.520689, 172.582875, 21.142672, var=[1.0, 1.0, 1.0]), 40.407645668524225, GPS(-43.520600, 172.583000, 0.000000, var=[-1.0, -1.0, -1.0])
10:40:11:399163, 2, 1, 1631832011.3989484, 0, GPS(-43.520509, 172.583123, 20.500010, var=[1.0, 1.0, 1.0]), 39.90758187852379, GPS(-43.520600, 172.583000, 0.000000, var=[-1.0, -1.0, -1.0])
10:40:11:490766, 4, 1, 1631832011.4906075, 1, GPS(-43.520690, 172.583123, 21.143722, var=[1.0, 1.0, 1.0]), 48.42230190375785, GPS(-43.520600, 172.583010, 0.000000, var=[-1.0, -1.0, -1.0])
10:40:11:537267, 3, 1, 1631832011.5371633, 1, GPS(-43.520689, 172.582875, 21.186672, var=[1.0, 1.0, 1.0]), 49.102314231012045, GPS(-43.520600, 172.583010, 0.000000, var=[-1.0, -1.0, -1.0])
10:40:11:537348, 2, 1, 1631832011.5372021, 1, GPS(-43.520509, 172.583123, 20.644010, var=[1.0, 1.0, 1.0]), 48.052411867345, GPS(-43.520600, 172.583010, 0.000000, var=[-1.0, -1.0, -1.0])
10:40:11:537397, 1, 1, 1631832011.5371878, 1, GPS(-43.520510, 172.582875, 20.625958, var=[1.0, 1.0, 1.0]), 48.72442183205806, GPS(-43.520600, 172.583010, 0.000000, var=[-1.0, -1.0, -1.0])
10:40:11:538569, 4, 1, 1631832011.5371833, 2, GPS(-43.520690, 172.583123, 21.164722, var=[1.0, 1.0, 1.0]), 48.440001801693654, GPS(-43.520600, 172.583010, 0.000000, var=[-1.0, -1.0, -1.0])
10:40:12:538552, 1, 1, 1631832012.5383985, 2, GPS(-43.520509, 172.582875, 21.186958, var=[1.0, 1.0, 1.0]), 49.616212428447255, GPS(-43.520600, 172.583010, 0.000000, var=[-1.0, -1.0, -1.0])
10:40:12:538737, 4, 1, 1631832012.5386207, 3, GPS(-43.520689, 172.583123, 21.365722, var=[1.0, 1.0, 1.0]), 49.01026771836475, GPS(-43.520600, 172.583010, 0.000000, var=[-1.0, -1.0, -1.0])
10:40:12:538787, 3, 1, 1631832012.5386167, 2, GPS(-43.520688, 172.582875, 21.372672, var=[1.0, 1.0, 1.0]), 49.68158836297815, GPS(-43.520600, 172.583010, 0.000000, var=[-1.0, -1.0, -1.0])
10:40:12:538819, 2, 1, 1631832012.5386484, 2, GPS(-43.520509, 172.583123, 21.194011, var=[1.0, 1.0, 1.0]), 48.94956249422323, GPS(-43.520600, 172.583010, 0.000000, var=[-1.0, -1.0, -1.0])
10:40:12:540030, 1, 1, 1631832012.5386505, 3, GPS(-43.520509, 172.582875, 21.186958, var=[1.0, 1.0, 1.0]), 49.616212428447255, GPS(-43.520600, 172.583010, 0.000000, var=[-1.0, -1.0, -1.0])
10:40:13:539402, 4, 1, 1631832013.5392647, 4, GPS(-43.520690, 172.583123, 21.435722, var=[1.0, 1.0, 1.0]), 50.744910388177885, GPS(-43.520600, 172.583020, 0.000000, var=[-1.0, -1.0, -1.0])
10:40:13:539468, 1, 1, 1631832013.5393603, 4, GPS(-43.520509, 172.582875, 21.363959, var=[1.0, 1.0, 1.0]), 52.069843072836, GPS(-43.520600, 172.583020, 0.000000, var=[-1.0, -1.0, -1.0])
10:40:13:539504, 2, 1, 1631832013.5392935, 3, GPS(-43.520508, 172.583123, 21.368011, var=[1.0, 1.0, 1.0]), 50.77290950483308, GPS(-43.520600, 172.583020, 0.000000, var=[-1.0, -1.0, -1.0])
10:40:13:539537, 3, 1, 1631832013.5394504, 3, GPS(-43.520688, 172.582875, 21.444672, var=[1.0, 1.0, 1.0]), 52.0284245495739, GPS(-43.520600, 172.583020, 0.000000, var=[-1.0, -1.0, -1.0])
10:40:13:541100, 2, 1, 1631832013.5401304, 4, GPS(-43.520508, 172.583123, 21.368011, var=[1.0, 1.0, 1.0]), 50.77290950483308, GPS(-43.520600, 172.583020, 0.000000, var=[-1.0, -1.0, -1.0])
10:40:13:541230, 1, 1, 1631832013.540123, 5, GPS(-43.520509, 172.582875, 21.363959, var=[1.0, 1.0, 1.0]), 52.069843072836, GPS(-43.520600, 172.583020, 0.000000, var=[-1.0, -1.0, -1.0])
10:40:13:541315, 4, 1, 1631832013.5401082, 5, GPS(-43.520690, 172.583123, 21.435722, var=[1.0, 1.0, 1.0]), 50.744910388177885, GPS(-43.520600, 172.583020, 0.000000, var=[-1.0, -1.0, -1.0])
10:40:13:541372, 3, 1, 1631832013.5400918, 4, GPS(-43.520688, 172.582875, 21.444672, var=[1.0, 1.0, 1.0]), 52.0284245495739, GPS(-43.520600, 172.583020, 0.000000, var=[-1.0, -1.0, -1.0])
10:40:14:540488, 4, 1, 1631832014.5403457, 6, GPS(-43.520690, 172.583123, 21.471722, var=[1.0, 1.0, 1.0]), 51.15304256387676, GPS(-43.520600, 172.583030, 0.000000, var=[-1.0, -1.0, -1.0])
10:40:14:540551, 2, 1, 1631832014.5404341, 5, GPS(-43.520508, 172.583123, 21.434011, var=[1.0, 1.0, 1.0]), 51.1965522115524, GPS(-43.520600, 172.583030, 0.000000, var=[-1.0, -1.0, -1.0])
10:40:14:541094, 1, 1, 1631832014.5409534, 6, GPS(-43.520509, 172.582875, 21.434959, var=[1.0, 1.0, 1.0]), 53.10289261496047, GPS(-43.520600, 172.583030, 0.000000, var=[-1.0, -1.0, -1.0])
10:40:14:541158, 4, 1, 1631832014.5409472, 7, GPS(-43.520690, 172.583123, 21.471722, var=[1.0, 1.0, 1.0]), 51.15304256387676, GPS(-43.520600, 172.583030, 0.000000, var=[-1.0, -1.0, -1.0])
10:40:14:541208, 2, 1, 1631832014.5409887, 6, GPS(-43.520508, 172.583123, 21.434011, var=[1.0, 1.0, 1.0]), 51.1965522115524, GPS(-43.520600, 172.583030, 0.000000, var=[-1.0, -1.0, -1.0])
10:40:14:541367, 1, 1, 1631832014.5411012, 7, GPS(-43.520509, 172.582875, 21.434959, var=[1.0, 1.0, 1.0]), 53.10289261496047, GPS(-43.520600, 172.583030, 0.000000, var=[-1.0, -1.0, -1.0])
10:40:14:542185, 3, 1, 1631832014.5409567, 5, GPS(-43.520688, 172.582875, 21.456672, var=[1.0, 1.0, 1.0]), 53.01969869986972, GPS(-43.520600, 172.583030, 0.000000, var=[-1.0, -1.0, -1.0])
10:40:15:541162, 4, 1, 1631832015.54103, 8, GPS(-43.520690, 172.583123, 21.466722, var=[1.0, 1.0, 1.0]), 51.10511421936842, GPS(-43.520602, 172.583040, 0.000000, var=[-1.0, -1.0, -1.0])
10:40:15:541231, 3, 1, 1631832015.5410702, 6, GPS(-43.520688, 172.582875, 21.458672, var=[1.0, 1.0, 1.0]), 53.5933403789961, GPS(-43.520602, 172.583040, 0.000000, var=[-1.0, -1.0, -1.0])
10:40:15:542502, 2, 1, 1631832015.541077, 7, GPS(-43.520508, 172.583123, 21.455011, var=[1.0, 1.0, 1.0]), 51.35012740396303, GPS(-43.520602, 172.583040, 0.000000, var=[-1.0, -1.0, -1.0])
10:40:15:566667, 4, 1, 1631832015.566521, 9, GPS(-43.520690, 172.583123, 21.467722, var=[1.0, 1.0, 1.0]), 51.158463754853095, GPS(-43.520602, 172.583040, 0.000000, var=[-1.0, -1.0, -1.0])
10:40:15:569433, 2, 1, 1631832015.5693202, 8, GPS(-43.520508, 172.583123, 21.455011, var=[1.0, 1.0, 1.0]), 51.402601389280676, GPS(-43.520602, 172.583040, 0.000000, var=[-1.0, -1.0, -1.0])
10:40:15:582774, 1, 1, 1631832015.5826316, 8, GPS(-43.520509, 172.582875, 21.463958, var=[1.0, 1.0, 1.0]), 53.9073156581731, GPS(-43.520602, 172.583040, 0.000000, var=[-1.0, -1.0, -1.0])
10:40:15:583005, 1, 1, 1631832015.5829325, 9, GPS(-43.520509, 172.582875, 21.463958, var=[1.0, 1.0, 1.0]), 53.9073156581731, GPS(-43.520602, 172.583040, 0.000000, var=[-1.0, -1.0, -1.0])
10:40:15:583051, 3, 1, 1631832015.5829558, 7, GPS(-43.520688, 172.582875, 21.459672, var=[1.0, 1.0, 1.0]), 53.64660895020687, GPS(-43.520602, 172.583040, 0.000000, var=[-1.0, -1.0, -1.0])
10:40:16:566899, 4, 1, 1631832016.5667784, 10, GPS(-43.520690, 172.583123, 21.469722, var=[1.0, 1.0, 1.0]), 51.101403074151165, GPS(-43.520600, 172.583060, 0.000000, var=[-1.0, -1.0, -1.0])
10:40:16:569654, 2, 2, 1631832016.5695484, 9, GPS(-43.520509, 172.583123, 21.457011, var=[1.0, 1.0, 1.0]), 51.15732767994986, GPS(-43.520600, 172.583060, 0.000000, var=[-1.0, -1.0, -1.0])
10:40:16:583434, 3, 1, 1631832016.5833082, 8, GPS(-43.520688, 172.582875, 21.468672, var=[1.0, 1.0, 1.0]), 54.80753021796036, GPS(-43.520600, 172.583060, 0.000000, var=[-1.0, -1.0, -1.0])
10:40:16:584770, 1, 2, 1631832016.583674, 10, GPS(-43.520509, 172.582876, 21.465958, var=[1.0, 1.0, 1.0]), 54.87535491032122, GPS(-43.520600, 172.583060, 0.000000, var=[-1.0, -1.0, -1.0])
10:40:16:618765, 2, 2, 1631832016.618625, 10, GPS(-43.520509, 172.583123, 21.457011, var=[1.0, 1.0, 1.0]), 51.174018336066226, GPS(-43.520600, 172.583060, 0.000000, var=[-1.0, -1.0, -1.0])
10:40:16:619360, 3, 1, 1631832016.619268, 9, GPS(-43.520688, 172.582875, 21.468672, var=[1.0, 1.0, 1.0]), 54.82422087407673, GPS(-43.520600, 172.583060, 0.000000, var=[-1.0, -1.0, -1.0])
10:40:16:657570, 4, 1, 1631832016.6574411, 11, GPS(-43.520690, 172.583123, 21.468722, var=[1.0, 1.0, 1.0]), 51.11720723756322, GPS(-43.520600, 172.583060, 0.000000, var=[-1.0, -1.0, -1.0])
10:40:16:659453, 1, 2, 1631832016.6593597, 11, GPS(-43.520509, 172.582876, 21.465958, var=[1.0, 1.0, 1.0]), 54.89204556643759, GPS(-43.520600, 172.583060, 0.000000, var=[-1.0, -1.0, -1.0])
10:40:17:620532, 2, 2, 1631832017.620357, 11, GPS(-43.520509, 172.583123, 21.455011, var=[1.0, 1.0, 1.0]), 51.166811131124554, GPS(-43.520600, 172.583070, 0.000000, var=[-1.0, -1.0, -1.0])
10:40:17:620627, 3, 2, 1631832017.6204178, 10, GPS(-43.520689, 172.582875, 21.472672, var=[1.0, 1.0, 1.0]), 55.439685587701504, GPS(-43.520600, 172.583070, 0.000000, var=[-1.0, -1.0, -1.0])
10:40:17:621880, 3, 2, 1631832017.621355, 11, GPS(-43.520689, 172.582875, 21.472672, var=[1.0, 1.0, 1.0]), 55.439685587701504, GPS(-43.520600, 172.583070, 0.000000, var=[-1.0, -1.0, -1.0])
10:40:17:623457, 4, 2, 1631832017.6213555, 12, GPS(-43.520690, 172.583123, 21.464722, var=[1.0, 1.0, 1.0]), 51.117468162980366, GPS(-43.520600, 172.583070, 0.000000, var=[-1.0, -1.0, -1.0])
10:40:17:623511, 2, 2, 1631832017.6213896, 12, GPS(-43.520509, 172.583123, 21.455011, var=[1.0, 1.0, 1.0]), 51.166811131124554, GPS(-43.520600, 172.583070, 0.000000, var=[-1.0, -1.0, -1.0])
10:40:17:623552, 1, 2, 1631832017.6213973, 12, GPS(-43.520510, 172.582875, 21.466958, var=[1.0, 1.0, 1.0]), 55.49159087787241, GPS(-43.520600, 172.583070, 0.000000, var=[-1.0, -1.0, -1.0])
10:40:18:621567, 3, 2, 1631832018.6214266, 12, GPS(-43.520689, 172.582875, 21.474672, var=[1.0, 1.0, 1.0]), 55.90201964289251, GPS(-43.520605, 172.583080, 0.000000, var=[-1.0, -1.0, -1.0])
10:40:18:622851, 3, 2, 1631832018.6219177, 13, GPS(-43.520689, 172.582875, 21.474672, var=[1.0, 1.0, 1.0]), 55.90201964289251, GPS(-43.520605, 172.583080, 0.000000, var=[-1.0, -1.0, -1.0])
10:40:18:622920, 4, 2, 1631832018.6216817, 13, GPS(-43.520690, 172.583123, 21.462721, var=[1.0, 1.0, 1.0]), 50.95545581515135, GPS(-43.520605, 172.583080, 0.000000, var=[-1.0, -1.0, -1.0])
10:40:18:622972, 1, 2, 1631832018.6219695, 13, GPS(-43.520510, 172.582875, 21.471958, var=[1.0, 1.0, 1.0]), 56.33378182499197, GPS(-43.520605, 172.583080, 0.000000, var=[-1.0, -1.0, -1.0])
10:40:18:623008, 2, 2, 1631832018.621977, 13, GPS(-43.520509, 172.583123, 21.458010, var=[1.0, 1.0, 1.0]), 51.454714422178704, GPS(-43.520605, 172.583080, 0.000000, var=[-1.0, -1.0, -1.0])
10:40:18:624013, 4, 2, 1631832018.6219227, 14, GPS(-43.520690, 172.583123, 21.462721, var=[1.0, 1.0, 1.0]), 50.95545581515135, GPS(-43.520605, 172.583080, 0.000000, var=[-1.0, -1.0, -1.0])
10:40:19:623138, 3, 2, 1631832019.6228576, 14, GPS(-43.520689, 172.582875, 21.450672, var=[1.0, 1.0, 1.0]), 56.40116546477937, GPS(-43.520610, 172.583090, 0.000000, var=[-1.0, -1.0, -1.0])
10:40:19:623303, 4, 2, 1631832019.6228728, 15, GPS(-43.520690, 172.583123, 21.456721, var=[1.0, 1.0, 1.0]), 50.84305423803943, GPS(-43.520610, 172.583090, 0.000000, var=[-1.0, -1.0, -1.0])
10:40:19:623437, 2, 2, 1631832019.6228914, 14, GPS(-43.520509, 172.583123, 21.462010, var=[1.0, 1.0, 1.0]), 51.82097362651709, GPS(-43.520610, 172.583090, 0.000000, var=[-1.0, -1.0, -1.0])
10:40:19:623537, 1, 2, 1631832019.6228852, 14, GPS(-43.520510, 172.582875, 21.465958, var=[1.0, 1.0, 1.0]), 57.206290092348155, GPS(-43.520610, 172.583090, 0.000000, var=[-1.0, -1.0, -1.0])
10:40:20:624255, 1, 2, 1631832020.6240528, 15, GPS(-43.520510, 172.582875, 21.453957, var=[1.0, 1.0, 1.0]), 57.907688698673255, GPS(-43.520610, 172.583100, 0.000000, var=[-1.0, -1.0, -1.0])
10:40:20:624361, 4, 2, 1631832020.6240728, 16, GPS(-43.520690, 172.583123, 21.435721, var=[1.0, 1.0, 1.0]), 50.971700016190525, GPS(-43.520610, 172.583100, 0.000000, var=[-1.0, -1.0, -1.0])
10:40:20:624424, 2, 2, 1631832020.624153, 15, GPS(-43.520509, 172.583123, 21.453010, var=[1.0, 1.0, 1.0]), 51.966245861370595, GPS(-43.520610, 172.583100, 0.000000, var=[-1.0, -1.0, -1.0])
10:40:20:624592, 3, 2, 1631832020.6244595, 15, GPS(-43.520689, 172.582875, 21.425672, var=[1.0, 1.0, 1.0]), 57.104741620383066, GPS(-43.520610, 172.583100, 0.000000, var=[-1.0, -1.0, -1.0])
10:40:20:658099, 1, 2, 1631832020.6579754, 16, GPS(-43.520510, 172.582875, 21.452957, var=[1.0, 1.0, 1.0]), 57.900668683888, GPS(-43.520610, 172.583100, 0.000000, var=[-1.0, -1.0, -1.0])
10:40:20:660312, 2, 2, 1631832020.6602118, 16, GPS(-43.520509, 172.583123, 21.453010, var=[1.0, 1.0, 1.0]), 51.95993565183714, GPS(-43.520610, 172.583100, 0.000000, var=[-1.0, -1.0, -1.0])
10:40:20:662671, 4, 2, 1631832020.6625555, 17, GPS(-43.520690, 172.583123, 21.435721, var=[1.0, 1.0, 1.0]), 50.96538980665707, GPS(-43.520610, 172.583100, 0.000000, var=[-1.0, -1.0, -1.0])
10:40:20:663872, 3, 2, 1631832020.663781, 16, GPS(-43.520689, 172.582875, 21.425672, var=[1.0, 1.0, 1.0]), 57.09843141084962, GPS(-43.520610, 172.583100, 0.000000, var=[-1.0, -1.0, -1.0])
10:40:21:658216, 1, 2, 1631832021.6579998, 17, GPS(-43.520510, 172.582875, 21.441958, var=[1.0, 1.0, 1.0]), 58.65632544710073, GPS(-43.520610, 172.583110, 0.000000, var=[-1.0, -1.0, -1.0])
10:40:21:662465, 2, 2, 1631832021.66227, 17, GPS(-43.520509, 172.583123, 21.450010, var=[1.0, 1.0, 1.0]), 52.16047456891768, GPS(-43.520610, 172.583110, 0.000000, var=[-1.0, -1.0, -1.0])
10:40:21:663784, 4, 2, 1631832021.6635818, 18, GPS(-43.520690, 172.583123, 21.434721, var=[1.0, 1.0, 1.0]), 51.160191208843614, GPS(-43.520610, 172.583110, 0.000000, var=[-1.0, -1.0, -1.0])
10:40:21:664247, 3, 2, 1631832021.6640546, 17, GPS(-43.520689, 172.582875, 21.429672, var=[1.0, 1.0, 1.0]), 57.8616221245973, GPS(-43.520610, 172.583110, 0.000000, var=[-1.0, -1.0, -1.0])
10:40:21:665989, 3, 2, 1631832021.6650062, 18, GPS(-43.520689, 172.582875, 21.429672, var=[1.0, 1.0, 1.0]), 57.8616221245973, GPS(-43.520610, 172.583110, 0.000000, var=[-1.0, -1.0, -1.0])
10:40:21:666071, 4, 2, 1631832021.6650348, 19, GPS(-43.520690, 172.583123, 21.434721, var=[1.0, 1.0, 1.0]), 51.160191208843614, GPS(-43.520610, 172.583110, 0.000000, var=[-1.0, -1.0, -1.0])
10:40:21:666114, 2, 2, 1631832021.665055, 18, GPS(-43.520509, 172.583123, 21.450010, var=[1.0, 1.0, 1.0]), 52.16047456891768, GPS(-43.520610, 172.583110, 0.000000, var=[-1.0, -1.0, -1.0])
10:40:21:666153, 1, 2, 1631832021.6650498, 18, GPS(-43.520510, 172.582875, 21.441958, var=[1.0, 1.0, 1.0]), 58.65632544710073, GPS(-43.520610, 172.583110, 0.000000, var=[-1.0, -1.0, -1.0])
10:40:22:665678, 2, 2, 1631832022.665526, 19, GPS(-43.520509, 172.583122, 21.438010, var=[1.0, 1.0, 1.0]), 52.211473860415055, GPS(-43.520611, 172.583110, 0.000000, var=[-1.0, -1.0, -1.0])
10:40:22:665760, 3, 2, 1631832022.6655147, 19, GPS(-43.520689, 172.582874, 21.428672, var=[1.0, 1.0, 1.0]), 57.83899903695897, GPS(-43.520611, 172.583110, 0.000000, var=[-1.0, -1.0, -1.0])
10:40:22:665807, 1, 2, 1631832022.6655812, 19, GPS(-43.520509, 172.582874, 21.432958, var=[1.0, 1.0, 1.0]), 58.71992198652233, GPS(-43.520611, 172.583110, 0.000000, var=[-1.0, -1.0, -1.0])
10:40:22:667158, 2, 2, 1631832022.666094, 20, GPS(-43.520509, 172.583122, 21.438010, var=[1.0, 1.0, 1.0]), 52.211473860415055, GPS(-43.520611, 172.583110, 0.000000, var=[-1.0, -1.0, -1.0])
10:40:22:667234, 3, 2, 1631832022.66605, 20, GPS(-43.520689, 172.582874, 21.428672, var=[1.0, 1.0, 1.0]), 57.83899903695897, GPS(-43.520611, 172.583110, 0.000000, var=[-1.0, -1.0, -1.0])
10:40:22:667307, 1, 2, 1631832022.6660764, 20, GPS(-43.520509, 172.582874, 21.432958, var=[1.0, 1.0, 1.0]), 58.71992198652233, GPS(-43.520611, 172.583110, 0.000000, var=[-1.0, -1.0, -1.0])
10:40:22:667360, 4, 4, 1631832022.6658745, 20, GPS(-43.520690, 172.583122, 21.438721, var=[1.0, 1.0, 1.0]), 51.1218090199215, GPS(-43.520611, 172.583110, 0.000000, var=[-1.0, -1.0, -1.0])
10:40:22:669162, 4, 4, 1631832022.6660526, 21, GPS(-43.520690, 172.583122, 21.438721, var=[1.0, 1.0, 1.0]), 51.1218090199215, GPS(-43.520611, 172.583110, 0.000000, var=[-1.0, -1.0, -1.0])
10:40:23:666916, 4, 4, 1631832023.6667938, 22, GPS(-43.520690, 172.583122, 21.426721, var=[1.0, 1.0, 1.0]), 51.37970452304069, GPS(-43.520610, 172.583120, 0.000000, var=[-1.0, -1.0, -1.0])
10:40:23:667349, 4, 4, 1631832023.6671855, 23, GPS(-43.520690, 172.583122, 21.426721, var=[1.0, 1.0, 1.0]), 51.37970452304069, GPS(-43.520610, 172.583120, 0.000000, var=[-1.0, -1.0, -1.0])
10:40:23:667409, 3, 2, 1631832023.6671917, 21, GPS(-43.520689, 172.582874, 21.427671, var=[1.0, 1.0, 1.0]), 58.650678367415836, GPS(-43.520610, 172.583120, 0.000000, var=[-1.0, -1.0, -1.0])
10:40:23:667469, 2, 2, 1631832023.6672313, 21, GPS(-43.520509, 172.583122, 21.431011, var=[1.0, 1.0, 1.0]), 52.390535027118446, GPS(-43.520610, 172.583120, 0.000000, var=[-1.0, -1.0, -1.0])
10:40:23:667745, 1, 2, 1631832023.6672246, 21, GPS(-43.520509, 172.582874, 21.431958, var=[1.0, 1.0, 1.0]), 59.4338999362885, GPS(-43.520610, 172.583120, 0.000000, var=[-1.0, -1.0, -1.0])
10:40:24:667799, 2, 2, 1631832024.6676712, 22, GPS(-43.520509, 172.583122, 21.432011, var=[1.0, 1.0, 1.0]), 52.69112608515534, GPS(-43.520610, 172.583130, 0.000000, var=[-1.0, -1.0, -1.0])
10:40:24:668687, 1, 2, 1631832024.6682289, 22, GPS(-43.520509, 172.582875, 21.425958, var=[1.0, 1.0, 1.0]), 60.21785193964974, GPS(-43.520610, 172.583130, 0.000000, var=[-1.0, -1.0, -1.0])
10:40:24:668885, 3, 4, 1631832024.6687615, 22, GPS(-43.520689, 172.582874, 21.431672, var=[1.0, 1.0, 1.0]), 59.467474829011415, GPS(-43.520610, 172.583130, 0.000000, var=[-1.0, -1.0, -1.0])
10:40:24:670091, 3, 4, 1631832024.668999, 23, GPS(-43.520689, 172.582874, 21.431672, var=[1.0, 1.0, 1.0]), 59.467474829011415, GPS(-43.520610, 172.583130, 0.000000, var=[-1.0, -1.0, -1.0])
10:40:24:670162, 4, 4, 1631832024.6688032, 24, GPS(-43.520690, 172.583123, 21.425721, var=[1.0, 1.0, 1.0]), 51.668415176582045, GPS(-43.520610, 172.583130, 0.000000, var=[-1.0, -1.0, -1.0])
10:40:24:670220, 2, 2, 1631832024.6690588, 23, GPS(-43.520509, 172.583122, 21.432011, var=[1.0, 1.0, 1.0]), 52.69112608515534, GPS(-43.520610, 172.583130, 0.000000, var=[-1.0, -1.0, -1.0])
10:40:24:670273, 1, 2, 1631832024.6690607, 23, GPS(-43.520509, 172.582875, 21.425958, var=[1.0, 1.0, 1.0]), 60.21785193964974, GPS(-43.520610, 172.583130, 0.000000, var=[-1.0, -1.0, -1.0])
10:40:24:671488, 4, 4, 1631832024.6690283, 25, GPS(-43.520690, 172.583123, 21.425721, var=[1.0, 1.0, 1.0]), 51.668415176582045, GPS(-43.520610, 172.583130, 0.000000, var=[-1.0, -1.0, -1.0])
10:40:25:669297, 1, 2, 1631832025.6691687, 24, GPS(-43.520509, 172.582875, 21.415958, var=[1.0, 1.0, 1.0]), 61.04297738893595, GPS(-43.520610, 172.583140, 0.000000, var=[-1.0, -1.0, -1.0])
10:40:25:669545, 4, 4, 1631832025.6694381, 26, GPS(-43.520690, 172.583123, 21.414722, var=[1.0, 1.0, 1.0]), 52.004208684670985, GPS(-43.520610, 172.583140, 0.000000, var=[-1.0, -1.0, -1.0])
10:40:25:669937, 3, 4, 1631832025.6697896, 24, GPS(-43.520689, 172.582874, 21.418672, var=[1.0, 1.0, 1.0]), 60.30773277785683, GPS(-43.520610, 172.583140, 0.000000, var=[-1.0, -1.0, -1.0])
10:40:25:670301, 3, 4, 1631832025.6702194, 25, GPS(-43.520689, 172.582874, 21.418672, var=[1.0, 1.0, 1.0]), 60.30773277785683, GPS(-43.520610, 172.583140, 0.000000, var=[-1.0, -1.0, -1.0])
10:40:25:670352, 4, 4, 1631832025.670232, 27, GPS(-43.520690, 172.583123, 21.414722, var=[1.0, 1.0, 1.0]), 52.004208684670985, GPS(-43.520610, 172.583140, 0.000000, var=[-1.0, -1.0, -1.0])
10:40:25:670391, 1, 2, 1631832025.6702578, 25, GPS(-43.520509, 172.582875, 21.415958, var=[1.0, 1.0, 1.0]), 61.04297738893595, GPS(-43.520610, 172.583140, 0.000000, var=[-1.0, -1.0, -1.0])
10:40:25:670424, 2, 2, 1631832025.6702676, 24, GPS(-43.520509, 172.583122, 21.424011, var=[1.0, 1.0, 1.0]), 53.024452503572455, GPS(-43.520610, 172.583140, 0.000000, var=[-1.0, -1.0, -1.0])
10:40:26:670758, 3, 4, 1631832026.670551, 26, GPS(-43.520689, 172.582875, 21.409672, var=[1.0, 1.0, 1.0]), 61.05610696628804, GPS(-43.520614, 172.583150, 0.000000, var=[-1.0, -1.0, -1.0])
10:40:26:670876, 2, 4, 1631832026.6706116, 25, GPS(-43.520509, 172.583123, 21.416011, var=[1.0, 1.0, 1.0]), 53.61670920430363, GPS(-43.520614, 172.583150, 0.000000, var=[-1.0, -1.0, -1.0])
10:40:26:673320, 2, 4, 1631832026.6716843, 26, GPS(-43.520509, 172.583123, 21.416011, var=[1.0, 1.0, 1.0]), 53.61670920430363, GPS(-43.520614, 172.583150, 0.000000, var=[-1.0, -1.0, -1.0])
10:40:26:673424, 4, 4, 1631832026.67118, 28, GPS(-43.520690, 172.583123, 21.409721, var=[1.0, 1.0, 1.0]), 52.24070975735768, GPS(-43.520614, 172.583150, 0.000000, var=[-1.0, -1.0, -1.0])
10:40:26:673503, 1, 2, 1631832026.671443, 26, GPS(-43.520510, 172.582875, 21.407958, var=[1.0, 1.0, 1.0]), 62.049535127954734, GPS(-43.520614, 172.583150, 0.000000, var=[-1.0, -1.0, -1.0])
10:40:26:675749, 3, 4, 1631832026.6716323, 27, GPS(-43.520689, 172.582875, 21.409672, var=[1.0, 1.0, 1.0]), 61.05610696628804, GPS(-43.520614, 172.583150, 0.000000, var=[-1.0, -1.0, -1.0])
10:40:26:675819, 1, 2, 1631832026.6716557, 27, GPS(-43.520510, 172.582875, 21.407958, var=[1.0, 1.0, 1.0]), 62.049535127954734, GPS(-43.520614, 172.583150, 0.000000, var=[-1.0, -1.0, -1.0])
10:40:26:675880, 4, 4, 1631832026.67185, 29, GPS(-43.520690, 172.583123, 21.409721, var=[1.0, 1.0, 1.0]), 52.24070975735768, GPS(-43.520614, 172.583150, 0.000000, var=[-1.0, -1.0, -1.0])
10:40:27:672064, 4, 4, 1631832027.6719267, 30, GPS(-43.520690, 172.583123, 21.408721, var=[1.0, 1.0, 1.0]), 52.82058470094677, GPS(-43.520610, 172.583160, 0.000000, var=[-1.0, -1.0, -1.0])
10:40:27:673134, 4, 4, 1631832027.6730278, 31, GPS(-43.520690, 172.583123, 21.408721, var=[1.0, 1.0, 1.0]), 52.82058470094677, GPS(-43.520610, 172.583160, 0.000000, var=[-1.0, -1.0, -1.0])
10:40:27:673203, 2, 4, 1631832027.6730614, 27, GPS(-43.520509, 172.583123, 21.414010, var=[1.0, 1.0, 1.0]), 53.80323463392745, GPS(-43.520610, 172.583160, 0.000000, var=[-1.0, -1.0, -1.0])
10:40:27:674360, 1, 2, 1631832027.673045, 28, GPS(-43.520510, 172.582875, 21.419957, var=[1.0, 1.0, 1.0]), 62.767542066680434, GPS(-43.520610, 172.583160, 0.000000, var=[-1.0, -1.0, -1.0])
10:40:27:674410, 3, 4, 1631832027.6730435, 28, GPS(-43.520689, 172.582875, 21.408672, var=[1.0, 1.0, 1.0]), 62.047298800295756, GPS(-43.520610, 172.583160, 0.000000, var=[-1.0, -1.0, -1.0])
10:40:28:673332, 1, 4, 1631832028.6731997, 29, GPS(-43.520510, 172.582875, 21.417957, var=[1.0, 1.0, 1.0]), 63.66594299960124, GPS(-43.520610, 172.583170, 0.000000, var=[-1.0, -1.0, -1.0])
10:40:28:673407, 3, 4, 1631832028.6732686, 29, GPS(-43.520689, 172.582875, 21.406671, var=[1.0, 1.0, 1.0]), 62.969762251037224, GPS(-43.520610, 172.583170, 0.000000, var=[-1.0, -1.0, -1.0])
10:40:28:673453, 4, 4, 1631832028.673267, 32, GPS(-43.520690, 172.583123, 21.401721, var=[1.0, 1.0, 1.0]), 53.27986662814445, GPS(-43.520610, 172.583170, 0.000000, var=[-1.0, -1.0, -1.0])
10:40:28:673558, 2, 4, 1631832028.6733806, 28, GPS(-43.520509, 172.583123, 21.416010, var=[1.0, 1.0, 1.0]), 54.25206025857483, GPS(-43.520610, 172.583170, 0.000000, var=[-1.0, -1.0, -1.0])
10:40:28:674659, 4, 4, 1631832028.6744103, 33, GPS(-43.520690, 172.583123, 21.401721, var=[1.0, 1.0, 1.0]), 53.27986662814445, GPS(-43.520610, 172.583170, 0.000000, var=[-1.0, -1.0, -1.0])
10:40:28:674707, 3, 4, 1631832028.6743793, 30, GPS(-43.520689, 172.582875, 21.406671, var=[1.0, 1.0, 1.0]), 62.969762251037224, GPS(-43.520610, 172.583170, 0.000000, var=[-1.0, -1.0, -1.0])
10:40:28:674750, 1, 4, 1631832028.6744046, 30, GPS(-43.520510, 172.582875, 21.417957, var=[1.0, 1.0, 1.0]), 63.66594299960124, GPS(-43.520610, 172.583170, 0.000000, var=[-1.0, -1.0, -1.0])
10:40:28:674786, 2, 4, 1631832028.6744046, 29, GPS(-43.520509, 172.583123, 21.416010, var=[1.0, 1.0, 1.0]), 54.25206025857483, GPS(-43.520610, 172.583170, 0.000000, var=[-1.0, -1.0, -1.0])
10:40:29:674689, 3, 4, 1631832029.6745565, 31, GPS(-43.520689, 172.582875, 21.392671, var=[1.0, 1.0, 1.0]), 62.95362336938568, GPS(-43.520610, 172.583170, 0.000000, var=[-1.0, -1.0, -1.0])
10:40:29:674781, 3, 4, 1631832029.674689, 32, GPS(-43.520689, 172.582875, 21.392671, var=[1.0, 1.0, 1.0]), 62.95362336938568, GPS(-43.520610, 172.583170, 0.000000, var=[-1.0, -1.0, -1.0])
10:40:29:674847, 4, 4, 1631832029.6745803, 34, GPS(-43.520690, 172.583123, 21.392721, var=[1.0, 1.0, 1.0]), 53.26187543726603, GPS(-43.520610, 172.583170, 0.000000, var=[-1.0, -1.0, -1.0])
10:40:29:674929, 2, 4, 1631832029.6747289, 30, GPS(-43.520509, 172.583123, 21.399010, var=[1.0, 1.0, 1.0]), 54.232918680115006, GPS(-43.520610, 172.583170, 0.000000, var=[-1.0, -1.0, -1.0])
10:40:29:675989, 1, 4, 1631832029.6747248, 31, GPS(-43.520510, 172.582875, 21.389957, var=[1.0, 1.0, 1.0]), 63.64398635562432, GPS(-43.520610, 172.583170, 0.000000, var=[-1.0, -1.0, -1.0])
10:40:29:676046, 4, 4, 1631832029.674693, 35, GPS(-43.520690, 172.583123, 21.392721, var=[1.0, 1.0, 1.0]), 53.26187543726603, GPS(-43.520610, 172.583170, 0.000000, var=[-1.0, -1.0, -1.0])
10:40:30:675289, 3, 4, 1631832030.6750796, 33, GPS(-43.520689, 172.582875, 21.395671, var=[1.0, 1.0, 1.0]), 63.90295857201022, GPS(-43.520610, 172.583180, 0.000000, var=[-1.0, -1.0, -1.0])
10:40:30:675715, 4, 4, 1631832030.675582, 36, GPS(-43.520690, 172.583123, 21.378721, var=[1.0, 1.0, 1.0]), 53.75355882310083, GPS(-43.520610, 172.583180, 0.000000, var=[-1.0, -1.0, -1.0])
10:40:30:675820, 1, 4, 1631832030.6756728, 32, GPS(-43.520510, 172.582875, 21.354957, var=[1.0, 1.0, 1.0]), 64.55476268794827, GPS(-43.520610, 172.583180, 0.000000, var=[-1.0, -1.0, -1.0])
10:40:30:676271, 3, 4, 1631832030.6761131, 34, GPS(-43.520689, 172.582875, 21.395671, var=[1.0, 1.0, 1.0]), 63.90295857201022, GPS(-43.520610, 172.583180, 0.000000, var=[-1.0, -1.0, -1.0])
10:40:30:676405, 4, 4, 1631832030.6761212, 37, GPS(-43.520690, 172.583123, 21.378721, var=[1.0, 1.0, 1.0]), 53.75355882310083, GPS(-43.520610, 172.583180, 0.000000, var=[-1.0, -1.0, -1.0])
10:40:30:676480, 1, 4, 1631832030.676139, 33, GPS(-43.520510, 172.582875, 21.354957, var=[1.0, 1.0, 1.0]), 64.55476268794827, GPS(-43.520610, 172.583180, 0.000000, var=[-1.0, -1.0, -1.0])
10:40:30:676562, 2, 4, 1631832030.6761622, 31, GPS(-43.520509, 172.583123, 21.372010, var=[1.0, 1.0, 1.0]), 54.72739249151256, GPS(-43.520610, 172.583180, 0.000000, var=[-1.0, -1.0, -1.0])
10:40:31:676546, 3, 4, 1631832031.6763692, 35, GPS(-43.520689, 172.582875, 21.377671, var=[1.0, 1.0, 1.0]), 63.87555021943782, GPS(-43.520610, 172.583180, 0.000000, var=[-1.0, -1.0, -1.0])
10:40:31:676640, 2, 4, 1631832031.6763763, 32, GPS(-43.520509, 172.583123, 21.365010, var=[1.0, 1.0, 1.0]), 54.70298970081271, GPS(-43.520610, 172.583180, 0.000000, var=[-1.0, -1.0, -1.0])
10:40:31:678352, 4, 4, 1631832031.677144, 38, GPS(-43.520690, 172.583123, 21.375721, var=[1.0, 1.0, 1.0]), 53.73157949025865, GPS(-43.520610, 172.583180, 0.000000, var=[-1.0, -1.0, -1.0])
10:40:31:678412, 1, 4, 1631832031.6765616, 34, GPS(-43.520510, 172.582875, 21.364958, var=[1.0, 1.0, 1.0]), 64.54268927149863, GPS(-43.520610, 172.583180, 0.000000, var=[-1.0, -1.0, -1.0])
10:40:31:705589, 2, 4, 1631832031.7053134, 33, GPS(-43.520509, 172.583123, 21.366010, var=[1.0, 1.0, 1.0]), 54.70480531211368, GPS(-43.520610, 172.583180, 0.000000, var=[-1.0, -1.0, -1.0])
10:40:31:707841, 4, 4, 1631832031.706575, 39, GPS(-43.520690, 172.583123, 21.375721, var=[1.0, 1.0, 1.0]), 53.73252595515041, GPS(-43.520610, 172.583180, 0.000000, var=[-1.0, -1.0, -1.0])
10:40:31:708688, 1, 4, 1631832031.7061481, 35, GPS(-43.520510, 172.582875, 21.366958, var=[1.0, 1.0, 1.0]), 64.5448771470595, GPS(-43.520610, 172.583180, 0.000000, var=[-1.0, -1.0, -1.0])
10:40:31:710074, 3, 4, 1631832031.7063856, 36, GPS(-43.520689, 172.582875, 21.376671, var=[1.0, 1.0, 1.0]), 63.86998540595725, GPS(-43.520610, 172.583180, 0.000000, var=[-1.0, -1.0, -1.0])
10:40:32:706634, 3, 4, 1631832032.706511, 37, GPS(-43.520689, 172.582875, 21.373672, var=[1.0, 1.0, 1.0]), 64.64706712667225, GPS(-43.520620, 172.583190, 0.000000, var=[-1.0, -1.0, -1.0])
10:40:32:707850, 3, 4, 1631832032.7071946, 38, GPS(-43.520689, 172.582875, 21.373672, var=[1.0, 1.0, 1.0]), 64.64706712667225, GPS(-43.520620, 172.583190, 0.000000, var=[-1.0, -1.0, -1.0])
10:40:32:708614, 4, 4, 1631832032.7066607, 40, GPS(-43.520690, 172.583123, 21.374721, var=[1.0, 1.0, 1.0]), 53.97401656538412, GPS(-43.520620, 172.583190, 0.000000, var=[-1.0, -1.0, -1.0])
10:40:32:709423, 1, 4, 1631832032.706783, 36, GPS(-43.520510, 172.582875, 21.378958, var=[1.0, 1.0, 1.0]), 65.96438689933606, GPS(-43.520620, 172.583190, 0.000000, var=[-1.0, -1.0, -1.0])
10:40:32:710588, 2, 4, 1631832032.7070615, 34, GPS(-43.520509, 172.583123, 21.374010, var=[1.0, 1.0, 1.0]), 55.86090055152312, GPS(-43.520620, 172.583190, 0.000000, var=[-1.0, -1.0, -1.0])
10:40:32:713134, 1, 4, 1631832032.7070413, 37, GPS(-43.520510, 172.582875, 21.378958, var=[1.0, 1.0, 1.0]), 65.96438689933606, GPS(-43.520620, 172.583190, 0.000000, var=[-1.0, -1.0, -1.0])
10:40:32:715231, 4, 4, 1631832032.7070193, 41, GPS(-43.520690, 172.583123, 21.374721, var=[1.0, 1.0, 1.0]), 53.97401656538412, GPS(-43.520620, 172.583190, 0.000000, var=[-1.0, -1.0, -1.0])
10:40:33:707168, 1, 4, 1631832033.7070444, 38, GPS(-43.520510, 172.582875, 21.381958, var=[1.0, 1.0, 1.0]), 68.11663681152815, GPS(-43.520623, 172.583210, 0.000000, var=[-1.0, -1.0, -1.0])
10:40:33:708143, 3, 4, 1631832033.707687, 39, GPS(-43.520689, 172.582875, 21.384672, var=[1.0, 1.0, 1.0]), 66.66485612104567, GPS(-43.520623, 172.583210, 0.000000, var=[-1.0, -1.0, -1.0])
10:40:33:708829, 4, 4, 1631832033.7070885, 42, GPS(-43.520690, 172.583123, 21.371721, var=[1.0, 1.0, 1.0]), 55.1470811330447, GPS(-43.520623, 172.583210, 0.000000, var=[-1.0, -1.0, -1.0])
10:40:33:709474, 2, 4, 1631832033.7088625, 35, GPS(-43.520509, 172.583123, 21.373010, var=[1.0, 1.0, 1.0]), 57.277664425047945, GPS(-43.520623, 172.583210, 0.000000, var=[-1.0, -1.0, -1.0])
10:40:33:737237, 3, 4, 1631832033.7370975, 40, GPS(-43.520689, 172.582875, 21.385672, var=[1.0, 1.0, 1.0]), 66.67224093071296, GPS(-43.520623, 172.583210, 0.000000, var=[-1.0, -1.0, -1.0])
10:40:33:738693, 2, 4, 1631832033.7374904, 36, GPS(-43.520509, 172.583123, 21.373010, var=[1.0, 1.0, 1.0]), 57.28444200989428, GPS(-43.520623, 172.583210, 0.000000, var=[-1.0, -1.0, -1.0])
10:40:33:776200, 1, 4, 1631832033.776078, 39, GPS(-43.520510, 172.582875, 21.380958, var=[1.0, 1.0, 1.0]), 68.12283130388047, GPS(-43.520623, 172.583210, 0.000000, var=[-1.0, -1.0, -1.0])
10:40:33:777264, 4, 4, 1631832033.7767704, 43, GPS(-43.520690, 172.583123, 21.370721, var=[1.0, 1.0, 1.0]), 55.152956953939096, GPS(-43.520623, 172.583210, 0.000000, var=[-1.0, -1.0, -1.0])
10:40:34:737273, 3, 4, 1631832034.7371278, 41, GPS(-43.520689, 172.582875, 21.389671, var=[1.0, 1.0, 1.0]), 67.78477443563266, GPS(-43.520620, 172.583220, 0.000000, var=[-1.0, -1.0, -1.0])
10:40:34:739477, 2, 4, 1631832034.7393677, 37, GPS(-43.520509, 172.583123, 21.376010, var=[1.0, 1.0, 1.0]), 57.77334538053121, GPS(-43.520620, 172.583220, 0.000000, var=[-1.0, -1.0, -1.0])
10:40:34:743175, 2, 4, 1631832034.7400641, 38, GPS(-43.520509, 172.583123, 21.376010, var=[1.0, 1.0, 1.0]), 57.77334538053121, GPS(-43.520620, 172.583220, 0.000000, var=[-1.0, -1.0, -1.0])
10:40:34:745941, 1, 4, 1631832034.7400444, 40, GPS(-43.520510, 172.582875, 21.385958, var=[1.0, 1.0, 1.0]), 69.043747305697, GPS(-43.520620, 172.583220, 0.000000, var=[-1.0, -1.0, -1.0])
10:48:30:041672, 3, 4, 1631832034.7401786, 42, GPS(-43.520689, 172.582875, 21.389671, var=[1.0, 1.0, 1.0]), 67.78477443563266, GPS(-43.520620, 172.583220, 0.000000, var=[-1.0, -1.0, -1.0])
10:48:30:120084, 4, 4, 1631832034.7400017, 44, GPS(-43.520690, 172.583123, 21.374721, var=[1.0, 1.0, 1.0]), 55.927654172931426, GPS(-43.520620, 172.583220, 0.000000, var=[-1.0, -1.0, -1.0])
10:48:30:168191, 2, 4, 1631832035.7413967, 39, GPS(-43.520509, 172.583123, 21.385011, var=[1.0, 1.0, 1.0]), 58.536097202271016, GPS(-43.520620, 172.583230, 0.000000, var=[-1.0, -1.0, -1.0])
10:48:30:258610, 1, 4, 1631832035.7404792, 41, GPS(-43.520509, 172.582875, 21.391958, var=[1.0, 1.0, 1.0]), 70.1529774207325, GPS(-43.520620, 172.583230, 0.000000, var=[-1.0, -1.0, -1.0])
10:48:30:354952, 3, 4, 1631832035.7416332, 43, GPS(-43.520689, 172.582875, 21.395672, var=[1.0, 1.0, 1.0]), 68.91238612157827, GPS(-43.520620, 172.583230, 0.000000, var=[-1.0, -1.0, -1.0])
10:48:30:451671, 4, 4, 1631832035.740084, 45, GPS(-43.520690, 172.583123, 21.378721, var=[1.0, 1.0, 1.0]), 56.69227775685519, GPS(-43.520620, 172.583230, 0.000000, var=[-1.0, -1.0, -1.0])
10:48:30:508611, 2, 4, 1631832035.741642, 40, GPS(-43.520509, 172.583123, 21.385011, var=[1.0, 1.0, 1.0]), 58.536097202271016, GPS(-43.520620, 172.583230, 0.000000, var=[-1.0, -1.0, -1.0])
10:48:30:635570, 1, 4, 1631832035.7416272, 42, GPS(-43.520509, 172.582875, 21.391958, var=[1.0, 1.0, 1.0]), 70.1529774207325, GPS(-43.520620, 172.583230, 0.000000, var=[-1.0, -1.0, -1.0])
10:48:30:734600, 3, 4, 1631832036.7429428, 44, GPS(-43.520688, 172.582875, 21.401672, var=[1.0, 1.0, 1.0]), 70.03094506903545, GPS(-43.520620, 172.583240, 0.000000, var=[-1.0, -1.0, -1.0])
10:48:30:832027, 4, 4, 1631832035.7416403, 46, GPS(-43.520690, 172.583123, 21.378721, var=[1.0, 1.0, 1.0]), 56.69227775685519, GPS(-43.520620, 172.583230, 0.000000, var=[-1.0, -1.0, -1.0])
10:48:30:933985, 2, 4, 1631832036.7422562, 41, GPS(-43.520508, 172.583123, 21.394011, var=[1.0, 1.0, 1.0]), 59.3011430438641, GPS(-43.520620, 172.583240, 0.000000, var=[-1.0, -1.0, -1.0])
10:48:31:025787, 1, 4, 1631832036.741877, 43, GPS(-43.520509, 172.582875, 21.399958, var=[1.0, 1.0, 1.0]), 71.257125005018, GPS(-43.520620, 172.583240, 0.000000, var=[-1.0, -1.0, -1.0])
10:48:31:109342, 3, 4, 1631832036.8420393, 45, GPS(-43.520688, 172.582875, 21.401672, var=[1.0, 1.0, 1.0]), 70.03094506903545, GPS(-43.520620, 172.583240, 0.000000, var=[-1.0, -1.0, -1.0])
10:48:31:208839, 4, 4, 1631832036.743683, 47, GPS(-43.520690, 172.583123, 21.396721, var=[1.0, 1.0, 1.0]), 57.478823471979425, GPS(-43.520620, 172.583240, 0.000000, var=[-1.0, -1.0, -1.0])
10:48:31:295835, 2, 4, 1631832036.8420672, 42, GPS(-43.520508, 172.583123, 21.398011, var=[1.0, 1.0, 1.0]), 59.304374900764884, GPS(-43.520620, 172.583240, 0.000000, var=[-1.0, -1.0, -1.0])
10:48:31:402978, 1, 4, 1631832036.8420596, 44, GPS(-43.520509, 172.582875, 21.400958, var=[1.0, 1.0, 1.0]), 71.25768178622317, GPS(-43.520620, 172.583240, 0.000000, var=[-1.0, -1.0, -1.0])
10:48:31:463880, 3, 4, 1631832037.8426838, 46, GPS(-43.520688, 172.582874, 21.402672, var=[1.0, 1.0, 1.0]), 70.3161074979516, GPS(-43.520628, 172.583243, 0.000000, var=[-1.0, -1.0, -1.0])
10:48:31:528013, 4, 4, 1631832036.8421187, 48, GPS(-43.520690, 172.583123, 21.397721, var=[1.0, 1.0, 1.0]), 57.47969123592694, GPS(-43.520620, 172.583240, 0.000000, var=[-1.0, -1.0, -1.0])
10:48:31:616924, 2, 4, 1631832037.8440506, 43, GPS(-43.520508, 172.583122, 21.409011, var=[1.0, 1.0, 1.0]), 60.09692155929591, GPS(-43.520628, 172.583243, 0.000000, var=[-1.0, -1.0, -1.0])
10:48:31:700889, 1, 4, 1631832037.8426404, 45, GPS(-43.520509, 172.582875, 21.403958, var=[1.0, 1.0, 1.0]), 72.01698510112647, GPS(-43.520628, 172.583243, 0.000000, var=[-1.0, -1.0, -1.0])
10:48:31:798296, 3, 4, 1631832037.942531, 47, GPS(-43.520688, 172.582874, 21.403672, var=[1.0, 1.0, 1.0]), 70.31668194118839, GPS(-43.520628, 172.583243, 0.000000, var=[-1.0, -1.0, -1.0])
10:48:31:861288, 4, 4, 1631832037.8428326, 49, GPS(-43.520690, 172.583122, 21.406722, var=[1.0, 1.0, 1.0]), 57.5531636812893, GPS(-43.520628, 172.583243, 0.000000, var=[-1.0, -1.0, -1.0])
10:48:31:939907, 2, 4, 1631832037.9425642, 44, GPS(-43.520508, 172.583122, 21.411011, var=[1.0, 1.0, 1.0]), 60.101416058585315, GPS(-43.520628, 172.583243, 0.000000, var=[-1.0, -1.0, -1.0])
10:48:32:071297, 1, 4, 1631832037.9425514, 46, GPS(-43.520509, 172.582875, 21.405958, var=[1.0, 1.0, 1.0]), 72.0143012979812, GPS(-43.520628, 172.583243, 0.000000, var=[-1.0, -1.0, -1.0])
10:48:32:162973, 3, 4, 1631832038.9433281, 48, GPS(-43.520688, 172.582874, 21.423672, var=[1.0, 1.0, 1.0]), 70.33905656209106, GPS(-43.520628, 172.583243, 0.000000, var=[-1.0, -1.0, -1.0])
10:48:32:231929, 4, 4, 1631832037.9425218, 50, GPS(-43.520690, 172.583122, 21.408722, var=[1.0, 1.0, 1.0]), 57.5518116325209, GPS(-43.520628, 172.583243, 0.000000, var=[-1.0, -1.0, -1.0])
10:48:32:315328, 2, 4, 1631832038.943268, 45, GPS(-43.520508, 172.583122, 21.420011, var=[1.0, 1.0, 1.0]), 60.11436861445196, GPS(-43.520628, 172.583243, 0.000000, var=[-1.0, -1.0, -1.0])
10:48:32:427791, 1, 4, 1631832038.9426303, 47, GPS(-43.520509, 172.582875, 21.422958, var=[1.0, 1.0, 1.0]), 72.02601912907133, GPS(-43.520628, 172.583243, 0.000000, var=[-1.0, -1.0, -1.0])
10:48:32:525935, 3, 4, 1631832039.0429745, 49, GPS(-43.520688, 172.582874, 21.424672, var=[1.0, 1.0, 1.0]), 70.33963121500373, GPS(-43.520628, 172.583243, 0.000000, var=[-1.0, -1.0, -1.0])
10:48:32:621936, 4, 4, 1631832038.9438114, 51, GPS(-43.520690, 172.583122, 21.414722, var=[1.0, 1.0, 1.0]), 57.563478586227674, GPS(-43.520628, 172.583243, 0.000000, var=[-1.0, -1.0, -1.0])
10:48:32:713026, 2, 4, 1631832039.0429852, 46, GPS(-43.520509, 172.583122, 21.418011, var=[1.0, 1.0, 1.0]), 60.10731053068335, GPS(-43.520628, 172.583243, 0.000000, var=[-1.0, -1.0, -1.0])
10:48:32:814366, 1, 4, 1631832039.0429711, 48, GPS(-43.520509, 172.582875, 21.420958, var=[1.0, 1.0, 1.0]), 72.02491966667063, GPS(-43.520628, 172.583243, 0.000000, var=[-1.0, -1.0, -1.0])
10:48:32:872497, 3, 4, 1631832040.044081, 50, GPS(-43.520688, 172.582874, 21.430672, var=[1.0, 1.0, 1.0]), 70.34752807438021, GPS(-43.520628, 172.583243, 0.000000, var=[-1.0, -1.0, -1.0])
10:48:32:936172, 4, 4, 1631832039.0429592, 52, GPS(-43.520690, 172.583122, 21.414722, var=[1.0, 1.0, 1.0]), 57.56669324837339, GPS(-43.520628, 172.583243, 0.000000, var=[-1.0, -1.0, -1.0])
10:48:33:006514, 2, 4, 1631832040.0445359, 47, GPS(-43.520509, 172.583122, 21.422011, var=[1.0, 1.0, 1.0]), 60.12215777809379, GPS(-43.520628, 172.583243, 0.000000, var=[-1.0, -1.0, -1.0])
10:48:33:121268, 1, 4, 1631832040.0442145, 49, GPS(-43.520509, 172.582874, 21.431958, var=[1.0, 1.0, 1.0]), 72.04327416155088, GPS(-43.520628, 172.583243, 0.000000, var=[-1.0, -1.0, -1.0])
10:48:33:192005, 3, 4, 1631832040.143365, 51, GPS(-43.520688, 172.582874, 21.431672, var=[1.0, 1.0, 1.0]), 70.34810278446425, GPS(-43.520628, 172.583243, 0.000000, var=[-1.0, -1.0, -1.0])
10:48:33:267537, 4, 4, 1631832040.0430028, 53, GPS(-43.520690, 172.583122, 21.426722, var=[1.0, 1.0, 1.0]), 57.58349057655963, GPS(-43.520628, 172.583243, 0.000000, var=[-1.0, -1.0, -1.0])
10:48:33:370505, 2, 4, 1631832040.1434062, 48, GPS(-43.520508, 172.583122, 21.423011, var=[1.0, 1.0, 1.0]), 60.12842091604405, GPS(-43.520628, 172.583243, 0.000000, var=[-1.0, -1.0, -1.0])
10:48:33:481378, 1, 4, 1631832040.143405, 50, GPS(-43.520509, 172.582874, 21.432958, var=[1.0, 1.0, 1.0]), 72.04382390714143, GPS(-43.520628, 172.583243, 0.000000, var=[-1.0, -1.0, -1.0])
10:48:33:582514, 3, 4, 1631832041.145163, 52, GPS(-43.520688, 172.582874, 21.439672, var=[1.0, 1.0, 1.0]), 70.1762273252364, GPS(-43.520628, 172.583242, 0.000000, var=[-1.0, -1.0, -1.0])
10:48:33:688301, 4, 4, 1631832040.1433825, 54, GPS(-43.520690, 172.583122, 21.427721, var=[1.0, 1.0, 1.0]), 57.587464996779104, GPS(-43.520628, 172.583243, 0.000000, var=[-1.0, -1.0, -1.0])
10:48:33:803085, 2, 4, 1631832041.1452966, 49, GPS(-43.520509, 172.583122, 21.429011, var=[1.0, 1.0, 1.0]), 59.99669479169062, GPS(-43.520628, 172.583242, 0.000000, var=[-1.0, -1.0, -1.0])
10:48:33:915682, 1, 4, 1631832041.143669, 51, GPS(-43.520510, 172.582874, 21.442958, var=[1.0, 1.0, 1.0]), 71.87805589695046, GPS(-43.520628, 172.583242, 0.000000, var=[-1.0, -1.0, -1.0])
10:48:34:022658, 3, 4, 1631832041.2438076, 53, GPS(-43.520688, 172.582874, 21.438672, var=[1.0, 1.0, 1.0]), 70.17565097567245, GPS(-43.520628, 172.583242, 0.000000, var=[-1.0, -1.0, -1.0])
10:48:34:129721, 4, 4, 1631832041.1442237, 55, GPS(-43.520690, 172.583122, 21.425721, var=[1.0, 1.0, 1.0]), 57.45274886435524, GPS(-43.520628, 172.583242, 0.000000, var=[-1.0, -1.0, -1.0])
10:48:34:246377, 2, 4, 1631832041.243862, 50, GPS(-43.520509, 172.583122, 21.429011, var=[1.0, 1.0, 1.0]), 59.99669479169062, GPS(-43.520628, 172.583242, 0.000000, var=[-1.0, -1.0, -1.0])
10:48:34:399114, 1, 4, 1631832041.2438593, 52, GPS(-43.520510, 172.582874, 21.442958, var=[1.0, 1.0, 1.0]), 71.87191157919307, GPS(-43.520628, 172.583242, 0.000000, var=[-1.0, -1.0, -1.0])
10:48:34:476127, 3, 4, 1631832042.2449782, 54, GPS(-43.520688, 172.582874, 21.435672, var=[1.0, 1.0, 1.0]), 70.1803502696556, GPS(-43.520628, 172.583242, 0.000000, var=[-1.0, -1.0, -1.0])
10:48:34:599568, 4, 4, 1631832041.243819, 56, GPS(-43.520690, 172.583122, 21.425721, var=[1.0, 1.0, 1.0]), 57.45274886435524, GPS(-43.520628, 172.583242, 0.000000, var=[-1.0, -1.0, -1.0])
10:48:34:697791, 2, 4, 1631832042.244353, 51, GPS(-43.520509, 172.583122, 21.440010, var=[1.0, 1.0, 1.0]), 59.989002781800046, GPS(-43.520628, 172.583242, 0.000000, var=[-1.0, -1.0, -1.0])
10:48:34:821442, 1, 4, 1631832042.2448287, 53, GPS(-43.520510, 172.582874, 21.434958, var=[1.0, 1.0, 1.0]), 71.8736466438815, GPS(-43.520628, 172.583242, 0.000000, var=[-1.0, -1.0, -1.0])
10:48:34:931571, 3, 4, 1631832042.3443272, 55, GPS(-43.520689, 172.582874, 21.434672, var=[1.0, 1.0, 1.0]), 70.1817752613793, GPS(-43.520628, 172.583242, 0.000000, var=[-1.0, -1.0, -1.0])
10:48:35:020047, 4, 4, 1631832042.2453704, 57, GPS(-43.520690, 172.583122, 21.428721, var=[1.0, 1.0, 1.0]), 57.45848722422953, GPS(-43.520628, 172.583242, 0.000000, var=[-1.0, -1.0, -1.0])
10:48:35:098420, 2, 4, 1631832042.3444605, 52, GPS(-43.520509, 172.583122, 21.442010, var=[1.0, 1.0, 1.0]), 59.987704084620304, GPS(-43.520628, 172.583242, 0.000000, var=[-1.0, -1.0, -1.0])
10:48:35:207738, 1, 4, 1631832042.344391, 54, GPS(-43.520510, 172.582874, 21.436958, var=[1.0, 1.0, 1.0]), 71.8747488497534, GPS(-43.520628, 172.583242, 0.000000, var=[-1.0, -1.0, -1.0])
10:48:35:307101, 3, 4, 1631832043.3460248, 56, GPS(-43.520689, 172.582874, 21.438671, var=[1.0, 1.0, 1.0]), 70.17965697494593, GPS(-43.520628, 172.583242, 0.000000, var=[-1.0, -1.0, -1.0])
10:48:35:377581, 4, 4, 1631832042.3443673, 58, GPS(-43.520690, 172.583122, 21.429721, var=[1.0, 1.0, 1.0]), 57.45936255818014, GPS(-43.520628, 172.583242, 0.000000, var=[-1.0, -1.0, -1.0])
10:48:35:438965, 2, 4, 1631832043.3454688, 53, GPS(-43.520509, 172.583122, 21.441010, var=[1.0, 1.0, 1.0]), 59.98402603881816, GPS(-43.520628, 172.583242, 0.000000, var=[-1.0, -1.0, -1.0])
10:48:35:558612, 1, 4, 1631832043.3455868, 55, GPS(-43.520510, 172.582874, 21.437958, var=[1.0, 1.0, 1.0]), 71.85072516738757, GPS(-43.520628, 172.583242, 0.000000, var=[-1.0, -1.0, -1.0])
10:48:35:661157, 3, 4, 1631832043.4449189, 57, GPS(-43.520689, 172.582874, 21.438671, var=[1.0, 1.0, 1.0]), 70.17323036969697, GPS(-43.520628, 172.583242, 0.000000, var=[-1.0, -1.0, -1.0])
10:48:35:769649, 4, 4, 1631832043.3452792, 59, GPS(-43.520690, 172.583122, 21.435721, var=[1.0, 1.0, 1.0]), 57.46138176501465, GPS(-43.520628, 172.583242, 0.000000, var=[-1.0, -1.0, -1.0])
10:48:35:883569, 2, 4, 1631832043.4449642, 54, GPS(-43.520509, 172.583122, 21.440010, var=[1.0, 1.0, 1.0]), 59.98034993743798, GPS(-43.520628, 172.583242, 0.000000, var=[-1.0, -1.0, -1.0])
10:48:36:007265, 1, 4, 1631832043.4449444, 56, GPS(-43.520510, 172.582874, 21.440958, var=[1.0, 1.0, 1.0]), 71.85237970941446, GPS(-43.520628, 172.583242, 0.000000, var=[-1.0, -1.0, -1.0])
10:48:36:103451, 3, 4, 1631832044.4458585, 58, GPS(-43.520689, 172.582874, 21.439671, var=[1.0, 1.0, 1.0]), 70.15453106834772, GPS(-43.520628, 172.583242, 0.000000, var=[-1.0, -1.0, -1.0])
10:48:36:180274, 4, 4, 1631832043.4449384, 60, GPS(-43.520690, 172.583122, 21.436721, var=[1.0, 1.0, 1.0]), 57.459086283278076, GPS(-43.520628, 172.583242, 0.000000, var=[-1.0, -1.0, -1.0])
10:48:36:279436, 2, 4, 1631832044.4456758, 55, GPS(-43.520509, 172.583122, 21.443010, var=[1.0, 1.0, 1.0]), 59.97409881080276, GPS(-43.520628, 172.583242, 0.000000, var=[-1.0, -1.0, -1.0])
10:48:36:409369, 1, 4, 1631832044.445152, 57, GPS(-43.520510, 172.582875, 21.442958, var=[1.0, 1.0, 1.0]), 71.84120050249899, GPS(-43.520628, 172.583242, 0.000000, var=[-1.0, -1.0, -1.0])
10:48:36:498256, 3, 4, 1631832044.5453491, 59, GPS(-43.520689, 172.582874, 21.440671, var=[1.0, 1.0, 1.0]), 70.15510777221888, GPS(-43.520628, 172.583242, 0.000000, var=[-1.0, -1.0, -1.0])
10:48:36:600810, 4, 4, 1631832044.4452596, 61, GPS(-43.520690, 172.583123, 21.448721, var=[1.0, 1.0, 1.0]), 57.46326204484127, GPS(-43.520628, 172.583242, 0.000000, var=[-1.0, -1.0, -1.0])
10:48:36:707097, 2, 4, 1631832044.5454228, 56, GPS(-43.520509, 172.583122, 21.442010, var=[1.0, 1.0, 1.0]), 59.9733045252535, GPS(-43.520628, 172.583242, 0.000000, var=[-1.0, -1.0, -1.0])
10:48:36:831458, 1, 4, 1631832044.5454016, 58, GPS(-43.520510, 172.582875, 21.442958, var=[1.0, 1.0, 1.0]), 71.84120050249899, GPS(-43.520628, 172.583242, 0.000000, var=[-1.0, -1.0, -1.0])
10:48:36:940213, 3, 4, 1631832045.5462997, 60, GPS(-43.520689, 172.582874, 21.445672, var=[1.0, 1.0, 1.0]), 70.14956208157415, GPS(-43.520628, 172.583242, 0.000000, var=[-1.0, -1.0, -1.0])
10:48:37:043025, 4, 4, 1631832044.545362, 62, GPS(-43.520690, 172.583123, 21.448721, var=[1.0, 1.0, 1.0]), 57.46326204484127, GPS(-43.520628, 172.583242, 0.000000, var=[-1.0, -1.0, -1.0])
10:48:37:122932, 2, 4, 1631832045.546381, 57, GPS(-43.520509, 172.583122, 21.444010, var=[1.0, 1.0, 1.0]), 59.9720196713517, GPS(-43.520628, 172.583242, 0.000000, var=[-1.0, -1.0, -1.0])
10:48:37:196907, 1, 4, 1631832045.5461733, 59, GPS(-43.520510, 172.582875, 21.451958, var=[1.0, 1.0, 1.0]), 71.83624819701296, GPS(-43.520628, 172.583242, 0.000000, var=[-1.0, -1.0, -1.0])
10:48:37:262460, 3, 4, 1631832045.6459227, 61, GPS(-43.520689, 172.582874, 21.445672, var=[1.0, 1.0, 1.0]), 70.15598578506425, GPS(-43.520628, 172.583242, 0.000000, var=[-1.0, -1.0, -1.0])
10:48:37:342426, 4, 4, 1631832045.546819, 63, GPS(-43.520690, 172.583123, 21.453721, var=[1.0, 1.0, 1.0]), 57.46136333529476, GPS(-43.520628, 172.583242, 0.000000, var=[-1.0, -1.0, -1.0])
10:48:37:391243, 2, 4, 1631832045.645981, 58, GPS(-43.520509, 172.583122, 21.446010, var=[1.0, 1.0, 1.0]), 59.97360847990254, GPS(-43.520628, 172.583242, 0.000000, var=[-1.0, -1.0, -1.0])
10:48:37:505088, 1, 4, 1631832045.6459734, 60, GPS(-43.520510, 172.582875, 21.451958, var=[1.0, 1.0, 1.0]), 71.83624819701296, GPS(-43.520628, 172.583242, 0.000000, var=[-1.0, -1.0, -1.0])
10:48:37:613010, 3, 4, 1631832046.6474993, 62, GPS(-43.520688, 172.582874, 21.444672, var=[1.0, 1.0, 1.0]), 70.14698222183338, GPS(-43.520628, 172.583242, 0.000000, var=[-1.0, -1.0, -1.0])
10:48:37:700561, 4, 4, 1631832045.6459558, 64, GPS(-43.520690, 172.583123, 21.455721, var=[1.0, 1.0, 1.0]), 57.46311584915128, GPS(-43.520628, 172.583242, 0.000000, var=[-1.0, -1.0, -1.0])
10:48:37:778874, 2, 4, 1631832046.6476126, 59, GPS(-43.520509, 172.583122, 21.449011, var=[1.0, 1.0, 1.0]), 59.99268410403658, GPS(-43.520628, 172.583242, 0.000000, var=[-1.0, -1.0, -1.0])
10:48:37:879520, 1, 4, 1631832046.6466284, 61, GPS(-43.520510, 172.582875, 21.444958, var=[1.0, 1.0, 1.0]), 71.83616410621165, GPS(-43.520628, 172.583242, 0.000000, var=[-1.0, -1.0, -1.0])
10:48:37:985689, 3, 4, 1631832046.746411, 63, GPS(-43.520688, 172.582874, 21.443672, var=[1.0, 1.0, 1.0]), 70.14640528426068, GPS(-43.520628, 172.583242, 0.000000, var=[-1.0, -1.0, -1.0])
10:48:38:084262, 4, 4, 1631832046.647496, 65, GPS(-43.520690, 172.583122, 21.442721, var=[1.0, 1.0, 1.0]), 57.45805539887812, GPS(-43.520628, 172.583242, 0.000000, var=[-1.0, -1.0, -1.0])
10:48:38:156293, 2, 4, 1631832046.746455, 60, GPS(-43.520509, 172.583122, 21.448011, var=[1.0, 1.0, 1.0]), 59.991890142825795, GPS(-43.520628, 172.583242, 0.000000, var=[-1.0, -1.0, -1.0])
10:48:38:265805, 1, 4, 1631832046.7464504, 62, GPS(-43.520510, 172.582875, 21.442958, var=[1.0, 1.0, 1.0]), 71.83506039409575, GPS(-43.520628, 172.583242, 0.000000, var=[-1.0, -1.0, -1.0])
10:48:38:344098, 3, 4, 1631832047.7474046, 64, GPS(-43.520688, 172.582874, 21.428672, var=[1.0, 1.0, 1.0]), 70.33888351804757, GPS(-43.520627, 172.583243, 0.000000, var=[-1.0, -1.0, -1.0])
10:48:38:441731, 4, 4, 1631832046.7464178, 66, GPS(-43.520690, 172.583122, 21.441721, var=[1.0, 1.0, 1.0]), 57.45406723950336, GPS(-43.520628, 172.583242, 0.000000, var=[-1.0, -1.0, -1.0])
10:48:38:509199, 2, 4, 1631832047.746835, 61, GPS(-43.520509, 172.583122, 21.447011, var=[1.0, 1.0, 1.0]), 60.01930397437141, GPS(-43.520627, 172.583243, 0.000000, var=[-1.0, -1.0, -1.0])
10:48:38:646006, 1, 4, 1631832047.747136, 63, GPS(-43.520509, 172.582875, 21.436958, var=[1.0, 1.0, 1.0]), 71.94388717180114, GPS(-43.520627, 172.583243, 0.000000, var=[-1.0, -1.0, -1.0])
10:48:38:724552, 3, 4, 1631832047.8468595, 65, GPS(-43.520688, 172.582874, 21.427672, var=[1.0, 1.0, 1.0]), 70.33830901439846, GPS(-43.520627, 172.583243, 0.000000, var=[-1.0, -1.0, -1.0])
10:48:38:799605, 4, 4, 1631832047.7475502, 67, GPS(-43.520690, 172.583122, 21.444722, var=[1.0, 1.0, 1.0]), 57.62129244950535, GPS(-43.520627, 172.583243, 0.000000, var=[-1.0, -1.0, -1.0])
10:48:38:872468, 2, 4, 1631832047.8468914, 62, GPS(-43.520509, 172.583122, 21.446011, var=[1.0, 1.0, 1.0]), 60.01850903772814, GPS(-43.520627, 172.583243, 0.000000, var=[-1.0, -1.0, -1.0])
10:48:39:025867, 1, 4, 1631832047.8468885, 64, GPS(-43.520509, 172.582875, 21.436958, var=[1.0, 1.0, 1.0]), 71.94388717180114, GPS(-43.520627, 172.583243, 0.000000, var=[-1.0, -1.0, -1.0])
10:48:39:087715, 3, 4, 1631832048.8481658, 66, GPS(-43.520688, 172.582874, 21.437672, var=[1.0, 1.0, 1.0]), 70.16367915755288, GPS(-43.520627, 172.583242, 0.000000, var=[-1.0, -1.0, -1.0])
10:48:39:153951, 4, 4, 1631832047.8468685, 68, GPS(-43.520690, 172.583122, 21.445722, var=[1.0, 1.0, 1.0]), 57.622164854928485, GPS(-43.520627, 172.583243, 0.000000, var=[-1.0, -1.0, -1.0])
10:48:39:205345, 2, 4, 1631832048.8482065, 63, GPS(-43.520508, 172.583122, 21.453011, var=[1.0, 1.0, 1.0]), 59.901383172038464, GPS(-43.520627, 172.583242, 0.000000, var=[-1.0, -1.0, -1.0])
10:48:39:288190, 1, 4, 1631832048.8483355, 65, GPS(-43.520509, 172.582875, 21.449958, var=[1.0, 1.0, 1.0]), 71.77996777011404, GPS(-43.520627, 172.583242, 0.000000, var=[-1.0, -1.0, -1.0])
10:48:39:350403, 3, 4, 1631832048.9472682, 67, GPS(-43.520688, 172.582874, 21.434672, var=[1.0, 1.0, 1.0]), 70.16195055127751, GPS(-43.520627, 172.583242, 0.000000, var=[-1.0, -1.0, -1.0])
10:48:39:436248, 4, 4, 1631832048.848353, 69, GPS(-43.520690, 172.583122, 21.454722, var=[1.0, 1.0, 1.0]), 57.490929237100715, GPS(-43.520627, 172.583242, 0.000000, var=[-1.0, -1.0, -1.0])
10:48:39:504761, 2, 4, 1631832048.9473045, 64, GPS(-43.520508, 172.583122, 21.453011, var=[1.0, 1.0, 1.0]), 59.901383172038464, GPS(-43.520627, 172.583242, 0.000000, var=[-1.0, -1.0, -1.0])
10:48:39:634107, 1, 4, 1631832048.9472904, 66, GPS(-43.520509, 172.582875, 21.449958, var=[1.0, 1.0, 1.0]), 71.77996777011404, GPS(-43.520627, 172.583242, 0.000000, var=[-1.0, -1.0, -1.0])
10:48:39:742906, 3, 4, 1631832049.9477193, 68, GPS(-43.520688, 172.582874, 21.437672, var=[1.0, 1.0, 1.0]), 70.16804956146973, GPS(-43.520627, 172.583242, 0.000000, var=[-1.0, -1.0, -1.0])
10:48:39:828817, 4, 4, 1631832048.9472775, 70, GPS(-43.520690, 172.583122, 21.455722, var=[1.0, 1.0, 1.0]), 57.49180385110462, GPS(-43.520627, 172.583242, 0.000000, var=[-1.0, -1.0, -1.0])
10:48:39:898891, 2, 4, 1631832049.9478533, 65, GPS(-43.520508, 172.583122, 21.456011, var=[1.0, 1.0, 1.0]), 59.90377211303729, GPS(-43.520627, 172.583242, 0.000000, var=[-1.0, -1.0, -1.0])
10:48:40:009571, 1, 4, 1631832049.9479299, 67, GPS(-43.520509, 172.582875, 21.458958, var=[1.0, 1.0, 1.0]), 71.78734623366071, GPS(-43.520627, 172.583242, 0.000000, var=[-1.0, -1.0, -1.0])
10:48:40:085263, 3, 4, 1631832050.0477054, 69, GPS(-43.520688, 172.582874, 21.440672, var=[1.0, 1.0, 1.0]), 70.17619882272507, GPS(-43.520627, 172.583242, 0.000000, var=[-1.0, -1.0, -1.0])
10:48:40:158405, 4, 4, 1631832049.949245, 71, GPS(-43.520690, 172.583122, 21.466722, var=[1.0, 1.0, 1.0]), 57.50459307725261, GPS(-43.520627, 172.583242, 0.000000, var=[-1.0, -1.0, -1.0])
10:48:40:234417, 2, 4, 1631832050.0477626, 66, GPS(-43.520508, 172.583122, 21.458011, var=[1.0, 1.0, 1.0]), 59.905364808264366, GPS(-43.520627, 172.583242, 0.000000, var=[-1.0, -1.0, -1.0])
10:48:40:348738, 1, 4, 1631832050.0477421, 68, GPS(-43.520509, 172.582875, 21.458958, var=[1.0, 1.0, 1.0]), 71.78734623366071, GPS(-43.520627, 172.583242, 0.000000, var=[-1.0, -1.0, -1.0])
10:48:40:444943, 3, 4, 1631832051.0481002, 70, GPS(-43.520688, 172.582874, 21.462672, var=[1.0, 1.0, 1.0]), 70.1932519703193, GPS(-43.520627, 172.583242, 0.000000, var=[-1.0, -1.0, -1.0])
10:48:40:505857, 4, 4, 1631832050.0477002, 72, GPS(-43.520690, 172.583122, 21.465722, var=[1.0, 1.0, 1.0]), 57.50371847081879, GPS(-43.520627, 172.583242, 0.000000, var=[-1.0, -1.0, -1.0])
10:48:40:566383, 2, 4, 1631832051.049366, 67, GPS(-43.520508, 172.583122, 21.468011, var=[1.0, 1.0, 1.0]), 59.91875169972632, GPS(-43.520627, 172.583242, 0.000000, var=[-1.0, -1.0, -1.0])
10:48:40:682487, 1, 4, 1631832051.0493238, 69, GPS(-43.520509, 172.582874, 21.467958, var=[1.0, 1.0, 1.0]), 71.80220966326755, GPS(-43.520627, 172.583242, 0.000000, var=[-1.0, -1.0, -1.0])
10:48:40:765369, 3, 4, 1631832051.1484416, 71, GPS(-43.520688, 172.582874, 21.461672, var=[1.0, 1.0, 1.0]), 70.19267553648487, GPS(-43.520627, 172.583242, 0.000000, var=[-1.0, -1.0, -1.0])
10:48:40:859492, 4, 4, 1631832051.0480752, 73, GPS(-43.520690, 172.583122, 21.463722, var=[1.0, 1.0, 1.0]), 57.49563973714399, GPS(-43.520627, 172.583242, 0.000000, var=[-1.0, -1.0, -1.0])
10:48:40:947284, 2, 4, 1631832051.1485038, 68, GPS(-43.520508, 172.583122, 21.467011, var=[1.0, 1.0, 1.0]), 59.91795536982739, GPS(-43.520627, 172.583242, 0.000000, var=[-1.0, -1.0, -1.0])
10:48:41:041215, 1, 4, 1631832051.1484976, 70, GPS(-43.520509, 172.582874, 21.469958, var=[1.0, 1.0, 1.0]), 71.80946249229632, GPS(-43.520627, 172.583242, 0.000000, var=[-1.0, -1.0, -1.0])
10:48:41:155337, 3, 4, 1631832052.1498287, 72, GPS(-43.520688, 172.582874, 21.463672, var=[1.0, 1.0, 1.0]), 70.58594859322112, GPS(-43.520625, 172.583245, 0.000000, var=[-1.0, -1.0, -1.0])
10:48:41:250719, 4, 4, 1631832051.1484578, 74, GPS(-43.520690, 172.583122, 21.462722, var=[1.0, 1.0, 1.0]), 57.494764933810515, GPS(-43.520627, 172.583242, 0.000000, var=[-1.0, -1.0, -1.0])
10:48:41:322995, 2, 4, 1631832052.1499026, 69, GPS(-43.520508, 172.583122, 21.470011, var=[1.0, 1.0, 1.0]), 60.079241440889945, GPS(-43.520625, 172.583245, 0.000000, var=[-1.0, -1.0, -1.0])
10:48:41:406878, 1, 4, 1631832052.150134, 71, GPS(-43.520509, 172.582874, 21.465958, var=[1.0, 1.0, 1.0]), 72.09440110048236, GPS(-43.520625, 172.583245, 0.000000, var=[-1.0, -1.0, -1.0])
10:48:41:491224, 3, 4, 1631832052.249131, 73, GPS(-43.520688, 172.582874, 21.462672, var=[1.0, 1.0, 1.0]), 70.57894123244765, GPS(-43.520625, 172.583245, 0.000000, var=[-1.0, -1.0, -1.0])
10:48:41:560307, 4, 4, 1631832052.149522, 75, GPS(-43.520689, 172.583123, 21.472722, var=[1.0, 1.0, 1.0]), 57.80025002442886, GPS(-43.520625, 172.583245, 0.000000, var=[-1.0, -1.0, -1.0])
10:48:41:632340, 2, 4, 1631832052.2491586, 70, GPS(-43.520508, 172.583122, 21.470011, var=[1.0, 1.0, 1.0]), 60.079241440889945, GPS(-43.520625, 172.583245, 0.000000, var=[-1.0, -1.0, -1.0])
10:48:41:759144, 1, 4, 1631832052.249149, 72, GPS(-43.520509, 172.582874, 21.468958, var=[1.0, 1.0, 1.0]), 72.09605280493784, GPS(-43.520625, 172.583245, 0.000000, var=[-1.0, -1.0, -1.0])
10:48:41:861201, 3, 4, 1631832053.2503326, 74, GPS(-43.520688, 172.582874, 21.471672, var=[1.0, 1.0, 1.0]), 71.12753719960183, GPS(-43.520625, 172.583250, 0.000000, var=[-1.0, -1.0, -1.0])
10:48:41:955901, 4, 4, 1631832052.2491333, 76, GPS(-43.520690, 172.583123, 21.472722, var=[1.0, 1.0, 1.0]), 57.80347636500046, GPS(-43.520625, 172.583245, 0.000000, var=[-1.0, -1.0, -1.0])
10:48:42:010545, 2, 4, 1631832053.250425, 71, GPS(-43.520508, 172.583122, 21.477011, var=[1.0, 1.0, 1.0]), 60.46715394932391, GPS(-43.520625, 172.583250, 0.000000, var=[-1.0, -1.0, -1.0])
10:48:42:124710, 1, 4, 1631832053.249967, 73, GPS(-43.520509, 172.582875, 21.471958, var=[1.0, 1.0, 1.0]), 72.63759500956549, GPS(-43.520625, 172.583250, 0.000000, var=[-1.0, -1.0, -1.0])
10:48:42:222633, 3, 4, 1631832053.3495617, 75, GPS(-43.520688, 172.582874, 21.472672, var=[1.0, 1.0, 1.0]), 71.13017196989539, GPS(-43.520625, 172.583250, 0.000000, var=[-1.0, -1.0, -1.0])
10:48:42:300653, 4, 4, 1631832053.2496572, 77, GPS(-43.520690, 172.583123, 21.474722, var=[1.0, 1.0, 1.0]), 58.21469842946251, GPS(-43.520625, 172.583250, 0.000000, var=[-1.0, -1.0, -1.0])
10:48:42:382017, 2, 4, 1631832053.3495686, 72, GPS(-43.520508, 172.583122, 21.478011, var=[1.0, 1.0, 1.0]), 60.467945853612164, GPS(-43.520625, 172.583250, 0.000000, var=[-1.0, -1.0, -1.0])
10:48:42:503080, 1, 4, 1631832053.3495562, 74, GPS(-43.520509, 172.582875, 21.471958, var=[1.0, 1.0, 1.0]), 72.63138222066286, GPS(-43.520625, 172.583250, 0.000000, var=[-1.0, -1.0, -1.0])
10:48:42:573554, 3, 4, 1631832054.3513234, 76, GPS(-43.520688, 172.582875, 21.476672, var=[1.0, 1.0, 1.0]), 71.28655567292645, GPS(-43.520627, 172.583252, 0.000000, var=[-1.0, -1.0, -1.0])
10:48:42:642210, 4, 4, 1631832053.349544, 78, GPS(-43.520690, 172.583123, 21.473722, var=[1.0, 1.0, 1.0]), 58.21383490338009, GPS(-43.520625, 172.583250, 0.000000, var=[-1.0, -1.0, -1.0])
10:48:42:744681, 2, 4, 1631832054.3502786, 73, GPS(-43.520509, 172.583122, 21.472011, var=[1.0, 1.0, 1.0]), 60.684247108426874, GPS(-43.520627, 172.583252, 0.000000, var=[-1.0, -1.0, -1.0])
10:48:42:853343, 1, 4, 1631832054.3505778, 75, GPS(-43.520509, 172.582875, 21.478958, var=[1.0, 1.0, 1.0]), 72.8627775581293, GPS(-43.520627, 172.583252, 0.000000, var=[-1.0, -1.0, -1.0])
10:48:42:933436, 3, 4, 1631832054.4499848, 77, GPS(-43.520688, 172.582875, 21.477672, var=[1.0, 1.0, 1.0]), 71.27863508662575, GPS(-43.520627, 172.583252, 0.000000, var=[-1.0, -1.0, -1.0])
10:48:43:001493, 4, 4, 1631832054.3510458, 79, GPS(-43.520690, 172.583123, 21.484721, var=[1.0, 1.0, 1.0]), 58.33337117712955, GPS(-43.520627, 172.583252, 0.000000, var=[-1.0, -1.0, -1.0])
10:48:43:060663, 2, 4, 1631832054.4500487, 74, GPS(-43.520509, 172.583123, 21.474011, var=[1.0, 1.0, 1.0]), 60.68273971648061, GPS(-43.520627, 172.583252, 0.000000, var=[-1.0, -1.0, -1.0])
10:48:43:176536, 1, 4, 1631832054.4500306, 76, GPS(-43.520509, 172.582875, 21.477958, var=[1.0, 1.0, 1.0]), 72.85854940364112, GPS(-43.520627, 172.583252, 0.000000, var=[-1.0, -1.0, -1.0])
10:48:43:239938, 3, 4, 1631832055.4515107, 78, GPS(-43.520688, 172.582875, 21.476672, var=[1.0, 1.0, 1.0]), 71.27360458043995, GPS(-43.520627, 172.583252, 0.000000, var=[-1.0, -1.0, -1.0])
10:48:43:317001, 4, 4, 1631832054.450012, 80, GPS(-43.520690, 172.583123, 21.489721, var=[1.0, 1.0, 1.0]), 58.33768732665028, GPS(-43.520627, 172.583252, 0.000000, var=[-1.0, -1.0, -1.0])
10:48:43:382465, 2, 4, 1631832055.4500508, 75, GPS(-43.520509, 172.583123, 21.482011, var=[1.0, 1.0, 1.0]), 60.67217493371687, GPS(-43.520627, 172.583252, 0.000000, var=[-1.0, -1.0, -1.0])
10:48:43:492618, 1, 4, 1631832055.4508302, 77, GPS(-43.520509, 172.582875, 21.483958, var=[1.0, 1.0, 1.0]), 72.85813908643371, GPS(-43.520627, 172.583252, 0.000000, var=[-1.0, -1.0, -1.0])
10:48:43:557457, 3, 4, 1631832055.5507317, 79, GPS(-43.520688, 172.582875, 21.476672, var=[1.0, 1.0, 1.0]), 71.46340920757405, GPS(-43.520627, 172.583253, 0.000000, var=[-1.0, -1.0, -1.0])
10:48:43:605354, 4, 4, 1631832055.4509192, 81, GPS(-43.520690, 172.583123, 21.486721, var=[1.0, 1.0, 1.0]), 58.33150883415139, GPS(-43.520627, 172.583252, 0.000000, var=[-1.0, -1.0, -1.0])
10:48:43:660217, 2, 4, 1631832055.5507624, 76, GPS(-43.520509, 172.583123, 21.481011, var=[1.0, 1.0, 1.0]), 60.804796552377496, GPS(-43.520627, 172.583253, 0.000000, var=[-1.0, -1.0, -1.0])
10:48:43:788136, 1, 4, 1631832055.5507479, 78, GPS(-43.520510, 172.582875, 21.482958, var=[1.0, 1.0, 1.0]), 73.03934754272836, GPS(-43.520627, 172.583253, 0.000000, var=[-1.0, -1.0, -1.0])
10:48:43:889524, 3, 4, 1631832056.5521367, 80, GPS(-43.520689, 172.582875, 21.492672, var=[1.0, 1.0, 1.0]), 71.4483086891851, GPS(-43.520630, 172.583253, 0.000000, var=[-1.0, -1.0, -1.0])
10:48:43:991493, 4, 4, 1631832055.55074, 82, GPS(-43.520690, 172.583123, 21.485721, var=[1.0, 1.0, 1.0]), 58.46885579535281, GPS(-43.520627, 172.583253, 0.000000, var=[-1.0, -1.0, -1.0])
10:48:44:105708, 2, 4, 1631832056.5514877, 77, GPS(-43.520509, 172.583123, 21.484010, var=[1.0, 1.0, 1.0]), 61.01154193829102, GPS(-43.520630, 172.583253, 0.000000, var=[-1.0, -1.0, -1.0])
10:48:44:215073, 1, 4, 1631832056.551508, 79, GPS(-43.520510, 172.582875, 21.485958, var=[1.0, 1.0, 1.0]), 73.19251917656803, GPS(-43.520630, 172.583253, 0.000000, var=[-1.0, -1.0, -1.0])
10:48:44:294509, 3, 4, 1631832056.6511958, 81, GPS(-43.520689, 172.582875, 21.492672, var=[1.0, 1.0, 1.0]), 71.4483086891851, GPS(-43.520630, 172.583253, 0.000000, var=[-1.0, -1.0, -1.0])
10:48:44:380403, 4, 4, 1631832056.5524056, 83, GPS(-43.520690, 172.583123, 21.500721, var=[1.0, 1.0, 1.0]), 58.41145285305659, GPS(-43.520630, 172.583253, 0.000000, var=[-1.0, -1.0, -1.0])
10:48:44:480395, 2, 4, 1631832056.6512554, 78, GPS(-43.520509, 172.583123, 21.485010, var=[1.0, 1.0, 1.0]), 61.0123245891424, GPS(-43.520630, 172.583253, 0.000000, var=[-1.0, -1.0, -1.0])
10:48:44:591387, 1, 4, 1631832056.6512313, 80, GPS(-43.520510, 172.582875, 21.490958, var=[1.0, 1.0, 1.0]), 73.19523011390264, GPS(-43.520630, 172.583253, 0.000000, var=[-1.0, -1.0, -1.0])
10:48:44:694961, 3, 4, 1631832057.6521118, 82, GPS(-43.520689, 172.582875, 21.497672, var=[1.0, 1.0, 1.0]), 71.61704333074478, GPS(-43.520635, 172.583255, 0.000000, var=[-1.0, -1.0, -1.0])
10:48:44:769287, 4, 4, 1631832056.651212, 84, GPS(-43.520690, 172.583123, 21.499721, var=[1.0, 1.0, 1.0]), 58.41058765433348, GPS(-43.520630, 172.583253, 0.000000, var=[-1.0, -1.0, -1.0])
10:48:44:842823, 2, 4, 1631832057.651639, 79, GPS(-43.520509, 172.583123, 21.502010, var=[1.0, 1.0, 1.0]), 61.50159829543941, GPS(-43.520635, 172.583255, 0.000000, var=[-1.0, -1.0, -1.0])
10:48:44:977621, 1, 4, 1631832057.651919, 81, GPS(-43.520510, 172.582875, 21.498958, var=[1.0, 1.0, 1.0]), 73.6422628368513, GPS(-43.520635, 172.583255, 0.000000, var=[-1.0, -1.0, -1.0])
10:48:45:086923, 3, 4, 1631832057.751668, 83, GPS(-43.520689, 172.582875, 21.500672, var=[1.0, 1.0, 1.0]), 71.61874446338675, GPS(-43.520635, 172.583255, 0.000000, var=[-1.0, -1.0, -1.0])
10:48:45:193184, 4, 4, 1631832057.6522946, 85, GPS(-43.520690, 172.583123, 21.504722, var=[1.0, 1.0, 1.0]), 58.46568377475174, GPS(-43.520635, 172.583255, 0.000000, var=[-1.0, -1.0, -1.0])
10:48:45:274753, 2, 4, 1631832057.7516983, 80, GPS(-43.520509, 172.583123, 21.503010, var=[1.0, 1.0, 1.0]), 61.50237180751738, GPS(-43.520635, 172.583255, 0.000000, var=[-1.0, -1.0, -1.0])
10:48:45:370120, 1, 4, 1631832057.751683, 82, GPS(-43.520510, 172.582875, 21.498958, var=[1.0, 1.0, 1.0]), 73.6422628368513, GPS(-43.520635, 172.583255, 0.000000, var=[-1.0, -1.0, -1.0])
10:48:45:432930, 3, 4, 1631832058.7516885, 84, GPS(-43.520689, 172.582875, 21.503672, var=[1.0, 1.0, 1.0]), 73.35592734520246, GPS(-43.520642, 172.583270, 0.000000, var=[-1.0, -1.0, -1.0])
10:48:45:516826, 4, 4, 1631832057.7516754, 86, GPS(-43.520690, 172.583123, 21.506722, var=[1.0, 1.0, 1.0]), 58.4674206906347, GPS(-43.520635, 172.583255, 0.000000, var=[-1.0, -1.0, -1.0])
10:48:45:617261, 2, 4, 1631832058.7520695, 81, GPS(-43.520509, 172.583123, 21.502011, var=[1.0, 1.0, 1.0]), 63.21851153507416, GPS(-43.520642, 172.583270, 0.000000, var=[-1.0, -1.0, -1.0])
10:48:45:719858, 1, 4, 1631832058.7517493, 83, GPS(-43.520510, 172.582875, 21.510958, var=[1.0, 1.0, 1.0]), 75.69482179473259, GPS(-43.520642, 172.583270, 0.000000, var=[-1.0, -1.0, -1.0])
10:48:45:826269, 3, 4, 1631832058.8520632, 85, GPS(-43.520689, 172.582875, 21.506672, var=[1.0, 1.0, 1.0]), 73.35758974028806, GPS(-43.520642, 172.583270, 0.000000, var=[-1.0, -1.0, -1.0])
10:48:45:934357, 4, 4, 1631832058.7520642, 87, GPS(-43.520690, 172.583123, 21.515722, var=[1.0, 1.0, 1.0]), 59.69871722157963, GPS(-43.520642, 172.583270, 0.000000, var=[-1.0, -1.0, -1.0])
10:48:46:026962, 2, 4, 1631832058.8520882, 82, GPS(-43.520509, 172.583123, 21.507011, var=[1.0, 1.0, 1.0]), 63.222261571561816, GPS(-43.520642, 172.583270, 0.000000, var=[-1.0, -1.0, -1.0])
10:48:46:145452, 1, 4, 1631832058.852086, 84, GPS(-43.520510, 172.582875, 21.512958, var=[1.0, 1.0, 1.0]), 75.69586740047077, GPS(-43.520642, 172.583270, 0.000000, var=[-1.0, -1.0, -1.0])
10:48:46:227130, 3, 4, 1631832059.8533287, 86, GPS(-43.520689, 172.582875, 21.514672, var=[1.0, 1.0, 1.0]), 77.19043333670795, GPS(-43.520652, 172.583302, 0.000000, var=[-1.0, -1.0, -1.0])
10:48:46:322745, 4, 4, 1631832058.8520682, 88, GPS(-43.520690, 172.583123, 21.519722, var=[1.0, 1.0, 1.0]), 59.69833573578876, GPS(-43.520642, 172.583270, 0.000000, var=[-1.0, -1.0, -1.0])
10:48:46:413043, 2, 4, 1631832059.8541255, 83, GPS(-43.520509, 172.583123, 21.523011, var=[1.0, 1.0, 1.0]), 66.77959585236864, GPS(-43.520652, 172.583302, 0.000000, var=[-1.0, -1.0, -1.0])
10:48:46:509840, 1, 4, 1631832059.8539286, 85, GPS(-43.520509, 172.582875, 21.520958, var=[1.0, 1.0, 1.0]), 79.92697205409428, GPS(-43.520652, 172.583302, 0.000000, var=[-1.0, -1.0, -1.0])
10:48:46:558888, 3, 4, 1631832059.9524465, 87, GPS(-43.520689, 172.582875, 21.513672, var=[1.0, 1.0, 1.0]), 77.18990624659997, GPS(-43.520652, 172.583302, 0.000000, var=[-1.0, -1.0, -1.0])
10:48:46:624605, 4, 4, 1631832059.853533, 89, GPS(-43.520690, 172.583123, 21.530722, var=[1.0, 1.0, 1.0]), 62.62811019543814, GPS(-43.520652, 172.583302, 0.000000, var=[-1.0, -1.0, -1.0])
10:48:46:690225, 2, 4, 1631832059.9525259, 84, GPS(-43.520509, 172.583123, 21.520011, var=[1.0, 1.0, 1.0]), 66.78130000987774, GPS(-43.520652, 172.583302, 0.000000, var=[-1.0, -1.0, -1.0])
10:48:46:824722, 1, 4, 1631832059.9524887, 86, GPS(-43.520509, 172.582875, 21.521958, var=[1.0, 1.0, 1.0]), 79.92746618769466, GPS(-43.520652, 172.583302, 0.000000, var=[-1.0, -1.0, -1.0])
10:48:46:910400, 3, 4, 1631832060.9530218, 88, GPS(-43.520689, 172.582875, 21.523672, var=[1.0, 1.0, 1.0]), 80.21833149648202, GPS(-43.520665, 172.583325, 0.000000, var=[-1.0, -1.0, -1.0])
10:48:46:997771, 4, 4, 1631832059.952464, 90, GPS(-43.520690, 172.583123, 21.531722, var=[1.0, 1.0, 1.0]), 62.62893026916996, GPS(-43.520652, 172.583302, 0.000000, var=[-1.0, -1.0, -1.0])
10:48:47:074941, 2, 4, 1631832060.9530697, 85, GPS(-43.520509, 172.583123, 21.521011, var=[1.0, 1.0, 1.0]), 70.02833906616918, GPS(-43.520665, 172.583325, 0.000000, var=[-1.0, -1.0, -1.0])
10:48:47:192592, 1, 4, 1631832060.9531221, 87, GPS(-43.520509, 172.582875, 21.522958, var=[1.0, 1.0, 1.0]), 83.51200881379715, GPS(-43.520665, 172.583325, 0.000000, var=[-1.0, -1.0, -1.0])
10:48:47:255292, 3, 4, 1631832061.053027, 89, GPS(-43.520689, 172.582875, 21.522672, var=[1.0, 1.0, 1.0]), 80.21782271333075, GPS(-43.520665, 172.583325, 0.000000, var=[-1.0, -1.0, -1.0])
10:48:47:316571, 4, 4, 1631832060.9530156, 91, GPS(-43.520690, 172.583123, 21.521722, var=[1.0, 1.0, 1.0]), 65.05135491577576, GPS(-43.520665, 172.583325, 0.000000, var=[-1.0, -1.0, -1.0])
10:48:47:415445, 2, 4, 1631832061.053114, 86, GPS(-43.520509, 172.583123, 21.520011, var=[1.0, 1.0, 1.0]), 70.03176523751347, GPS(-43.520665, 172.583325, 0.000000, var=[-1.0, -1.0, -1.0])
10:48:47:482124, 1, 4, 1631832061.0530684, 88, GPS(-43.520509, 172.582875, 21.524958, var=[1.0, 1.0, 1.0]), 83.5129528959927, GPS(-43.520665, 172.583325, 0.000000, var=[-1.0, -1.0, -1.0])
10:48:47:555211, 3, 4, 1631832062.0534227, 90, GPS(-43.520688, 172.582875, 21.519672, var=[1.0, 1.0, 1.0]), 82.02564784277683, GPS(-43.520673, 172.583338, 0.000000, var=[-1.0, -1.0, -1.0])
10:48:47:611898, 4, 4, 1631832061.053032, 92, GPS(-43.520690, 172.583123, 21.520721, var=[1.0, 1.0, 1.0]), 65.05169851267951, GPS(-43.520665, 172.583325, 0.000000, var=[-1.0, -1.0, -1.0])
10:48:47:659165, 2, 4, 1631832062.0534186, 87, GPS(-43.520509, 172.583123, 21.523010, var=[1.0, 1.0, 1.0]), 72.02365454731304, GPS(-43.520673, 172.583338, 0.000000, var=[-1.0, -1.0, -1.0])
10:48:47:809828, 1, 4, 1631832062.0533, 89, GPS(-43.520510, 172.582875, 21.513958, var=[1.0, 1.0, 1.0]), 85.6530361630476, GPS(-43.520673, 172.583338, 0.000000, var=[-1.0, -1.0, -1.0])
10:48:47:898160, 3, 4, 1631832062.153597, 91, GPS(-43.520688, 172.582875, 21.519672, var=[1.0, 1.0, 1.0]), 82.02564784277683, GPS(-43.520673, 172.583338, 0.000000, var=[-1.0, -1.0, -1.0])
10:48:47:967280, 4, 4, 1631832062.0543292, 93, GPS(-43.520690, 172.583123, 21.498721, var=[1.0, 1.0, 1.0]), 66.55840377605251, GPS(-43.520673, 172.583338, 0.000000, var=[-1.0, -1.0, -1.0])
10:48:48:038172, 2, 4, 1631832062.1536472, 88, GPS(-43.520509, 172.583123, 21.522010, var=[1.0, 1.0, 1.0]), 72.0230057324182, GPS(-43.520673, 172.583338, 0.000000, var=[-1.0, -1.0, -1.0])
10:48:48:127953, 1, 4, 1631832062.153625, 90, GPS(-43.520510, 172.582875, 21.511958, var=[1.0, 1.0, 1.0]), 85.65211683104305, GPS(-43.520673, 172.583338, 0.000000, var=[-1.0, -1.0, -1.0])
10:48:48:194109, 3, 4, 1631832063.1555266, 92, GPS(-43.520688, 172.582875, 21.513672, var=[1.0, 1.0, 1.0]), 83.89637765092003, GPS(-43.520682, 172.583352, 0.000000, var=[-1.0, -1.0, -1.0])
10:48:48:264762, 4, 4, 1631832062.1536462, 94, GPS(-43.520690, 172.583123, 21.496721, var=[1.0, 1.0, 1.0]), 66.55685194878924, GPS(-43.520673, 172.583338, 0.000000, var=[-1.0, -1.0, -1.0])
10:48:48:328278, 2, 4, 1631832063.154739, 89, GPS(-43.520509, 172.583122, 21.512010, var=[1.0, 1.0, 1.0]), 74.07340924309314, GPS(-43.520682, 172.583352, 0.000000, var=[-1.0, -1.0, -1.0])
10:48:48:442877, 1, 4, 1631832063.1555617, 91, GPS(-43.520510, 172.582875, 21.515958, var=[1.0, 1.0, 1.0]), 87.85621583260115, GPS(-43.520682, 172.583352, 0.000000, var=[-1.0, -1.0, -1.0])
10:48:48:541671, 3, 4, 1631832063.2540436, 93, GPS(-43.520688, 172.582875, 21.518672, var=[1.0, 1.0, 1.0]), 83.89881816246232, GPS(-43.520682, 172.583352, 0.000000, var=[-1.0, -1.0, -1.0])
10:48:48:651030, 4, 4, 1631832063.1542273, 95, GPS(-43.520690, 172.583123, 21.508721, var=[1.0, 1.0, 1.0]), 68.18729546818513, GPS(-43.520682, 172.583352, 0.000000, var=[-1.0, -1.0, -1.0])
10:48:48:740583, 2, 4, 1631832063.2540882, 90, GPS(-43.520509, 172.583122, 21.512010, var=[1.0, 1.0, 1.0]), 74.07340924309314, GPS(-43.520682, 172.583352, 0.000000, var=[-1.0, -1.0, -1.0])
10:48:48:861762, 1, 4, 1631832063.2540781, 92, GPS(-43.520510, 172.582875, 21.514958, var=[1.0, 1.0, 1.0]), 87.8557679640274, GPS(-43.520682, 172.583352, 0.000000, var=[-1.0, -1.0, -1.0])
10:48:48:953217, 3, 4, 1631832064.254898, 94, GPS(-43.520689, 172.582875, 21.512672, var=[1.0, 1.0, 1.0]), 85.74015711757986, GPS(-43.520687, 172.583365, 0.000000, var=[-1.0, -1.0, -1.0])
10:48:49:006384, 4, 4, 1631832063.2540638, 96, GPS(-43.520690, 172.583123, 21.507721, var=[1.0, 1.0, 1.0]), 68.18653735145303, GPS(-43.520682, 172.583352, 0.000000, var=[-1.0, -1.0, -1.0])
10:48:49:070867, 2, 4, 1631832064.2554944, 91, GPS(-43.520509, 172.583122, 21.520010, var=[1.0, 1.0, 1.0]), 75.88608794907881, GPS(-43.520687, 172.583365, 0.000000, var=[-1.0, -1.0, -1.0])
10:48:49:190130, 1, 4, 1631832064.2552457, 93, GPS(-43.520510, 172.582875, 21.509958, var=[1.0, 1.0, 1.0]), 89.84249401252265, GPS(-43.520687, 172.583365, 0.000000, var=[-1.0, -1.0, -1.0])
10:48:49:290688, 3, 4, 1631832064.3545516, 95, GPS(-43.520689, 172.582875, 21.509672, var=[1.0, 1.0, 1.0]), 85.7387237164612, GPS(-43.520687, 172.583365, 0.000000, var=[-1.0, -1.0, -1.0])
10:48:49:370743, 4, 4, 1631832064.2551925, 97, GPS(-43.520690, 172.583122, 21.511721, var=[1.0, 1.0, 1.0]), 69.79602785705605, GPS(-43.520687, 172.583365, 0.000000, var=[-1.0, -1.0, -1.0])
10:48:49:435827, 2, 4, 1631832064.3545947, 92, GPS(-43.520509, 172.583122, 21.519010, var=[1.0, 1.0, 1.0]), 75.88996338080845, GPS(-43.520687, 172.583365, 0.000000, var=[-1.0, -1.0, -1.0])
10:48:49:532051, 1, 4, 1631832064.3545973, 94, GPS(-43.520510, 172.582875, 21.506958, var=[1.0, 1.0, 1.0]), 89.841180482836, GPS(-43.520687, 172.583365, 0.000000, var=[-1.0, -1.0, -1.0])
10:48:49:600404, 3, 4, 1631832065.354737, 96, GPS(-43.520689, 172.582875, 21.512672, var=[1.0, 1.0, 1.0]), 86.47611669050309, GPS(-43.520690, 172.583370, 0.000000, var=[-1.0, -1.0, -1.0])
10:48:49:664313, 4, 4, 1631832064.3545556, 98, GPS(-43.520690, 172.583122, 21.512721, var=[1.0, 1.0, 1.0]), 69.79676766259031, GPS(-43.520687, 172.583365, 0.000000, var=[-1.0, -1.0, -1.0])
10:48:49:731049, 2, 4, 1631832065.3562636, 93, GPS(-43.520509, 172.583122, 21.510011, var=[1.0, 1.0, 1.0]), 76.7130470973964, GPS(-43.520690, 172.583370, 0.000000, var=[-1.0, -1.0, -1.0])
10:48:49:803001, 1, 4, 1631832065.3548765, 95, GPS(-43.520510, 172.582875, 21.503958, var=[1.0, 1.0, 1.0]), 90.70629389615915, GPS(-43.520690, 172.583370, 0.000000, var=[-1.0, -1.0, -1.0])
10:48:49:858319, 3, 4, 1631832065.45505, 97, GPS(-43.520689, 172.582874, 21.511672, var=[1.0, 1.0, 1.0]), 86.48274206116173, GPS(-43.520690, 172.583370, 0.000000, var=[-1.0, -1.0, -1.0])
10:48:49:910370, 4, 4, 1631832065.354662, 99, GPS(-43.520690, 172.583123, 21.504721, var=[1.0, 1.0, 1.0]), 70.437441693225, GPS(-43.520690, 172.583370, 0.000000, var=[-1.0, -1.0, -1.0])
10:48:49:959243, 2, 4, 1631832065.4551115, 94, GPS(-43.520509, 172.583122, 21.509011, var=[1.0, 1.0, 1.0]), 76.71244311667698, GPS(-43.520690, 172.583370, 0.000000, var=[-1.0, -1.0, -1.0])
10:48:50:053926, 1, 4, 1631832065.4551127, 96, GPS(-43.520509, 172.582875, 21.507958, var=[1.0, 1.0, 1.0]), 90.70603639873772, GPS(-43.520690, 172.583370, 0.000000, var=[-1.0, -1.0, -1.0])
10:48:50:166864, 3, 4, 1631832066.4558728, 98, GPS(-43.520688, 172.582875, 21.510672, var=[1.0, 1.0, 1.0]), 86.25940940640109, GPS(-43.520690, 172.583368, 0.000000, var=[-1.0, -1.0, -1.0])
10:48:50:288456, 4, 4, 1631832065.4550745, 100, GPS(-43.520690, 172.583123, 21.507721, var=[1.0, 1.0, 1.0]), 70.43964079039915, GPS(-43.520690, 172.583370, 0.000000, var=[-1.0, -1.0, -1.0])
10:48:50:388662, 2, 4, 1631832066.457116, 95, GPS(-43.520509, 172.583122, 21.508011, var=[1.0, 1.0, 1.0]), 76.53640365646484, GPS(-43.520690, 172.583368, 0.000000, var=[-1.0, -1.0, -1.0])
10:48:50:516135, 1, 4, 1631832066.45711, 97, GPS(-43.520509, 172.582875, 21.508958, var=[1.0, 1.0, 1.0]), 90.49434318410721, GPS(-43.520690, 172.583368, 0.000000, var=[-1.0, -1.0, -1.0])
10:48:50:619777, 3, 4, 1631832066.5556204, 99, GPS(-43.520688, 172.582875, 21.509672, var=[1.0, 1.0, 1.0]), 86.25893411550786, GPS(-43.520690, 172.583368, 0.000000, var=[-1.0, -1.0, -1.0])
10:48:50:677421, 4, 4, 1631832066.4568508, 101, GPS(-43.520690, 172.583123, 21.510721, var=[1.0, 1.0, 1.0]), 70.25308849759075, GPS(-43.520690, 172.583368, 0.000000, var=[-1.0, -1.0, -1.0])
10:48:50:735521, 2, 4, 1631832066.555686, 96, GPS(-43.520509, 172.583123, 21.508011, var=[1.0, 1.0, 1.0]), 76.53190473950256, GPS(-43.520690, 172.583368, 0.000000, var=[-1.0, -1.0, -1.0])
10:48:50:807487, 1, 4, 1631832066.5556526, 98, GPS(-43.520509, 172.582875, 21.506958, var=[1.0, 1.0, 1.0]), 90.49347402809693, GPS(-43.520690, 172.583368, 0.000000, var=[-1.0, -1.0, -1.0])
10:48:50:892420, 3, 4, 1631832067.5573661, 100, GPS(-43.520688, 172.582875, 21.502672, var=[1.0, 1.0, 1.0]), 85.6572096720373, GPS(-43.520692, 172.583363, 0.000000, var=[-1.0, -1.0, -1.0])
10:48:50:949276, 4, 4, 1631832066.555634, 102, GPS(-43.520690, 172.583123, 21.508721, var=[1.0, 1.0, 1.0]), 70.25161774931982, GPS(-43.520690, 172.583368, 0.000000, var=[-1.0, -1.0, -1.0])
10:48:51:010971, 2, 4, 1631832067.5567195, 97, GPS(-43.520509, 172.583123, 21.513011, var=[1.0, 1.0, 1.0]), 76.16382893576728, GPS(-43.520692, 172.583363, 0.000000, var=[-1.0, -1.0, -1.0])
10:48:51:127426, 1, 4, 1631832067.557253, 99, GPS(-43.520509, 172.582875, 21.510958, var=[1.0, 1.0, 1.0]), 90.00061168994488, GPS(-43.520692, 172.583363, 0.000000, var=[-1.0, -1.0, -1.0])
10:48:51:210386, 3, 4, 1631832067.6562858, 101, GPS(-43.520688, 172.582875, 21.509672, var=[1.0, 1.0, 1.0]), 85.65357379325525, GPS(-43.520692, 172.583363, 0.000000, var=[-1.0, -1.0, -1.0])
10:48:51:280665, 4, 4, 1631832067.556891, 103, GPS(-43.520690, 172.583123, 21.520722, var=[1.0, 1.0, 1.0]), 69.73902772998929, GPS(-43.520692, 172.583363, 0.000000, var=[-1.0, -1.0, -1.0])
10:48:51:343635, 2, 4, 1631832067.6562505, 98, GPS(-43.520509, 172.583123, 21.517011, var=[1.0, 1.0, 1.0]), 76.16625946961352, GPS(-43.520692, 172.583363, 0.000000, var=[-1.0, -1.0, -1.0])
10:48:51:460139, 1, 4, 1631832067.6562333, 100, GPS(-43.520509, 172.582875, 21.510958, var=[1.0, 1.0, 1.0]), 90.00061168994488, GPS(-43.520692, 172.583363, 0.000000, var=[-1.0, -1.0, -1.0])
10:48:51:543129, 3, 4, 1631832068.6571589, 102, GPS(-43.520688, 172.582875, 21.512672, var=[1.0, 1.0, 1.0]), 85.01959494107778, GPS(-43.520692, 172.583358, 0.000000, var=[-1.0, -1.0, -1.0])
10:48:51:645014, 4, 4, 1631832067.656225, 104, GPS(-43.520690, 172.583123, 21.519722, var=[1.0, 1.0, 1.0]), 69.73836708000323, GPS(-43.520692, 172.583363, 0.000000, var=[-1.0, -1.0, -1.0])
10:48:51:744538, 2, 4, 1631832068.6568315, 99, GPS(-43.520509, 172.583123, 21.514011, var=[1.0, 1.0, 1.0]), 75.66043825231695, GPS(-43.520692, 172.583358, 0.000000, var=[-1.0, -1.0, -1.0])
10:48:51:854631, 1, 4, 1631832068.6570678, 101, GPS(-43.520509, 172.582875, 21.511958, var=[1.0, 1.0, 1.0]), 89.39660218686666, GPS(-43.520692, 172.583358, 0.000000, var=[-1.0, -1.0, -1.0])
10:48:51:965257, 3, 4, 1631832068.7566936, 103, GPS(-43.520688, 172.582875, 21.510672, var=[1.0, 1.0, 1.0]), 85.01862923102544, GPS(-43.520692, 172.583358, 0.000000, var=[-1.0, -1.0, -1.0])
10:48:52:041968, 4, 4, 1631832068.6566157, 105, GPS(-43.520690, 172.583123, 21.513722, var=[1.0, 1.0, 1.0]), 69.17636667559276, GPS(-43.520692, 172.583358, 0.000000, var=[-1.0, -1.0, -1.0])
STOP: 09/17/2021 10:48:52:702608
