START: 09/30/2021 20:05:07:317443
TIME,            STATES_LIST,          TARGET_FILT_CART,          TARGET_FILT_GPS,          TARGET_REAL_GPS,          TX_FILT_CART,          TX_FILT_GPS,          TX_REAL_GPS,          MULTILATERATION_ERROR,          MODE,          
20:05:39:069548, [1, 1, 1, 1]1, None, GPS(-43.520600, 172.583000, 0.000000, var=[-1.0, -1.0, -1.0]), GPS(-43.520600, 172.583000, 0.000000, var=[-1.0, -1.0, -1.0]), None, GPS(-43.520600, 172.583000, 15.000000, var=[-1, -1, -1]), GPS(-43.520600, 172.583000, 26.462839, var=[1.0, 1.0, 1.0]), 0.0, OFFBOARD
20:05:40:070297, [1, 1, 1, 1]1, None, GPS(-43.520600, 172.583000, 0.000000, var=[-1.0, -1.0, -1.0]), GPS(-43.520600, 172.583000, 0.000000, var=[-1.0, -1.0, -1.0]), None, GPS(-43.520600, 172.583000, 15.000000, var=[-1, -1, -1]), GPS(-43.520601, 172.583000, 26.464839, var=[1.0, 1.0, 1.0]), 0.0, OFFBOARD
20:05:40:565338, [1, 1, 1, 1]1, None, GPS(-43.520600, 172.583000, 0.000000, var=[-1.0, -1.0, -1.0]), GPS(-43.520600, 172.583000, 0.000000, var=[-1.0, -1.0, -1.0]), None, GPS(-43.520600, 172.583000, 15.000000, var=[-1, -1, -1]), GPS(-43.520600, 172.583000, 26.452839, var=[1.0, 1.0, 1.0]), 0.0, OFFBOARD
20:05:41:566654, [1, 1, 1, 1]1, None, GPS(-43.520600, 172.583000, 0.000000, var=[-1.0, -1.0, -1.0]), GPS(-43.520600, 172.583000, 0.000000, var=[-1.0, -1.0, -1.0]), None, GPS(-43.520600, 172.583000, 15.000000, var=[-1, -1, -1]), GPS(-43.520600, 172.583000, 26.433839, var=[1.0, 1.0, 1.0]), 0.0, OFFBOARD
20:05:41:567940, [1, 1, 1, 1]1, None, GPS(-43.520600, 172.583000, 0.000000, var=[-1.0, -1.0, -1.0]), GPS(-43.520600, 172.583000, 0.000000, var=[-1.0, -1.0, -1.0]), None, GPS(-43.520600, 172.583000, 15.000000, var=[-1, -1, -1]), GPS(-43.520600, 172.583000, 26.433839, var=[1.0, 1.0, 1.0]), 0.0, OFFBOARD
20:05:42:568808, [1, 1, 1, 1]1, None, GPS(-43.520600, 172.583000, 0.000000, var=[-1.0, -1.0, -1.0]), GPS(-43.520600, 172.583000, 0.000000, var=[-1.0, -1.0, -1.0]), None, GPS(-43.520600, 172.583000, 15.000000, var=[-1, -1, -1]), GPS(-43.520600, 172.583000, 26.422840, var=[1.0, 1.0, 1.0]), 0.0, OFFBOARD
20:05:42:571350, [1, 1, 1, 1]1, None, GPS(-43.520600, 172.583000, 0.000000, var=[-1.0, -1.0, -1.0]), GPS(-43.520600, 172.583000, 0.000000, var=[-1.0, -1.0, -1.0]), None, GPS(-43.520600, 172.583000, 15.000000, var=[-1, -1, -1]), GPS(-43.520600, 172.583000, 26.422840, var=[1.0, 1.0, 1.0]), 0.0, OFFBOARD
20:05:43:570177, [1, 1, 1, 1]1, None, GPS(-43.520600, 172.583000, 0.000000, var=[-1.0, -1.0, -1.0]), GPS(-43.520600, 172.583000, 0.000000, var=[-1.0, -1.0, -1.0]), None, GPS(-43.520600, 172.583000, 15.000000, var=[-1, -1, -1]), GPS(-43.520600, 172.583000, 26.421840, var=[1.0, 1.0, 1.0]), 0.0, OFFBOARD
20:05:43:571259, [1, 1, 1, 1]1, None, GPS(-43.520600, 172.583000, 0.000000, var=[-1.0, -1.0, -1.0]), GPS(-43.520600, 172.583000, 0.000000, var=[-1.0, -1.0, -1.0]), None, GPS(-43.520600, 172.583000, 15.000000, var=[-1, -1, -1]), GPS(-43.520600, 172.583000, 26.421840, var=[1.0, 1.0, 1.0]), 0.0, OFFBOARD
20:05:44:571562, [1, 1, 1, 1]1, None, GPS(-43.520600, 172.583000, 0.000000, var=[-1.0, -1.0, -1.0]), GPS(-43.520600, 172.583000, 0.000000, var=[-1.0, -1.0, -1.0]), None, GPS(-43.520600, 172.583000, 15.000000, var=[-1, -1, -1]), GPS(-43.520599, 172.583000, 26.425841, var=[1.0, 1.0, 1.0]), 0.0, OFFBOARD
20:05:45:572274, [1, 1, 1, 1]1, None, GPS(-43.520600, 172.583000, 0.000000, var=[-1.0, -1.0, -1.0]), GPS(-43.520600, 172.583000, 0.000000, var=[-1.0, -1.0, -1.0]), None, GPS(-43.520600, 172.583000, 15.000000, var=[-1, -1, -1]), GPS(-43.520599, 172.583000, 26.423841, var=[1.0, 1.0, 1.0]), 0.0, OFFBOARD
20:05:45:578825, [1, 1, 1, 1]1, None, GPS(-43.520600, 172.583000, 0.000000, var=[-1.0, -1.0, -1.0]), GPS(-43.520600, 172.583000, 0.000000, var=[-1.0, -1.0, -1.0]), None, GPS(-43.520600, 172.583000, 15.000000, var=[-1, -1, -1]), GPS(-43.520599, 172.583000, 26.423841, var=[1.0, 1.0, 1.0]), 0.0, OFFBOARD
20:05:46:574159, [1, 1, 1, 1]1, None, GPS(-43.520600, 172.583000, 0.000000, var=[-1.0, -1.0, -1.0]), GPS(-43.520600, 172.583000, 0.000000, var=[-1.0, -1.0, -1.0]), None, GPS(-43.520600, 172.583000, 15.000000, var=[-1, -1, -1]), GPS(-43.520599, 172.583000, 26.429841, var=[1.0, 1.0, 1.0]), 0.0, OFFBOARD
20:05:47:575206, [1, 1, 1, 1]1, None, GPS(-43.520600, 172.583000, 0.000000, var=[-1.0, -1.0, -1.0]), GPS(-43.520600, 172.583000, 0.000000, var=[-1.0, -1.0, -1.0]), None, GPS(-43.520600, 172.583000, 15.000000, var=[-1, -1, -1]), GPS(-43.520599, 172.583000, 26.421841, var=[1.0, 1.0, 1.0]), 0.0, OFFBOARD
20:05:47:576304, [1, 1, 1, 1]1, None, GPS(-43.520600, 172.583000, 0.000000, var=[-1.0, -1.0, -1.0]), GPS(-43.520600, 172.583000, 0.000000, var=[-1.0, -1.0, -1.0]), None, GPS(-43.520600, 172.583000, 15.000000, var=[-1, -1, -1]), GPS(-43.520599, 172.583000, 26.421841, var=[1.0, 1.0, 1.0]), 0.0, OFFBOARD
20:05:48:576639, [1, 1, 1, 1]1, None, GPS(-43.520600, 172.583000, 0.000000, var=[-1.0, -1.0, -1.0]), GPS(-43.520600, 172.583000, 0.000000, var=[-1.0, -1.0, -1.0]), None, GPS(-43.520600, 172.583000, 15.000000, var=[-1, -1, -1]), GPS(-43.520599, 172.583000, 26.418841, var=[1.0, 1.0, 1.0]), 0.0, OFFBOARD
20:05:49:578402, [1, 1, 1, 1]1, None, GPS(-43.520600, 172.583000, 0.000000, var=[-1.0, -1.0, -1.0]), GPS(-43.520600, 172.583000, 0.000000, var=[-1.0, -1.0, -1.0]), None, GPS(-43.520600, 172.583000, 15.000000, var=[-1, -1, -1]), GPS(-43.520599, 172.583000, 26.403841, var=[1.0, 1.0, 1.0]), 0.0, OFFBOARD
20:05:50:579820, [1, 1, 1, 1]1, None, GPS(-43.520600, 172.583000, 0.000000, var=[-1.0, -1.0, -1.0]), GPS(-43.520600, 172.583000, 0.000000, var=[-1.0, -1.0, -1.0]), None, GPS(-43.520600, 172.583000, 15.000000, var=[-1, -1, -1]), GPS(-43.520599, 172.583000, 26.396841, var=[1.0, 1.0, 1.0]), 0.0, OFFBOARD
20:05:50:580730, [1, 1, 1, 1]1, None, GPS(-43.520600, 172.583000, 0.000000, var=[-1.0, -1.0, -1.0]), GPS(-43.520600, 172.583000, 0.000000, var=[-1.0, -1.0, -1.0]), None, GPS(-43.520600, 172.583000, 15.000000, var=[-1, -1, -1]), GPS(-43.520599, 172.583000, 26.396841, var=[1.0, 1.0, 1.0]), 0.0, OFFBOARD
20:05:51:581554, [1, 1, 1, 2]1, None, GPS(-43.520600, 172.583000, 0.000000, var=[-1.0, -1.0, -1.0]), GPS(-43.520600, 172.583000, 0.000000, var=[-1.0, -1.0, -1.0]), None, GPS(-43.520600, 172.583000, 15.000000, var=[-1, -1, -1]), GPS(-43.520599, 172.583000, 26.401841, var=[1.0, 1.0, 1.0]), 0.0, OFFBOARD
20:05:51:582769, [1, 1, 1, 2]1, None, GPS(-43.520600, 172.583000, 0.000000, var=[-1.0, -1.0, -1.0]), GPS(-43.520600, 172.583000, 0.000000, var=[-1.0, -1.0, -1.0]), None, GPS(-43.520600, 172.583000, 15.000000, var=[-1, -1, -1]), GPS(-43.520599, 172.583000, 26.401841, var=[1.0, 1.0, 1.0]), 0.0, OFFBOARD
20:05:52:584457, [1, 1, 1, 2]2, None, GPS(-43.520600, 172.583000, 0.000000, var=[-1.0, -1.0, -1.0]), GPS(-43.520600, 172.583000, 0.000000, var=[-1.0, -1.0, -1.0]), None, GPS(-43.520600, 172.583000, 15.000000, var=[-1, -1, -1]), GPS(-43.520599, 172.583000, 26.404841, var=[1.0, 1.0, 1.0]), 0.0, OFFBOARD
20:05:53:584288, [1, 1, 1, 2]2, None, GPS(-43.520600, 172.583000, 0.000000, var=[-1.0, -1.0, -1.0]), GPS(-43.520600, 172.583000, 0.000000, var=[-1.0, -1.0, -1.0]), None, GPS(-43.520600, 172.583000, 15.000000, var=[-1, -1, -1]), GPS(-43.520599, 172.583000, 26.417841, var=[1.0, 1.0, 1.0]), 0.0, OFFBOARD
20:05:53:619204, [2, 1, 1, 2]2, None, GPS(-43.520600, 172.583000, 0.000000, var=[-1.0, -1.0, -1.0]), GPS(-43.520600, 172.583000, 0.000000, var=[-1.0, -1.0, -1.0]), None, GPS(-43.520600, 172.583000, 15.000000, var=[-1, -1, -1]), GPS(-43.520599, 172.583000, 26.417841, var=[1.0, 1.0, 1.0]), 0.0, OFFBOARD
20:05:54:620841, [2, 1, 1, 2]2, None, GPS(-43.520600, 172.583000, 0.000000, var=[-1.0, -1.0, -1.0]), GPS(-43.520600, 172.583000, 0.000000, var=[-1.0, -1.0, -1.0]), None, GPS(-43.520600, 172.583000, 15.000000, var=[-1, -1, -1]), GPS(-43.520599, 172.583000, 26.405841, var=[1.0, 1.0, 1.0]), 0.0, OFFBOARD
20:05:55:621398, [2, 1, 1, 2]2, None, GPS(-43.520600, 172.583000, 0.000000, var=[-1.0, -1.0, -1.0]), GPS(-43.520600, 172.583000, 0.000000, var=[-1.0, -1.0, -1.0]), None, GPS(-43.520600, 172.583000, 15.000000, var=[-1, -1, -1]), GPS(-43.520599, 172.583000, 26.406841, var=[1.0, 1.0, 1.0]), 0.0, OFFBOARD
20:05:55:622902, [2, 1, 1, 2]2, None, GPS(-43.520600, 172.583000, 0.000000, var=[-1.0, -1.0, -1.0]), GPS(-43.520600, 172.583000, 0.000000, var=[-1.0, -1.0, -1.0]), None, GPS(-43.520600, 172.583000, 15.000000, var=[-1, -1, -1]), GPS(-43.520599, 172.583000, 26.406841, var=[1.0, 1.0, 1.0]), 0.0, OFFBOARD
20:05:56:623474, [2, 1, 1, 2]2, None, GPS(-43.520600, 172.583000, 0.000000, var=[-1.0, -1.0, -1.0]), GPS(-43.520600, 172.583000, 0.000000, var=[-1.0, -1.0, -1.0]), None, GPS(-43.520600, 172.583000, 15.000000, var=[-1, -1, -1]), GPS(-43.520599, 172.583000, 26.414840, var=[1.0, 1.0, 1.0]), 0.0, OFFBOARD
20:05:56:625411, [2, 1, 1, 2]2, None, GPS(-43.520600, 172.583000, 0.000000, var=[-1.0, -1.0, -1.0]), GPS(-43.520600, 172.583000, 0.000000, var=[-1.0, -1.0, -1.0]), None, GPS(-43.520600, 172.583000, 15.000000, var=[-1, -1, -1]), GPS(-43.520599, 172.583000, 26.414840, var=[1.0, 1.0, 1.0]), 0.0, OFFBOARD
20:05:57:625558, [2, 1, 2, 2]2, None, GPS(-43.520600, 172.583000, 0.000000, var=[-1.0, -1.0, -1.0]), GPS(-43.520600, 172.583000, 0.000000, var=[-1.0, -1.0, -1.0]), None, GPS(-43.520600, 172.583000, 15.000000, var=[-1, -1, -1]), GPS(-43.520600, 172.583000, 26.415840, var=[1.0, 1.0, 1.0]), 0.0, OFFBOARD
20:05:58:626340, [2, 1, 2, 2]2, None, GPS(-43.520600, 172.583000, 0.000000, var=[-1.0, -1.0, -1.0]), GPS(-43.520600, 172.583000, 0.000000, var=[-1.0, -1.0, -1.0]), None, GPS(-43.520600, 172.583000, 15.000000, var=[-1, -1, -1]), GPS(-43.520600, 172.583000, 26.421840, var=[1.0, 1.0, 1.0]), 0.0, OFFBOARD
20:05:58:628048, [2, 1, 2, 2]2, None, GPS(-43.520600, 172.583000, 0.000000, var=[-1.0, -1.0, -1.0]), GPS(-43.520600, 172.583000, 0.000000, var=[-1.0, -1.0, -1.0]), None, GPS(-43.520600, 172.583000, 15.000000, var=[-1, -1, -1]), GPS(-43.520600, 172.583000, 26.421840, var=[1.0, 1.0, 1.0]), 0.0, OFFBOARD
20:05:59:627815, [2, 2, 2, 2]2, None, GPS(-43.520600, 172.583000, 0.000000, var=[-1.0, -1.0, -1.0]), GPS(-43.520600, 172.583000, 0.000000, var=[-1.0, -1.0, -1.0]), None, GPS(-43.520600, 172.583000, 15.000000, var=[-1, -1, -1]), GPS(-43.520599, 172.583000, 26.430840, var=[1.0, 1.0, 1.0]), 0.0, OFFBOARD
20:06:00:629148, [2, 2, 2, 2]2, None, GPS(-43.520600, 172.583000, 0.000000, var=[-1.0, -1.0, -1.0]), GPS(-43.520600, 172.583000, 0.000000, var=[-1.0, -1.0, -1.0]), None, GPS(-43.520600, 172.583000, 15.000000, var=[-1, -1, -1]), GPS(-43.520599, 172.583000, 26.452840, var=[1.0, 1.0, 1.0]), 0.0, OFFBOARD
20:06:00:630624, [2, 2, 2, 2]2, None, GPS(-43.520600, 172.583000, 0.000000, var=[-1.0, -1.0, -1.0]), GPS(-43.520600, 172.583000, 0.000000, var=[-1.0, -1.0, -1.0]), None, GPS(-43.520600, 172.583000, 15.000000, var=[-1, -1, -1]), GPS(-43.520599, 172.583000, 26.452840, var=[1.0, 1.0, 1.0]), 0.0, OFFBOARD
20:06:01:630461, [2, 2, 2, 2]2, None, GPS(-43.520600, 172.583000, 0.000000, var=[-1.0, -1.0, -1.0]), GPS(-43.520600, 172.583000, 0.000000, var=[-1.0, -1.0, -1.0]), None, GPS(-43.520600, 172.583000, 15.000000, var=[-1, -1, -1]), GPS(-43.520599, 172.583000, 26.471840, var=[1.0, 1.0, 1.0]), 0.0, OFFBOARD
20:06:01:631753, [2, 2, 2, 2]2, None, GPS(-43.520600, 172.583000, 0.000000, var=[-1.0, -1.0, -1.0]), GPS(-43.520600, 172.583000, 0.000000, var=[-1.0, -1.0, -1.0]), None, GPS(-43.520600, 172.583000, 15.000000, var=[-1, -1, -1]), GPS(-43.520599, 172.583000, 26.471840, var=[1.0, 1.0, 1.0]), 0.0, OFFBOARD
20:06:02:630959, [2, 2, 2, 3]2, None, GPS(-43.520600, 172.583000, 0.000000, var=[-1.0, -1.0, -1.0]), GPS(-43.520600, 172.583000, 0.000000, var=[-1.0, -1.0, -1.0]), None, GPS(-43.520600, 172.583000, 15.000000, var=[-1, -1, -1]), GPS(-43.520599, 172.583000, 26.472840, var=[1.0, 1.0, 1.0]), 0.0, OFFBOARD
20:06:02:632087, [2, 2, 2, 3]2, None, GPS(-43.520600, 172.583000, 0.000000, var=[-1.0, -1.0, -1.0]), GPS(-43.520600, 172.583000, 0.000000, var=[-1.0, -1.0, -1.0]), None, GPS(-43.520600, 172.583000, 15.000000, var=[-1, -1, -1]), GPS(-43.520599, 172.583000, 26.472840, var=[1.0, 1.0, 1.0]), 0.0, OFFBOARD
20:06:03:632490, [2, 2, 2, 3]2, None, GPS(-43.520600, 172.583000, 0.000000, var=[-1.0, -1.0, -1.0]), GPS(-43.520600, 172.583000, 0.000000, var=[-1.0, -1.0, -1.0]), None, GPS(-43.520600, 172.583000, 15.000000, var=[-1, -1, -1]), GPS(-43.520599, 172.583000, 26.468840, var=[1.0, 1.0, 1.0]), 0.0, OFFBOARD
20:06:04:633683, [2, 2, 2, 3]2, None, GPS(-43.520600, 172.583000, 0.000000, var=[-1.0, -1.0, -1.0]), GPS(-43.520600, 172.583000, 0.000000, var=[-1.0, -1.0, -1.0]), None, GPS(-43.520600, 172.583000, 15.000000, var=[-1, -1, -1]), GPS(-43.520599, 172.583000, 26.470840, var=[1.0, 1.0, 1.0]), 0.0, OFFBOARD
20:06:04:634658, [2, 2, 2, 3]2, None, GPS(-43.520600, 172.583000, 0.000000, var=[-1.0, -1.0, -1.0]), GPS(-43.520600, 172.583000, 0.000000, var=[-1.0, -1.0, -1.0]), None, GPS(-43.520600, 172.583000, 15.000000, var=[-1, -1, -1]), GPS(-43.520599, 172.583000, 26.470840, var=[1.0, 1.0, 1.0]), 0.0, OFFBOARD
20:06:05:635371, [2, 2, 2, 4]2, None, GPS(-43.520600, 172.583000, 0.000000, var=[-1.0, -1.0, -1.0]), GPS(-43.520600, 172.583000, 0.000000, var=[-1.0, -1.0, -1.0]), None, GPS(-43.520600, 172.583000, 15.000000, var=[-1, -1, -1]), GPS(-43.520600, 172.583000, 26.473840, var=[1.0, 1.0, 1.0]), 0.0, OFFBOARD
20:06:06:635155, [2, 2, 2, 4]2, None, GPS(-43.520600, 172.583000, 0.000000, var=[-1.0, -1.0, -1.0]), GPS(-43.520600, 172.583000, 0.000000, var=[-1.0, -1.0, -1.0]), None, GPS(-43.520600, 172.583000, 15.000000, var=[-1, -1, -1]), GPS(-43.520600, 172.583000, 26.464840, var=[1.0, 1.0, 1.0]), 0.0, OFFBOARD
20:06:06:670722, [2, 2, 2, 4]2, None, GPS(-43.520600, 172.583000, 0.000000, var=[-1.0, -1.0, -1.0]), GPS(-43.520600, 172.583000, 0.000000, var=[-1.0, -1.0, -1.0]), None, GPS(-43.520600, 172.583000, 15.000000, var=[-1, -1, -1]), GPS(-43.520600, 172.583000, 26.464840, var=[1.0, 1.0, 1.0]), 0.0, OFFBOARD
20:06:07:672638, [2, 2, 2, 4]2, None, GPS(-43.520600, 172.583000, 0.000000, var=[-1.0, -1.0, -1.0]), GPS(-43.520600, 172.583000, 0.000000, var=[-1.0, -1.0, -1.0]), None, GPS(-43.520600, 172.583000, 15.000000, var=[-1, -1, -1]), GPS(-43.520600, 172.582999, 26.456840, var=[1.0, 1.0, 1.0]), 0.0, OFFBOARD
20:06:08:674171, [2, 2, 2, 4]2, None, GPS(-43.520600, 172.583000, 0.000000, var=[-1.0, -1.0, -1.0]), GPS(-43.520600, 172.583000, 0.000000, var=[-1.0, -1.0, -1.0]), None, GPS(-43.520600, 172.583000, 15.000000, var=[-1, -1, -1]), GPS(-43.520600, 172.582999, 26.447840, var=[1.0, 1.0, 1.0]), 0.0, OFFBOARD
20:06:08:711244, [2, 2, 2, 4]2, None, GPS(-43.520600, 172.583000, 0.000000, var=[-1.0, -1.0, -1.0]), GPS(-43.520600, 172.583000, 0.000000, var=[-1.0, -1.0, -1.0]), None, GPS(-43.520600, 172.583000, 15.000000, var=[-1, -1, -1]), GPS(-43.520600, 172.582999, 26.447840, var=[1.0, 1.0, 1.0]), 0.0, OFFBOARD
20:06:09:675839, [2, 2, 2, 4]2, None, GPS(-43.520600, 172.583000, 0.000000, var=[-1.0, -1.0, -1.0]), GPS(-43.520600, 172.583000, 0.000000, var=[-1.0, -1.0, -1.0]), None, GPS(-43.520600, 172.583000, 15.000000, var=[-1, -1, -1]), GPS(-43.520600, 172.582999, 26.434840, var=[1.0, 1.0, 1.0]), 0.0, OFFBOARD
20:06:10:677629, [2, 2, 2, 4]2, None, GPS(-43.520600, 172.583000, 0.000000, var=[-1.0, -1.0, -1.0]), GPS(-43.520600, 172.583000, 0.000000, var=[-1.0, -1.0, -1.0]), None, GPS(-43.520600, 172.583000, 15.000000, var=[-1, -1, -1]), GPS(-43.520600, 172.583000, 26.418840, var=[1.0, 1.0, 1.0]), 0.0, OFFBOARD
20:06:10:679725, [2, 2, 2, 4]2, None, GPS(-43.520600, 172.583000, 0.000000, var=[-1.0, -1.0, -1.0]), GPS(-43.520600, 172.583000, 0.000000, var=[-1.0, -1.0, -1.0]), None, GPS(-43.520600, 172.583000, 15.000000, var=[-1, -1, -1]), GPS(-43.520600, 172.583000, 26.418840, var=[1.0, 1.0, 1.0]), 0.0, OFFBOARD
20:06:11:678051, [2, 2, 2, 4]2, None, GPS(-43.520600, 172.583000, 0.000000, var=[-1.0, -1.0, -1.0]), GPS(-43.520600, 172.583000, 0.000000, var=[-1.0, -1.0, -1.0]), None, GPS(-43.520600, 172.583000, 15.000000, var=[-1, -1, -1]), GPS(-43.520600, 172.583000, 26.409840, var=[1.0, 1.0, 1.0]), 0.0, OFFBOARD
20:06:11:678985, [2, 2, 2, 4]2, None, GPS(-43.520600, 172.583000, 0.000000, var=[-1.0, -1.0, -1.0]), GPS(-43.520600, 172.583000, 0.000000, var=[-1.0, -1.0, -1.0]), None, GPS(-43.520600, 172.583000, 15.000000, var=[-1, -1, -1]), GPS(-43.520600, 172.583000, 26.409840, var=[1.0, 1.0, 1.0]), 0.0, OFFBOARD
20:06:12:679583, [2, 2, 2, 4]2, None, GPS(-43.520600, 172.583000, 0.000000, var=[-1.0, -1.0, -1.0]), GPS(-43.520600, 172.583000, 0.000000, var=[-1.0, -1.0, -1.0]), None, GPS(-43.520600, 172.583000, 15.000000, var=[-1, -1, -1]), GPS(-43.520600, 172.583000, 26.395840, var=[1.0, 1.0, 1.0]), 0.0, OFFBOARD
20:06:13:681291, [2, 2, 2, 4]2, None, GPS(-43.520600, 172.583000, 0.000000, var=[-1.0, -1.0, -1.0]), GPS(-43.520600, 172.583000, 0.000000, var=[-1.0, -1.0, -1.0]), None, GPS(-43.520600, 172.583000, 15.000000, var=[-1, -1, -1]), GPS(-43.520600, 172.583000, 26.384840, var=[1.0, 1.0, 1.0]), 0.0, OFFBOARD
20:06:14:683264, [2, 2, 2, 4]2, None, GPS(-43.520600, 172.583000, 0.000000, var=[-1.0, -1.0, -1.0]), GPS(-43.520600, 172.583000, 0.000000, var=[-1.0, -1.0, -1.0]), None, GPS(-43.520600, 172.583000, 15.000000, var=[-1, -1, -1]), GPS(-43.520600, 172.583000, 26.387840, var=[1.0, 1.0, 1.0]), 0.0, OFFBOARD
20:06:14:685432, [2, 2, 2, 4]2, None, GPS(-43.520600, 172.583000, 0.000000, var=[-1.0, -1.0, -1.0]), GPS(-43.520600, 172.583000, 0.000000, var=[-1.0, -1.0, -1.0]), None, GPS(-43.520600, 172.583000, 15.000000, var=[-1, -1, -1]), GPS(-43.520600, 172.583000, 26.387840, var=[1.0, 1.0, 1.0]), 0.0, OFFBOARD
20:06:15:683357, [2, 2, 2, 4]2, None, GPS(-43.520600, 172.583000, 0.000000, var=[-1.0, -1.0, -1.0]), GPS(-43.520600, 172.583000, 0.000000, var=[-1.0, -1.0, -1.0]), None, GPS(-43.520600, 172.583000, 15.000000, var=[-1, -1, -1]), GPS(-43.520600, 172.583000, 26.380840, var=[1.0, 1.0, 1.0]), 0.0, OFFBOARD
20:06:15:715774, [2, 2, 3, 4]2, None, GPS(-43.520600, 172.583000, 0.000000, var=[-1.0, -1.0, -1.0]), GPS(-43.520600, 172.583000, 0.000000, var=[-1.0, -1.0, -1.0]), None, GPS(-43.520600, 172.583000, 15.000000, var=[-1, -1, -1]), GPS(-43.520600, 172.583000, 26.380840, var=[1.0, 1.0, 1.0]), 0.0, OFFBOARD
20:06:16:716627, [2, 2, 3, 4]2, None, GPS(-43.520600, 172.583000, 0.000000, var=[-1.0, -1.0, -1.0]), GPS(-43.520600, 172.583000, 0.000000, var=[-1.0, -1.0, -1.0]), None, GPS(-43.520600, 172.583000, 15.000000, var=[-1, -1, -1]), GPS(-43.520600, 172.583000, 26.384840, var=[1.0, 1.0, 1.0]), 0.0, OFFBOARD
20:06:16:717884, [2, 2, 3, 4]2, None, GPS(-43.520600, 172.583000, 0.000000, var=[-1.0, -1.0, -1.0]), GPS(-43.520600, 172.583000, 0.000000, var=[-1.0, -1.0, -1.0]), None, GPS(-43.520600, 172.583000, 15.000000, var=[-1, -1, -1]), GPS(-43.520600, 172.583000, 26.384840, var=[1.0, 1.0, 1.0]), 0.0, OFFBOARD
20:06:17:717573, [2, 2, 3, 4]2, None, GPS(-43.520600, 172.583000, 0.000000, var=[-1.0, -1.0, -1.0]), GPS(-43.520600, 172.583000, 0.000000, var=[-1.0, -1.0, -1.0]), None, GPS(-43.520600, 172.583000, 15.000000, var=[-1, -1, -1]), GPS(-43.520599, 172.583000, 26.380840, var=[1.0, 1.0, 1.0]), 0.0, OFFBOARD
20:06:17:718656, [2, 2, 3, 4]2, None, GPS(-43.520600, 172.583000, 0.000000, var=[-1.0, -1.0, -1.0]), GPS(-43.520600, 172.583000, 0.000000, var=[-1.0, -1.0, -1.0]), None, GPS(-43.520600, 172.583000, 15.000000, var=[-1, -1, -1]), GPS(-43.520599, 172.583000, 26.380840, var=[1.0, 1.0, 1.0]), 0.0, OFFBOARD
20:06:18:718594, [2, 2, 3, 4]2, None, GPS(-43.520600, 172.583000, 0.000000, var=[-1.0, -1.0, -1.0]), GPS(-43.520600, 172.583000, 0.000000, var=[-1.0, -1.0, -1.0]), None, GPS(-43.520600, 172.583000, 15.000000, var=[-1, -1, -1]), GPS(-43.520599, 172.583000, 26.385841, var=[1.0, 1.0, 1.0]), 0.0, OFFBOARD
20:06:18:719738, [2, 2, 4, 4]2, None, GPS(-43.520600, 172.583000, 0.000000, var=[-1.0, -1.0, -1.0]), GPS(-43.520600, 172.583000, 0.000000, var=[-1.0, -1.0, -1.0]), None, GPS(-43.520600, 172.583000, 15.000000, var=[-1, -1, -1]), GPS(-43.520599, 172.583000, 26.385841, var=[1.0, 1.0, 1.0]), 0.0, OFFBOARD
20:06:19:719672, [2, 2, 4, 4]2, None, GPS(-43.520600, 172.583000, 0.000000, var=[-1.0, -1.0, -1.0]), GPS(-43.520600, 172.583000, 0.000000, var=[-1.0, -1.0, -1.0]), None, GPS(-43.520600, 172.583000, 15.000000, var=[-1, -1, -1]), GPS(-43.520599, 172.583000, 26.388840, var=[1.0, 1.0, 1.0]), 0.0, OFFBOARD
20:06:19:721971, [2, 2, 4, 4]2, None, GPS(-43.520600, 172.583000, 0.000000, var=[-1.0, -1.0, -1.0]), GPS(-43.520600, 172.583000, 0.000000, var=[-1.0, -1.0, -1.0]), None, GPS(-43.520600, 172.583000, 15.000000, var=[-1, -1, -1]), GPS(-43.520599, 172.583000, 26.388840, var=[1.0, 1.0, 1.0]), 0.0, OFFBOARD
20:06:20:721658, [2, 2, 4, 4]2, None, GPS(-43.520600, 172.583000, 0.000000, var=[-1.0, -1.0, -1.0]), GPS(-43.520600, 172.583000, 0.000000, var=[-1.0, -1.0, -1.0]), None, GPS(-43.520600, 172.583000, 15.000000, var=[-1, -1, -1]), GPS(-43.520600, 172.583000, 26.397840, var=[1.0, 1.0, 1.0]), 0.0, OFFBOARD
20:06:21:722466, [3, 2, 4, 4]2, None, GPS(-43.520600, 172.583000, 0.000000, var=[-1.0, -1.0, -1.0]), GPS(-43.520600, 172.583000, 0.000000, var=[-1.0, -1.0, -1.0]), None, GPS(-43.520600, 172.583000, 15.000000, var=[-1, -1, -1]), GPS(-43.520600, 172.583000, 26.411840, var=[1.0, 1.0, 1.0]), 0.0, OFFBOARD
20:06:21:723579, [3, 3, 4, 4]2, None, GPS(-43.520600, 172.583000, 0.000000, var=[-1.0, -1.0, -1.0]), GPS(-43.520600, 172.583000, 0.000000, var=[-1.0, -1.0, -1.0]), None, GPS(-43.520600, 172.583000, 15.000000, var=[-1, -1, -1]), GPS(-43.520600, 172.583000, 26.411840, var=[1.0, 1.0, 1.0]), 0.0, OFFBOARD
20:06:22:723390, [3, 3, 4, 4]2, None, GPS(-43.520600, 172.583000, 0.000000, var=[-1.0, -1.0, -1.0]), GPS(-43.520600, 172.583000, 0.000000, var=[-1.0, -1.0, -1.0]), None, GPS(-43.520600, 172.583000, 15.000000, var=[-1, -1, -1]), GPS(-43.520600, 172.583000, 26.422840, var=[1.0, 1.0, 1.0]), 0.0, OFFBOARD
20:06:22:725047, [3, 3, 4, 4]2, None, GPS(-43.520600, 172.583000, 0.000000, var=[-1.0, -1.0, -1.0]), GPS(-43.520600, 172.583000, 0.000000, var=[-1.0, -1.0, -1.0]), None, GPS(-43.520600, 172.583000, 15.000000, var=[-1, -1, -1]), GPS(-43.520600, 172.583000, 26.422840, var=[1.0, 1.0, 1.0]), 0.0, OFFBOARD
20:06:23:727338, [3, 3, 4, 4]3, None, GPS(-43.520600, 172.583000, 0.000000, var=[-1.0, -1.0, -1.0]), GPS(-43.520600, 172.583000, 0.000000, var=[-1.0, -1.0, -1.0]), None, GPS(-43.520600, 172.583000, 15.000000, var=[-1, -1, -1]), GPS(-43.520600, 172.583000, 26.423840, var=[1.0, 1.0, 1.0]), 0.0, OFFBOARD
20:06:24:725633, [4, 4, 4, 4]3, None, GPS(-43.520600, 172.583000, 0.000000, var=[-1.0, -1.0, -1.0]), GPS(-43.520600, 172.583000, 0.000000, var=[-1.0, -1.0, -1.0]), None, GPS(-43.520600, 172.583000, 15.000000, var=[-1, -1, -1]), GPS(-43.520600, 172.583000, 26.438840, var=[1.0, 1.0, 1.0]), 0.0, OFFBOARD
20:06:24:768310, [4, 4, 4, 4]3, None, GPS(-43.520600, 172.583000, 0.000000, var=[-1.0, -1.0, -1.0]), GPS(-43.520600, 172.583000, 0.000000, var=[-1.0, -1.0, -1.0]), None, GPS(-43.520600, 172.583000, 15.000000, var=[-1, -1, -1]), GPS(-43.520600, 172.583000, 26.438840, var=[1.0, 1.0, 1.0]), 0.0, OFFBOARD
20:06:25:770343, [4, 4, 4, 4]3, None, GPS(-43.520600, 172.583000, 0.000000, var=[-1.0, -1.0, -1.0]), GPS(-43.520600, 172.583000, 0.000000, var=[-1.0, -1.0, -1.0]), None, GPS(-43.520600, 172.583000, 15.000000, var=[-1, -1, -1]), GPS(-43.520600, 172.583000, 26.445840, var=[1.0, 1.0, 1.0]), 0.0, OFFBOARD
20:06:25:774586, [4, 4, 4, 4]3, None, GPS(-43.520600, 172.583000, 0.000000, var=[-1.0, -1.0, -1.0]), GPS(-43.520600, 172.583000, 0.000000, var=[-1.0, -1.0, -1.0]), None, GPS(-43.520600, 172.583000, 15.000000, var=[-1, -1, -1]), GPS(-43.520600, 172.583000, 26.445840, var=[1.0, 1.0, 1.0]), 0.0, OFFBOARD
20:06:26:772612, [4, 4, 4, 4]3, None, GPS(-43.520600, 172.583000, 0.000000, var=[-1.0, -1.0, -1.0]), GPS(-43.520600, 172.583000, 0.000000, var=[-1.0, -1.0, -1.0]), None, GPS(-43.520600, 172.583000, 15.000000, var=[-1, -1, -1]), GPS(-43.520600, 172.583000, 26.451840, var=[1.0, 1.0, 1.0]), 0.0, OFFBOARD
20:06:27:772500, [4, 4, 4, 4]3, None, GPS(-43.520600, 172.583000, 0.000000, var=[-1.0, -1.0, -1.0]), GPS(-43.520600, 172.583000, 0.000000, var=[-1.0, -1.0, -1.0]), None, GPS(-43.520600, 172.583000, 15.000000, var=[-1, -1, -1]), GPS(-43.520600, 172.583000, 26.480840, var=[1.0, 1.0, 1.0]), 0.0, OFFBOARD
20:06:27:805666, [4, 4, 4, 4]3, None, GPS(-43.520600, 172.583000, 0.000000, var=[-1.0, -1.0, -1.0]), GPS(-43.520600, 172.583000, 0.000000, var=[-1.0, -1.0, -1.0]), None, GPS(-43.520600, 172.583000, 15.000000, var=[-1, -1, -1]), GPS(-43.520600, 172.583000, 26.480840, var=[1.0, 1.0, 1.0]), 0.0, OFFBOARD
20:06:28:809958, [4, 4, 4, 4]3, None, GPS(-43.520600, 172.583000, 0.000000, var=[-1.0, -1.0, -1.0]), GPS(-43.520600, 172.583000, 0.000000, var=[-1.0, -1.0, -1.0]), None, GPS(-43.520600, 172.583000, 15.000000, var=[-1, -1, -1]), GPS(-43.520600, 172.583000, 26.485840, var=[1.0, 1.0, 1.0]), 0.0, OFFBOARD
20:06:29:807986, [4, 4, 4, 4]3, None, GPS(-43.520600, 172.583000, 0.000000, var=[-1.0, -1.0, -1.0]), GPS(-43.520600, 172.583000, 0.000000, var=[-1.0, -1.0, -1.0]), None, GPS(-43.520600, 172.583000, 15.000000, var=[-1, -1, -1]), GPS(-43.520600, 172.583001, 26.493840, var=[1.0, 1.0, 1.0]), 0.0, OFFBOARD
20:06:29:837675, [4, 4, 4, 4]3, None, GPS(-43.520600, 172.583000, 0.000000, var=[-1.0, -1.0, -1.0]), GPS(-43.520600, 172.583000, 0.000000, var=[-1.0, -1.0, -1.0]), None, GPS(-43.520600, 172.583000, 15.000000, var=[-1, -1, -1]), GPS(-43.520600, 172.583001, 26.493840, var=[1.0, 1.0, 1.0]), 0.0, OFFBOARD
20:06:30:838276, [4, 4, 4, 4]3, None, GPS(-43.520600, 172.583000, 0.000000, var=[-1.0, -1.0, -1.0]), GPS(-43.520600, 172.583010, 0.000000, var=[-1.0, -1.0, -1.0]), None, GPS(-43.520600, 172.583000, 15.000000, var=[-1, -1, -1]), GPS(-43.520600, 172.583001, 26.493839, var=[1.0, 1.0, 1.0]), 0.8063042509277437, OFFBOARD
20:06:30:841007, [4, 4, 4, 4]3, None, GPS(-43.520600, 172.583000, 0.000000, var=[-1.0, -1.0, -1.0]), GPS(-43.520600, 172.583010, 0.000000, var=[-1.0, -1.0, -1.0]), None, GPS(-43.520600, 172.583000, 15.000000, var=[-1, -1, -1]), GPS(-43.520600, 172.583001, 26.493839, var=[1.0, 1.0, 1.0]), 0.8063042509277437, OFFBOARD
20:06:31:842914, [4, 4, 4, 4]3, None, GPS(-43.520600, 172.583000, 0.000000, var=[-1.0, -1.0, -1.0]), GPS(-43.520600, 172.583010, 0.000000, var=[-1.0, -1.0, -1.0]), None, GPS(-43.520600, 172.583000, 15.000000, var=[-1, -1, -1]), GPS(-43.520600, 172.583001, 26.481839, var=[1.0, 1.0, 1.0]), 0.8063042509277437, OFFBOARD
20:06:32:840989, [4, 4, 4, 4]3, None, GPS(-43.520600, 172.583000, 0.000000, var=[-1.0, -1.0, -1.0]), GPS(-43.520600, 172.583020, 0.000000, var=[-1.0, -1.0, -1.0]), None, GPS(-43.520600, 172.583000, 15.000000, var=[-1, -1, -1]), GPS(-43.520600, 172.583000, 26.468840, var=[1.0, 1.0, 1.0]), 1.6126085039070832, OFFBOARD
20:06:32:868984, [4, 4, 4, 4]3, None, GPS(-43.520600, 172.583000, 0.000000, var=[-1.0, -1.0, -1.0]), GPS(-43.520600, 172.583020, 0.000000, var=[-1.0, -1.0, -1.0]), None, GPS(-43.520600, 172.583000, 15.000000, var=[-1, -1, -1]), GPS(-43.520600, 172.583000, 26.467840, var=[1.0, 1.0, 1.0]), 1.6126085039070832, OFFBOARD
20:06:33:868993, [4, 4, 4, 4]3, None, GPS(-43.520600, 172.583000, 0.000000, var=[-1.0, -1.0, -1.0]), GPS(-43.520600, 172.583030, 0.000000, var=[-1.0, -1.0, -1.0]), None, GPS(-43.520600, 172.583000, 15.000000, var=[-1, -1, -1]), GPS(-43.520600, 172.583000, 26.449840, var=[1.0, 1.0, 1.0]), 2.4189127548348273, OFFBOARD
20:06:33:908248, [4, 4, 4, 4]3, None, GPS(-43.520600, 172.583000, 0.000000, var=[-1.0, -1.0, -1.0]), GPS(-43.520600, 172.583030, 0.000000, var=[-1.0, -1.0, -1.0]), None, GPS(-43.520600, 172.583000, 15.000000, var=[-1, -1, -1]), GPS(-43.520600, 172.583000, 26.449840, var=[1.0, 1.0, 1.0]), 2.4189127548348273, OFFBOARD
20:06:34:910079, [4, 4, 4, 4]3, None, GPS(-43.520600, 172.583000, 0.000000, var=[-1.0, -1.0, -1.0]), GPS(-43.520602, 172.583040, 0.000000, var=[-1.0, -1.0, -1.0]), None, GPS(-43.520600, 172.583000, 15.000000, var=[-1, -1, -1]), GPS(-43.520600, 172.583000, 26.444840, var=[1.0, 1.0, 1.0]), 3.232875136667853, OFFBOARD
20:06:34:914853, [4, 4, 4, 4]4, None, GPS(-43.520600, 172.583000, 0.000000, var=[-1.0, -1.0, -1.0]), GPS(-43.520602, 172.583040, 0.000000, var=[-1.0, -1.0, -1.0]), None, GPS(-43.520600, 172.583000, 15.000000, var=[-1, -1, -1]), GPS(-43.520600, 172.583000, 26.444840, var=[1.0, 1.0, 1.0]), 3.232875136667853, OFFBOARD
20:06:36:099110, [4, 4, 4, 4]5, [-0.5438452   0.14930306 -0.02070982], GPS(-43.520601, 172.583033, -0.020710, var=[0.24903223129927854, 0.24941064611123825, 0.07121544496987788]), GPS(-43.520600, 172.583060, 0.000000, var=[-1.0, -1.0, -1.0]), [-2.73525145  0.24418414 26.45527709], GPS(-43.520601, 172.583033, 14.979290, var=[-1, -1, -1]), GPS(-43.520600, 172.583011, 26.441842, var=[1.0, 1.0, 1.0]), 2.157791273322, OFFBOARD
20:06:36:912806, [4, 4, 4, 5]5, [ 0.13568499  0.6612389  -0.21905999], GPS(-43.520596, 172.583042, -0.219060, var=[0.2703618388448832, 0.2574673040811163, 0.06675526562907717]), GPS(-43.520600, 172.583070, 0.000000, var=[-1.0, -1.0, -1.0]), [-1.52179561  0.1768394  26.48626546], GPS(-43.520596, 172.583042, 14.780940, var=[-1, -1, -1]), GPS(-43.520599, 172.583026, 26.413846, var=[1.0, 1.0, 1.0]), 2.335316919323864, OFFBOARD
20:06:37:106146, [4, 4, 5, 5]5, [ 0.42159096  0.65678148 -0.20810282], GPS(-43.520596, 172.583045, -0.208103, var=[0.2460200334692221, 0.235219803730642, 0.05942948804537852]), GPS(-43.520600, 172.583070, 0.000000, var=[-1.0, -1.0, -1.0]), [-1.23674226  0.24579618 26.46754316], GPS(-43.520596, 172.583045, 14.791897, var=[-1, -1, -1]), GPS(-43.520599, 172.583029, 26.412847, var=[1.0, 1.0, 1.0]), 2.054579617216994, OFFBOARD
20:06:38:159641, [5, 4, 5, 5]5, [ 2.57231971  0.95721286 -0.11986317], GPS(-43.520593, 172.583072, -0.119863, var=[0.1109329113978389, 0.15896298791144842, 0.03796695942872866]), GPS(-43.520605, 172.583080, 0.000000, var=[-1.0, -1.0, -1.0]), [ 0.18921773  0.42729011 26.51199576], GPS(-43.520593, 172.583072, 14.880137, var=[-1, -1, -1]), GPS(-43.520596, 172.583047, 26.399855, var=[1.0, 1.0, 1.0]), 1.4514821814852499, OFFBOARD
20:06:38:472767, [5, 4, 5, 5]5, [ 3.02186991  0.91294269 -0.10696365], GPS(-43.520594, 172.583077, -0.106964, var=[0.10044983957452631, 0.13346555283062708, 0.031763703521197055]), GPS(-43.520610, 172.583090, 0.000000, var=[-1.0, -1.0, -1.0]), [ 0.62717866  0.48120496 26.43877622], GPS(-43.520594, 172.583077, 14.893036, var=[-1, -1, -1]), GPS(-43.520595, 172.583053, 26.395858, var=[1.0, 1.0, 1.0]), 2.0687799903747335, OFFBOARD
20:06:39:155374, [5, 4, 5, 5]5, [ 3.78661789e+00  9.80226540e-01 -3.38460636e-03], GPS(-43.520593, 172.583087, -0.003385, var=[0.10559865510688637, 0.12936413590421608, 0.030811901724908088]), GPS(-43.520610, 172.583100, 0.000000, var=[-1.0, -1.0, -1.0]), [ 1.50199122  0.56901143 26.31339214], GPS(-43.520593, 172.583087, 14.996615, var=[-1, -1, -1]), GPS(-43.520594, 172.583067, 26.390863, var=[1.0, 1.0, 1.0]), 2.1450286963995264, OFFBOARD
20:06:39:494605, [5, 5, 5, 5]5, [4.20197131e+00 8.02312392e-01 1.38178612e-03], GPS(-43.520595, 172.583092, 0.001382, var=[0.09576886216389266, 0.11120288125832306, 0.02672492691141618]), GPS(-43.520610, 172.583100, 0.000000, var=[-1.0, -1.0, -1.0]), [ 2.00620502  0.64414235 26.27143303], GPS(-43.520595, 172.583092, 15.001382, var=[-1, -1, -1]), GPS(-43.520593, 172.583071, 26.384865, var=[1.0, 1.0, 1.0]), 1.80741319985941, OFFBOARD
20:06:40:259412, [5, 5, 5, 5]5, [4.86308732 0.16645291 0.03396812], GPS(-43.520601, 172.583100, 0.033968, var=[0.08950205831250886, 0.09440574584434977, 0.02449779666695854]), GPS(-43.520610, 172.583110, 0.000000, var=[-1.0, -1.0, -1.0]), [ 3.00963958  0.78702225 26.31730432], GPS(-43.520601, 172.583100, 15.033968, var=[-1, -1, -1]), GPS(-43.520593, 172.583085, 26.377867, var=[1.0, 1.0, 1.0]), 1.3139036548028693, OFFBOARD
20:06:40:554934, [5, 5, 5, 5]5, [ 4.93108136 -0.01664136  0.02951783], GPS(-43.520602, 172.583101, 0.029518, var=[0.07627290355911909, 0.08066840112177048, 0.02158684597787752]), GPS(-43.520610, 172.583110, 0.000000, var=[-1.0, -1.0, -1.0]), [ 3.4280535   0.73767364 26.32488272], GPS(-43.520602, 172.583101, 15.029518, var=[-1, -1, -1]), GPS(-43.520594, 172.583089, 26.375867, var=[1.0, 1.0, 1.0]), 1.127517148781224, OFFBOARD
20:06:41:596226, [5, 5, 5, 5]5, [ 5.80955432 -1.01228273  0.15006653], GPS(-43.520611, 172.583112, 0.150067, var=[0.06440153720521655, 0.06852246724257685, 0.01908572005721374]), GPS(-43.520611, 172.583110, 0.000000, var=[-1.0, -1.0, -1.0]), [ 4.83431301  0.72742812 26.4383554 ], GPS(-43.520611, 172.583112, 15.150067, var=[-1, -1, -1]), GPS(-43.520600, 172.583102, 26.380860, var=[1.0, 1.0, 1.0]), 0.2236475008255112, OFFBOARD
20:06:41:855493, [5, 5, 5, 5]5, [ 5.69714208 -1.47181836  0.13883251], GPS(-43.520615, 172.583111, 0.138833, var=[0.0571755283821411, 0.060928045117655615, 0.01708802065514943]), GPS(-43.520611, 172.583110, 0.000000, var=[-1.0, -1.0, -1.0]), [ 5.19380443  0.65888592 26.51384851], GPS(-43.520615, 172.583111, 15.138833, var=[-1, -1, -1]), GPS(-43.520602, 172.583105, 26.374858, var=[1.0, 1.0, 1.0]), 0.49394949535818566, OFFBOARD
20:06:42:803466, [5, 5, 5, 5]5, [ 5.95419752 -1.81636239  0.20231862], GPS(-43.520618, 172.583114, 0.202319, var=[0.053121774640709975, 0.05940828383356094, 0.016303329933966163]), GPS(-43.520610, 172.583120, 0.000000, var=[-1.0, -1.0, -1.0]), [ 6.18528492  0.34267224 26.60508201], GPS(-43.520618, 172.583114, 15.202319, var=[-1, -1, -1]), GPS(-43.520611, 172.583111, 26.376845, var=[1.0, 1.0, 1.0]), 1.0705825202328452, OFFBOARD
20:06:43:147864, [5, 5, 5, 5]5, [ 6.11322292 -1.86088705  0.21794334], GPS(-43.520619, 172.583116, 0.217943, var=[0.05025413111837098, 0.0553961326620653, 0.01512096637820106]), GPS(-43.520610, 172.583120, 0.000000, var=[-1.0, -1.0, -1.0]), [ 6.47660631  0.15478796 26.58934566], GPS(-43.520619, 172.583116, 15.217943, var=[-1, -1, -1]), GPS(-43.520614, 172.583113, 26.375840, var=[1.0, 1.0, 1.0]), 1.0510412930309607, OFFBOARD
20:06:43:653044, [5, 5, 5, 5]5, [ 6.24046161 -1.69932133  0.14791112], GPS(-43.520617, 172.583117, 0.147911, var=[0.05142699090661767, 0.05444318960151707, 0.015161039888076449]), GPS(-43.520610, 172.583130, 0.000000, var=[-1.0, -1.0, -1.0]), [ 6.9490079  -0.10162439 26.57310634], GPS(-43.520617, 172.583117, 15.147911, var=[-1, -1, -1]), GPS(-43.520617, 172.583114, 26.381835, var=[1.0, 1.0, 1.0]), 1.3078262170045556, OFFBOARD
STOP: 09/30/2021 20:06:44:432353
