START: 09/30/2021 20:05:07:295214
TIME,            RX_ID,          STATE,          TIMESTAMP,          SEQ_NO,          RX_COORDS,          RANGE_READING,          TARGET_COORDS,          
20:05:38:985442, 3, 1, 1632985538.9637659, 0, GPS(-43.520645, 172.582938, 21.467754, var=[1.0, 1.0, 1.0]), 37.6175041198309, GPS(-43.520600, 172.583000, 0.000000, var=[-1.0, -1.0, -1.0])
20:05:39:044800, 4, 1, 1632985539.0446076, 0, GPS(-43.520645, 172.583062, 21.465780, var=[1.0, 1.0, 1.0]), 37.60739707952306, GPS(-43.520600, 172.583000, 0.000000, var=[-1.0, -1.0, -1.0])
20:05:39:057600, 1, 1, 1632985539.0574293, 0, GPS(-43.520555, 172.582938, 21.460898, var=[1.0, 1.0, 1.0]), 37.596228165483375, GPS(-43.520600, 172.583000, 0.000000, var=[-1.0, -1.0, -1.0])
20:05:39:068475, 2, 1, 1632985539.0683274, 0, GPS(-43.520555, 172.583062, 21.463924, var=[1.0, 1.0, 1.0]), 37.59016068792029, GPS(-43.520600, 172.583000, 0.000000, var=[-1.0, -1.0, -1.0])
20:05:39:965879, 3, 1, 1632985539.9657483, 1, GPS(-43.520645, 172.582938, 21.463754, var=[1.0, 1.0, 1.0]), 49.07657232419415, GPS(-43.520600, 172.583000, 0.000000, var=[-1.0, -1.0, -1.0])
20:05:40:046627, 4, 1, 1632985540.0464878, 1, GPS(-43.520645, 172.583062, 21.443780, var=[1.0, 1.0, 1.0]), 49.04867180070306, GPS(-43.520600, 172.583000, 0.000000, var=[-1.0, -1.0, -1.0])
20:05:40:058871, 1, 1, 1632985540.0587223, 1, GPS(-43.520555, 172.582938, 21.452898, var=[1.0, 1.0, 1.0]), 49.05035859566057, GPS(-43.520600, 172.583000, 0.000000, var=[-1.0, -1.0, -1.0])
20:05:40:069233, 2, 1, 1632985540.069091, 1, GPS(-43.520555, 172.583062, 21.457924, var=[1.0, 1.0, 1.0]), 49.05334356918942, GPS(-43.520600, 172.583000, 0.000000, var=[-1.0, -1.0, -1.0])
20:05:40:564173, 4, 1, 1632985540.5640504, 2, GPS(-43.520645, 172.583062, 21.439780, var=[1.0, 1.0, 1.0]), 49.05047593741868, GPS(-43.520600, 172.583000, 0.000000, var=[-1.0, -1.0, -1.0])
20:05:40:564247, 2, 1, 1632985540.5640602, 2, GPS(-43.520555, 172.583062, 21.447924, var=[1.0, 1.0, 1.0]), 49.050122219200986, GPS(-43.520600, 172.583000, 0.000000, var=[-1.0, -1.0, -1.0])
20:05:40:564282, 1, 1, 1632985540.5640788, 2, GPS(-43.520555, 172.582938, 21.447898, var=[1.0, 1.0, 1.0]), 49.047641988669454, GPS(-43.520600, 172.583000, 0.000000, var=[-1.0, -1.0, -1.0])
20:05:40:564312, 3, 1, 1632985540.5640903, 2, GPS(-43.520645, 172.582938, 21.453754, var=[1.0, 1.0, 1.0]), 49.06731993029795, GPS(-43.520600, 172.583000, 0.000000, var=[-1.0, -1.0, -1.0])
20:05:41:564238, 1, 1, 1632985541.564092, 3, GPS(-43.520555, 172.582938, 21.441898, var=[1.0, 1.0, 1.0]), 49.03126573016878, GPS(-43.520600, 172.583000, 0.000000, var=[-1.0, -1.0, -1.0])
20:05:41:564792, 3, 1, 1632985541.5646868, 3, GPS(-43.520645, 172.582938, 21.436755, var=[1.0, 1.0, 1.0]), 49.02995682729973, GPS(-43.520600, 172.583000, 0.000000, var=[-1.0, -1.0, -1.0])
20:05:41:564893, 2, 1, 1632985541.5647886, 3, GPS(-43.520555, 172.583062, 21.423925, var=[1.0, 1.0, 1.0]), 49.02271793882842, GPS(-43.520600, 172.583000, 0.000000, var=[-1.0, -1.0, -1.0])
20:05:41:565195, 4, 1, 1632985541.5650988, 3, GPS(-43.520645, 172.583062, 21.431781, var=[1.0, 1.0, 1.0]), 49.025234090650144, GPS(-43.520600, 172.583000, 0.000000, var=[-1.0, -1.0, -1.0])
20:05:41:566717, 4, 1, 1632985541.5655391, 4, GPS(-43.520645, 172.583062, 21.431781, var=[1.0, 1.0, 1.0]), 49.025234090650144, GPS(-43.520600, 172.583000, 0.000000, var=[-1.0, -1.0, -1.0])
20:05:41:566781, 2, 1, 1632985541.565548, 4, GPS(-43.520555, 172.583062, 21.423925, var=[1.0, 1.0, 1.0]), 49.02271793882842, GPS(-43.520600, 172.583000, 0.000000, var=[-1.0, -1.0, -1.0])
20:05:41:566833, 3, 1, 1632985541.5655656, 4, GPS(-43.520645, 172.582938, 21.436755, var=[1.0, 1.0, 1.0]), 49.02995682729973, GPS(-43.520600, 172.583000, 0.000000, var=[-1.0, -1.0, -1.0])
20:05:41:566882, 1, 1, 1632985541.5655909, 4, GPS(-43.520555, 172.582938, 21.441898, var=[1.0, 1.0, 1.0]), 49.03126573016878, GPS(-43.520600, 172.583000, 0.000000, var=[-1.0, -1.0, -1.0])
20:05:42:565920, 2, 1, 1632985542.5657146, 5, GPS(-43.520555, 172.583062, 21.418925, var=[1.0, 1.0, 1.0]), 49.00460671776038, GPS(-43.520600, 172.583000, 0.000000, var=[-1.0, -1.0, -1.0])
20:05:42:566294, 1, 1, 1632985542.566123, 5, GPS(-43.520555, 172.582938, 21.438899, var=[1.0, 1.0, 1.0]), 49.019288393623924, GPS(-43.520600, 172.583000, 0.000000, var=[-1.0, -1.0, -1.0])
20:05:42:566392, 4, 1, 1632985542.566196, 5, GPS(-43.520645, 172.583062, 21.424781, var=[1.0, 1.0, 1.0]), 48.991532772767584, GPS(-43.520600, 172.583000, 0.000000, var=[-1.0, -1.0, -1.0])
20:05:42:566649, 3, 1, 1632985542.5664659, 5, GPS(-43.520645, 172.582938, 21.430755, var=[1.0, 1.0, 1.0]), 48.9978597648764, GPS(-43.520600, 172.583000, 0.000000, var=[-1.0, -1.0, -1.0])
20:05:42:568969, 3, 1, 1632985542.5669067, 6, GPS(-43.520645, 172.582938, 21.430755, var=[1.0, 1.0, 1.0]), 48.9978597648764, GPS(-43.520600, 172.583000, 0.000000, var=[-1.0, -1.0, -1.0])
20:05:42:569052, 4, 1, 1632985542.566853, 6, GPS(-43.520645, 172.583062, 21.424781, var=[1.0, 1.0, 1.0]), 48.991532772767584, GPS(-43.520600, 172.583000, 0.000000, var=[-1.0, -1.0, -1.0])
20:05:42:569116, 2, 1, 1632985542.5668778, 6, GPS(-43.520555, 172.583062, 21.418925, var=[1.0, 1.0, 1.0]), 49.00460671776038, GPS(-43.520600, 172.583000, 0.000000, var=[-1.0, -1.0, -1.0])
20:05:42:569193, 1, 1, 1632985542.5669286, 6, GPS(-43.520555, 172.582938, 21.438899, var=[1.0, 1.0, 1.0]), 49.019288393623924, GPS(-43.520600, 172.583000, 0.000000, var=[-1.0, -1.0, -1.0])
20:05:43:567621, 3, 1, 1632985543.5674815, 7, GPS(-43.520645, 172.582938, 21.431755, var=[1.0, 1.0, 1.0]), 48.9811312484003, GPS(-43.520600, 172.583000, 0.000000, var=[-1.0, -1.0, -1.0])
20:05:43:567729, 2, 1, 1632985543.5676374, 7, GPS(-43.520554, 172.583062, 21.430925, var=[1.0, 1.0, 1.0]), 49.012492873107306, GPS(-43.520600, 172.583000, 0.000000, var=[-1.0, -1.0, -1.0])
20:05:43:568330, 1, 1, 1632985543.5680957, 7, GPS(-43.520554, 172.582938, 21.438899, var=[1.0, 1.0, 1.0]), 49.01576910643557, GPS(-43.520600, 172.583000, 0.000000, var=[-1.0, -1.0, -1.0])
20:05:43:568983, 4, 1, 1632985543.5688868, 7, GPS(-43.520644, 172.583062, 21.424782, var=[1.0, 1.0, 1.0]), 48.972595006974586, GPS(-43.520600, 172.583000, 0.000000, var=[-1.0, -1.0, -1.0])
20:05:43:570235, 4, 1, 1632985543.5695086, 8, GPS(-43.520644, 172.583062, 21.424782, var=[1.0, 1.0, 1.0]), 48.972595006974586, GPS(-43.520600, 172.583000, 0.000000, var=[-1.0, -1.0, -1.0])
20:05:43:570275, 3, 1, 1632985543.5693963, 8, GPS(-43.520645, 172.582938, 21.431755, var=[1.0, 1.0, 1.0]), 48.9811312484003, GPS(-43.520600, 172.583000, 0.000000, var=[-1.0, -1.0, -1.0])
20:05:43:570306, 2, 1, 1632985543.5693967, 8, GPS(-43.520554, 172.583062, 21.430925, var=[1.0, 1.0, 1.0]), 49.012492873107306, GPS(-43.520600, 172.583000, 0.000000, var=[-1.0, -1.0, -1.0])
20:05:43:570334, 1, 1, 1632985543.5694163, 8, GPS(-43.520554, 172.582938, 21.438899, var=[1.0, 1.0, 1.0]), 49.01576910643557, GPS(-43.520600, 172.583000, 0.000000, var=[-1.0, -1.0, -1.0])
20:05:44:569592, 1, 1, 1632985544.569453, 9, GPS(-43.520554, 172.582938, 21.423900, var=[1.0, 1.0, 1.0]), 49.00811818457878, GPS(-43.520600, 172.583000, 0.000000, var=[-1.0, -1.0, -1.0])
20:05:44:569692, 2, 1, 1632985544.5696013, 9, GPS(-43.520554, 172.583062, 21.434926, var=[1.0, 1.0, 1.0]), 49.02466934735955, GPS(-43.520600, 172.583000, 0.000000, var=[-1.0, -1.0, -1.0])
20:05:44:569763, 3, 1, 1632985544.5696666, 9, GPS(-43.520644, 172.582938, 21.437756, var=[1.0, 1.0, 1.0]), 48.978591101854306, GPS(-43.520600, 172.583000, 0.000000, var=[-1.0, -1.0, -1.0])
20:05:44:570405, 3, 1, 1632985544.5703223, 10, GPS(-43.520644, 172.582938, 21.437756, var=[1.0, 1.0, 1.0]), 48.978591101854306, GPS(-43.520600, 172.583000, 0.000000, var=[-1.0, -1.0, -1.0])
20:05:44:570465, 2, 1, 1632985544.570323, 10, GPS(-43.520554, 172.583062, 21.434926, var=[1.0, 1.0, 1.0]), 49.02466934735955, GPS(-43.520600, 172.583000, 0.000000, var=[-1.0, -1.0, -1.0])
20:05:44:570505, 4, 1, 1632985544.5703142, 9, GPS(-43.520644, 172.583062, 21.415782, var=[1.0, 1.0, 1.0]), 48.95887473872343, GPS(-43.520600, 172.583000, 0.000000, var=[-1.0, -1.0, -1.0])
20:05:44:571613, 1, 1, 1632985544.5703402, 10, GPS(-43.520554, 172.582938, 21.423900, var=[1.0, 1.0, 1.0]), 49.00811818457878, GPS(-43.520600, 172.583000, 0.000000, var=[-1.0, -1.0, -1.0])
20:05:45:571009, 4, 1, 1632985545.5708585, 10, GPS(-43.520644, 172.583062, 21.402782, var=[1.0, 1.0, 1.0]), 48.94464302327059, GPS(-43.520600, 172.583000, 0.000000, var=[-1.0, -1.0, -1.0])
20:05:45:572368, 4, 1, 1632985545.5717347, 11, GPS(-43.520644, 172.583062, 21.402782, var=[1.0, 1.0, 1.0]), 48.94464302327059, GPS(-43.520600, 172.583000, 0.000000, var=[-1.0, -1.0, -1.0])
20:05:45:572446, 2, 1, 1632985545.5715868, 11, GPS(-43.520554, 172.583062, 21.434926, var=[1.0, 1.0, 1.0]), 49.033114569215044, GPS(-43.520600, 172.583000, 0.000000, var=[-1.0, -1.0, -1.0])
20:05:45:572513, 1, 1, 1632985545.5718594, 11, GPS(-43.520554, 172.582938, 21.427900, var=[1.0, 1.0, 1.0]), 49.01352750455704, GPS(-43.520600, 172.583000, 0.000000, var=[-1.0, -1.0, -1.0])
20:05:45:572568, 3, 1, 1632985545.5718625, 11, GPS(-43.520644, 172.582938, 21.437756, var=[1.0, 1.0, 1.0]), 48.97547710397957, GPS(-43.520600, 172.583000, 0.000000, var=[-1.0, -1.0, -1.0])
20:05:45:578906, 2, 1, 1632985545.5717437, 12, GPS(-43.520554, 172.583062, 21.434926, var=[1.0, 1.0, 1.0]), 49.033114569215044, GPS(-43.520600, 172.583000, 0.000000, var=[-1.0, -1.0, -1.0])
20:05:46:572046, 2, 1, 1632985546.57189, 13, GPS(-43.520554, 172.583062, 21.417926, var=[1.0, 1.0, 1.0]), 49.015091777507976, GPS(-43.520600, 172.583000, 0.000000, var=[-1.0, -1.0, -1.0])
20:05:46:572501, 2, 1, 1632985546.5724173, 14, GPS(-43.520554, 172.583062, 21.417926, var=[1.0, 1.0, 1.0]), 49.015091777507976, GPS(-43.520600, 172.583000, 0.000000, var=[-1.0, -1.0, -1.0])
20:05:46:572549, 4, 1, 1632985546.572411, 12, GPS(-43.520644, 172.583062, 21.400782, var=[1.0, 1.0, 1.0]), 48.93725667891282, GPS(-43.520600, 172.583000, 0.000000, var=[-1.0, -1.0, -1.0])
20:05:46:572583, 1, 1, 1632985546.5724583, 12, GPS(-43.520554, 172.582938, 21.427900, var=[1.0, 1.0, 1.0]), 49.01162263123493, GPS(-43.520600, 172.583000, 0.000000, var=[-1.0, -1.0, -1.0])
20:05:46:572643, 3, 1, 1632985546.5724354, 12, GPS(-43.520644, 172.582938, 21.426756, var=[1.0, 1.0, 1.0]), 48.96490738515501, GPS(-43.520600, 172.583000, 0.000000, var=[-1.0, -1.0, -1.0])
20:05:47:573250, 3, 1, 1632985547.5731213, 13, GPS(-43.520644, 172.582938, 21.424756, var=[1.0, 1.0, 1.0]), 48.973210975433574, GPS(-43.520600, 172.583000, 0.000000, var=[-1.0, -1.0, -1.0])
20:05:47:573623, 2, 1, 1632985547.573506, 15, GPS(-43.520554, 172.583062, 21.410926, var=[1.0, 1.0, 1.0]), 49.012662030611814, GPS(-43.520600, 172.583000, 0.000000, var=[-1.0, -1.0, -1.0])
20:05:47:573911, 1, 1, 1632985547.5737526, 13, GPS(-43.520554, 172.582938, 21.421900, var=[1.0, 1.0, 1.0]), 49.013715786408, GPS(-43.520600, 172.583000, 0.000000, var=[-1.0, -1.0, -1.0])
20:05:47:574085, 4, 1, 1632985547.5739756, 13, GPS(-43.520644, 172.583062, 21.401782, var=[1.0, 1.0, 1.0]), 48.94179237047017, GPS(-43.520600, 172.583000, 0.000000, var=[-1.0, -1.0, -1.0])
20:05:47:575260, 4, 1, 1632985547.5743442, 14, GPS(-43.520644, 172.583062, 21.401782, var=[1.0, 1.0, 1.0]), 48.94179237047017, GPS(-43.520600, 172.583000, 0.000000, var=[-1.0, -1.0, -1.0])
20:05:47:575302, 2, 1, 1632985547.5743566, 16, GPS(-43.520554, 172.583062, 21.411926, var=[1.0, 1.0, 1.0]), 49.01361015153765, GPS(-43.520600, 172.583000, 0.000000, var=[-1.0, -1.0, -1.0])
20:05:47:575334, 3, 1, 1632985547.574363, 14, GPS(-43.520644, 172.582938, 21.424756, var=[1.0, 1.0, 1.0]), 48.973210975433574, GPS(-43.520600, 172.583000, 0.000000, var=[-1.0, -1.0, -1.0])
20:05:47:575362, 1, 1, 1632985547.574381, 14, GPS(-43.520554, 172.582938, 21.421900, var=[1.0, 1.0, 1.0]), 49.013715786408, GPS(-43.520600, 172.583000, 0.000000, var=[-1.0, -1.0, -1.0])
20:05:48:575295, 1, 1, 1632985548.57516, 15, GPS(-43.520554, 172.582938, 21.410900, var=[1.0, 1.0, 1.0]), 48.997750787119614, GPS(-43.520600, 172.583000, 0.000000, var=[-1.0, -1.0, -1.0])
20:05:48:575386, 3, 1, 1632985548.5752108, 15, GPS(-43.520644, 172.582938, 21.414756, var=[1.0, 1.0, 1.0]), 48.95386322314572, GPS(-43.520600, 172.583000, 0.000000, var=[-1.0, -1.0, -1.0])
20:05:48:575458, 4, 1, 1632985548.5753603, 15, GPS(-43.520644, 172.583062, 21.406782, var=[1.0, 1.0, 1.0]), 48.94207797012151, GPS(-43.520600, 172.583000, 0.000000, var=[-1.0, -1.0, -1.0])
20:05:48:576696, 2, 1, 1632985548.5753622, 17, GPS(-43.520554, 172.583062, 21.397926, var=[1.0, 1.0, 1.0]), 48.98976040414344, GPS(-43.520600, 172.583000, 0.000000, var=[-1.0, -1.0, -1.0])
20:05:48:576732, 1, 1, 1632985548.575389, 16, GPS(-43.520554, 172.582938, 21.410900, var=[1.0, 1.0, 1.0]), 48.997750787119614, GPS(-43.520600, 172.583000, 0.000000, var=[-1.0, -1.0, -1.0])
20:05:48:576762, 3, 1, 1632985548.5753663, 16, GPS(-43.520644, 172.582938, 21.414756, var=[1.0, 1.0, 1.0]), 48.95386322314572, GPS(-43.520600, 172.583000, 0.000000, var=[-1.0, -1.0, -1.0])
20:05:49:575673, 3, 1, 1632985549.5755405, 17, GPS(-43.520644, 172.582938, 21.409756, var=[1.0, 1.0, 1.0]), 48.94427287296429, GPS(-43.520600, 172.583000, 0.000000, var=[-1.0, -1.0, -1.0])
20:05:49:576467, 2, 1, 1632985549.5761921, 18, GPS(-43.520554, 172.583062, 21.407926, var=[1.0, 1.0, 1.0]), 48.999785409044165, GPS(-43.520600, 172.583000, 0.000000, var=[-1.0, -1.0, -1.0])
20:05:49:576883, 4, 1, 1632985549.576775, 16, GPS(-43.520644, 172.583062, 21.409782, var=[1.0, 1.0, 1.0]), 48.950304998442476, GPS(-43.520600, 172.583000, 0.000000, var=[-1.0, -1.0, -1.0])
20:05:49:578489, 3, 1, 1632985549.576797, 18, GPS(-43.520644, 172.582938, 21.409756, var=[1.0, 1.0, 1.0]), 48.94427287296429, GPS(-43.520600, 172.583000, 0.000000, var=[-1.0, -1.0, -1.0])
20:05:49:578536, 2, 1, 1632985549.5768673, 19, GPS(-43.520554, 172.583062, 21.407926, var=[1.0, 1.0, 1.0]), 48.999785409044165, GPS(-43.520600, 172.583000, 0.000000, var=[-1.0, -1.0, -1.0])
20:05:49:578568, 1, 1, 1632985549.5767682, 17, GPS(-43.520554, 172.582938, 21.396900, var=[1.0, 1.0, 1.0]), 48.9857430625424, GPS(-43.520600, 172.583000, 0.000000, var=[-1.0, -1.0, -1.0])
20:05:49:578598, 1, 1, 1632985549.5771163, 18, GPS(-43.520554, 172.582938, 21.396900, var=[1.0, 1.0, 1.0]), 48.9857430625424, GPS(-43.520600, 172.583000, 0.000000, var=[-1.0, -1.0, -1.0])
20:05:50:577095, 2, 1, 1632985550.576954, 20, GPS(-43.520554, 172.583063, 21.404926, var=[1.0, 1.0, 1.0]), 48.981217660295414, GPS(-43.520600, 172.583000, 0.000000, var=[-1.0, -1.0, -1.0])
20:05:50:577910, 1, 1, 1632985550.577801, 19, GPS(-43.520554, 172.582938, 21.392900, var=[1.0, 1.0, 1.0]), 48.960847461974595, GPS(-43.520600, 172.583000, 0.000000, var=[-1.0, -1.0, -1.0])
20:05:50:577968, 3, 1, 1632985550.5778713, 19, GPS(-43.520644, 172.582938, 21.396756, var=[1.0, 1.0, 1.0]), 48.918711839325695, GPS(-43.520600, 172.583000, 0.000000, var=[-1.0, -1.0, -1.0])
20:05:50:578287, 4, 1, 1632985550.5781593, 17, GPS(-43.520644, 172.583062, 21.404782, var=[1.0, 1.0, 1.0]), 48.93477629503896, GPS(-43.520600, 172.583000, 0.000000, var=[-1.0, -1.0, -1.0])
20:05:50:579892, 4, 1, 1632985550.578652, 18, GPS(-43.520644, 172.583062, 21.404782, var=[1.0, 1.0, 1.0]), 48.93477629503896, GPS(-43.520600, 172.583000, 0.000000, var=[-1.0, -1.0, -1.0])
20:05:50:580787, 1, 1, 1632985550.578687, 20, GPS(-43.520554, 172.582938, 21.392900, var=[1.0, 1.0, 1.0]), 48.960847461974595, GPS(-43.520600, 172.583000, 0.000000, var=[-1.0, -1.0, -1.0])
20:05:50:580823, 2, 1, 1632985550.5787144, 21, GPS(-43.520554, 172.583063, 21.404926, var=[1.0, 1.0, 1.0]), 48.981217660295414, GPS(-43.520600, 172.583000, 0.000000, var=[-1.0, -1.0, -1.0])
20:05:50:580852, 3, 1, 1632985550.5788414, 20, GPS(-43.520644, 172.582938, 21.396756, var=[1.0, 1.0, 1.0]), 48.918711839325695, GPS(-43.520600, 172.583000, 0.000000, var=[-1.0, -1.0, -1.0])
20:05:51:579006, 1, 1, 1632985551.5788617, 21, GPS(-43.520554, 172.582938, 21.402900, var=[1.0, 1.0, 1.0]), 48.95651460040969, GPS(-43.520600, 172.583000, 0.000000, var=[-1.0, -1.0, -1.0])
20:05:51:579608, 2, 1, 1632985551.5795066, 22, GPS(-43.520554, 172.583063, 21.416926, var=[1.0, 1.0, 1.0]), 48.985593713100236, GPS(-43.520600, 172.583000, 0.000000, var=[-1.0, -1.0, -1.0])
20:05:51:579970, 4, 2, 1632985551.5798736, 19, GPS(-43.520644, 172.583062, 21.395782, var=[1.0, 1.0, 1.0]), 48.919225039087195, GPS(-43.520600, 172.583000, 0.000000, var=[-1.0, -1.0, -1.0])
20:05:51:581621, 4, 2, 1632985551.5800192, 20, GPS(-43.520644, 172.583062, 21.395782, var=[1.0, 1.0, 1.0]), 48.919225039087195, GPS(-43.520600, 172.583000, 0.000000, var=[-1.0, -1.0, -1.0])
20:05:51:582848, 3, 1, 1632985551.5799725, 21, GPS(-43.520644, 172.582938, 21.402756, var=[1.0, 1.0, 1.0]), 48.916245671369275, GPS(-43.520600, 172.583000, 0.000000, var=[-1.0, -1.0, -1.0])
20:05:51:582900, 1, 1, 1632985551.5800092, 22, GPS(-43.520554, 172.582938, 21.402900, var=[1.0, 1.0, 1.0]), 48.95651460040969, GPS(-43.520600, 172.583000, 0.000000, var=[-1.0, -1.0, -1.0])
20:05:51:582946, 2, 1, 1632985551.5802116, 23, GPS(-43.520554, 172.583063, 21.416926, var=[1.0, 1.0, 1.0]), 48.985593713100236, GPS(-43.520600, 172.583000, 0.000000, var=[-1.0, -1.0, -1.0])
20:05:51:582988, 3, 1, 1632985551.5801084, 22, GPS(-43.520644, 172.582938, 21.402756, var=[1.0, 1.0, 1.0]), 48.916245671369275, GPS(-43.520600, 172.583000, 0.000000, var=[-1.0, -1.0, -1.0])
20:05:52:581519, 2, 1, 1632985552.581382, 24, GPS(-43.520554, 172.583063, 21.416926, var=[1.0, 1.0, 1.0]), 48.99064329271569, GPS(-43.520600, 172.583000, 0.000000, var=[-1.0, -1.0, -1.0])
20:05:52:583326, 2, 1, 1632985552.5817108, 25, GPS(-43.520554, 172.583063, 21.416926, var=[1.0, 1.0, 1.0]), 48.99064329271569, GPS(-43.520600, 172.583000, 0.000000, var=[-1.0, -1.0, -1.0])
20:05:52:583441, 4, 2, 1632985552.5817153, 21, GPS(-43.520644, 172.583063, 21.403782, var=[1.0, 1.0, 1.0]), 48.93367667254935, GPS(-43.520600, 172.583000, 0.000000, var=[-1.0, -1.0, -1.0])
20:05:52:584533, 1, 2, 1632985552.581756, 23, GPS(-43.520554, 172.582938, 21.414900, var=[1.0, 1.0, 1.0]), 48.96938888799818, GPS(-43.520600, 172.583000, 0.000000, var=[-1.0, -1.0, -1.0])
20:05:52:584592, 3, 1, 1632985552.5821705, 23, GPS(-43.520644, 172.582938, 21.406756, var=[1.0, 1.0, 1.0]), 48.92216446850583, GPS(-43.520600, 172.583000, 0.000000, var=[-1.0, -1.0, -1.0])
20:05:53:581908, 1, 2, 1632985553.5817564, 24, GPS(-43.520554, 172.582938, 21.414900, var=[1.0, 1.0, 1.0]), 48.97056813218893, GPS(-43.520600, 172.583000, 0.000000, var=[-1.0, -1.0, -1.0])
20:05:53:582951, 4, 2, 1632985553.5828173, 22, GPS(-43.520644, 172.583062, 21.403782, var=[1.0, 1.0, 1.0]), 48.93725812741364, GPS(-43.520600, 172.583000, 0.000000, var=[-1.0, -1.0, -1.0])
20:05:53:584349, 3, 1, 1632985553.5841217, 24, GPS(-43.520644, 172.582938, 21.409756, var=[1.0, 1.0, 1.0]), 48.92554784543563, GPS(-43.520600, 172.583000, 0.000000, var=[-1.0, -1.0, -1.0])
20:05:53:584391, 2, 1, 1632985553.5828607, 26, GPS(-43.520554, 172.583063, 21.416926, var=[1.0, 1.0, 1.0]), 48.993598621614204, GPS(-43.520600, 172.583000, 0.000000, var=[-1.0, -1.0, -1.0])
20:05:53:613696, 1, 2, 1632985553.6134627, 25, GPS(-43.520554, 172.582938, 21.414900, var=[1.0, 1.0, 1.0]), 48.9836274657079, GPS(-43.520600, 172.583000, 0.000000, var=[-1.0, -1.0, -1.0])
20:05:53:613795, 3, 1, 1632985553.6135728, 25, GPS(-43.520644, 172.582938, 21.409756, var=[1.0, 1.0, 1.0]), 48.94281316630624, GPS(-43.520600, 172.583000, 0.000000, var=[-1.0, -1.0, -1.0])
20:05:53:617725, 4, 2, 1632985553.617611, 23, GPS(-43.520644, 172.583062, 21.404782, var=[1.0, 1.0, 1.0]), 48.95126738189023, GPS(-43.520600, 172.583000, 0.000000, var=[-1.0, -1.0, -1.0])
20:05:53:619298, 2, 1, 1632985553.6182766, 27, GPS(-43.520554, 172.583063, 21.416926, var=[1.0, 1.0, 1.0]), 49.00665795513318, GPS(-43.520600, 172.583000, 0.000000, var=[-1.0, -1.0, -1.0])
20:05:54:615203, 1, 2, 1632985554.615042, 26, GPS(-43.520554, 172.582939, 21.403900, var=[1.0, 1.0, 1.0]), 48.9714144653732, GPS(-43.520600, 172.583000, 0.000000, var=[-1.0, -1.0, -1.0])
20:05:54:615785, 3, 1, 1632985554.615634, 26, GPS(-43.520644, 172.582938, 21.408756, var=[1.0, 1.0, 1.0]), 48.94186266795604, GPS(-43.520600, 172.583000, 0.000000, var=[-1.0, -1.0, -1.0])
20:05:54:618618, 2, 1, 1632985554.6185203, 28, GPS(-43.520554, 172.583063, 21.411926, var=[1.0, 1.0, 1.0]), 48.999401366590206, GPS(-43.520600, 172.583000, 0.000000, var=[-1.0, -1.0, -1.0])
20:05:54:619556, 3, 1, 1632985554.6194494, 27, GPS(-43.520644, 172.582938, 21.408756, var=[1.0, 1.0, 1.0]), 48.94186266795604, GPS(-43.520600, 172.583000, 0.000000, var=[-1.0, -1.0, -1.0])
20:05:54:619627, 1, 2, 1632985554.6194844, 27, GPS(-43.520554, 172.582939, 21.403900, var=[1.0, 1.0, 1.0]), 48.9714144653732, GPS(-43.520600, 172.583000, 0.000000, var=[-1.0, -1.0, -1.0])
20:05:54:619686, 2, 1, 1632985554.6195953, 29, GPS(-43.520554, 172.583063, 21.411926, var=[1.0, 1.0, 1.0]), 48.999401366590206, GPS(-43.520600, 172.583000, 0.000000, var=[-1.0, -1.0, -1.0])
20:05:54:619787, 4, 2, 1632985554.6196811, 24, GPS(-43.520644, 172.583063, 21.412782, var=[1.0, 1.0, 1.0]), 48.96066805089728, GPS(-43.520600, 172.583000, 0.000000, var=[-1.0, -1.0, -1.0])
20:05:55:619963, 1, 2, 1632985555.6197693, 28, GPS(-43.520554, 172.582938, 21.413900, var=[1.0, 1.0, 1.0]), 48.97063393170248, GPS(-43.520600, 172.583000, 0.000000, var=[-1.0, -1.0, -1.0])
20:05:55:620170, 4, 2, 1632985555.6200492, 25, GPS(-43.520644, 172.583063, 21.418782, var=[1.0, 1.0, 1.0]), 48.95612632209556, GPS(-43.520600, 172.583000, 0.000000, var=[-1.0, -1.0, -1.0])
20:05:55:621486, 4, 2, 1632985555.6209798, 26, GPS(-43.520644, 172.583063, 21.418782, var=[1.0, 1.0, 1.0]), 48.95612632209556, GPS(-43.520600, 172.583000, 0.000000, var=[-1.0, -1.0, -1.0])
20:05:55:623030, 2, 1, 1632985555.6208236, 30, GPS(-43.520554, 172.583063, 21.414926, var=[1.0, 1.0, 1.0]), 48.98769102803142, GPS(-43.520600, 172.583000, 0.000000, var=[-1.0, -1.0, -1.0])
20:05:55:623090, 3, 1, 1632985555.6210153, 28, GPS(-43.520644, 172.582938, 21.402756, var=[1.0, 1.0, 1.0]), 48.92476199264762, GPS(-43.520600, 172.583000, 0.000000, var=[-1.0, -1.0, -1.0])
20:05:55:623145, 1, 2, 1632985555.6210983, 29, GPS(-43.520554, 172.582938, 21.413900, var=[1.0, 1.0, 1.0]), 48.97063393170248, GPS(-43.520600, 172.583000, 0.000000, var=[-1.0, -1.0, -1.0])
20:05:55:623200, 2, 1, 1632985555.6209865, 31, GPS(-43.520554, 172.583063, 21.414926, var=[1.0, 1.0, 1.0]), 48.98769102803142, GPS(-43.520600, 172.583000, 0.000000, var=[-1.0, -1.0, -1.0])
20:05:56:621711, 4, 2, 1632985556.621541, 27, GPS(-43.520644, 172.583062, 21.431782, var=[1.0, 1.0, 1.0]), 48.965843490335075, GPS(-43.520600, 172.583000, 0.000000, var=[-1.0, -1.0, -1.0])
20:05:56:623596, 4, 2, 1632985556.6230798, 28, GPS(-43.520644, 172.583062, 21.431782, var=[1.0, 1.0, 1.0]), 48.965843490335075, GPS(-43.520600, 172.583000, 0.000000, var=[-1.0, -1.0, -1.0])
20:05:56:625517, 1, 2, 1632985556.6218863, 30, GPS(-43.520554, 172.582938, 21.419900, var=[1.0, 1.0, 1.0]), 48.9772991734451, GPS(-43.520600, 172.583000, 0.000000, var=[-1.0, -1.0, -1.0])
20:05:56:625589, 3, 2, 1632985556.621934, 29, GPS(-43.520644, 172.582938, 21.399756, var=[1.0, 1.0, 1.0]), 48.92466470330517, GPS(-43.520600, 172.583000, 0.000000, var=[-1.0, -1.0, -1.0])
20:05:56:625656, 2, 2, 1632985556.6219895, 32, GPS(-43.520554, 172.583063, 21.409925, var=[1.0, 1.0, 1.0]), 48.98141474489505, GPS(-43.520600, 172.583000, 0.000000, var=[-1.0, -1.0, -1.0])
20:05:56:625729, 2, 2, 1632985556.6231008, 33, GPS(-43.520554, 172.583063, 21.409925, var=[1.0, 1.0, 1.0]), 48.98141474489505, GPS(-43.520600, 172.583000, 0.000000, var=[-1.0, -1.0, -1.0])
20:05:56:625792, 1, 2, 1632985556.6231306, 31, GPS(-43.520554, 172.582938, 21.419900, var=[1.0, 1.0, 1.0]), 48.9772991734451, GPS(-43.520600, 172.583000, 0.000000, var=[-1.0, -1.0, -1.0])
20:05:56:625853, 3, 2, 1632985556.6231086, 30, GPS(-43.520644, 172.582938, 21.399756, var=[1.0, 1.0, 1.0]), 48.92466470330517, GPS(-43.520600, 172.583000, 0.000000, var=[-1.0, -1.0, -1.0])
20:05:57:623796, 4, 2, 1632985557.6236613, 29, GPS(-43.520644, 172.583062, 21.421781, var=[1.0, 1.0, 1.0]), 48.96131346949984, GPS(-43.520600, 172.583000, 0.000000, var=[-1.0, -1.0, -1.0])
20:05:57:625664, 2, 2, 1632985557.6236787, 34, GPS(-43.520554, 172.583063, 21.418925, var=[1.0, 1.0, 1.0]), 48.99787367150289, GPS(-43.520600, 172.583000, 0.000000, var=[-1.0, -1.0, -1.0])
20:05:57:625730, 3, 2, 1632985557.6236854, 31, GPS(-43.520644, 172.582938, 21.409756, var=[1.0, 1.0, 1.0]), 48.949887682370004, GPS(-43.520600, 172.583000, 0.000000, var=[-1.0, -1.0, -1.0])
20:05:57:625836, 1, 2, 1632985557.6237106, 32, GPS(-43.520554, 172.582938, 21.412900, var=[1.0, 1.0, 1.0]), 48.98748763758926, GPS(-43.520600, 172.583000, 0.000000, var=[-1.0, -1.0, -1.0])
20:05:58:624290, 1, 2, 1632985558.6240592, 33, GPS(-43.520554, 172.582938, 21.420899, var=[1.0, 1.0, 1.0]), 48.99103037784329, GPS(-43.520600, 172.583000, 0.000000, var=[-1.0, -1.0, -1.0])
20:05:58:624428, 4, 2, 1632985558.6240447, 30, GPS(-43.520644, 172.583062, 21.424781, var=[1.0, 1.0, 1.0]), 48.963334056251234, GPS(-43.520600, 172.583000, 0.000000, var=[-1.0, -1.0, -1.0])
20:05:58:626461, 2, 2, 1632985558.624205, 35, GPS(-43.520554, 172.583062, 21.431925, var=[1.0, 1.0, 1.0]), 49.003281736555, GPS(-43.520600, 172.583000, 0.000000, var=[-1.0, -1.0, -1.0])
20:05:58:626555, 3, 2, 1632985558.6242301, 32, GPS(-43.520644, 172.582938, 21.422755, var=[1.0, 1.0, 1.0]), 48.9685822567154, GPS(-43.520600, 172.583000, 0.000000, var=[-1.0, -1.0, -1.0])
20:05:58:626623, 1, 2, 1632985558.6258163, 34, GPS(-43.520554, 172.582938, 21.420899, var=[1.0, 1.0, 1.0]), 48.99103037784329, GPS(-43.520600, 172.583000, 0.000000, var=[-1.0, -1.0, -1.0])
20:05:58:626687, 4, 2, 1632985558.6257496, 31, GPS(-43.520644, 172.583062, 21.424781, var=[1.0, 1.0, 1.0]), 48.963334056251234, GPS(-43.520600, 172.583000, 0.000000, var=[-1.0, -1.0, -1.0])
20:05:58:628142, 2, 2, 1632985558.625769, 36, GPS(-43.520554, 172.583062, 21.431925, var=[1.0, 1.0, 1.0]), 49.003281736555, GPS(-43.520600, 172.583000, 0.000000, var=[-1.0, -1.0, -1.0])
20:05:58:628214, 3, 2, 1632985558.625788, 33, GPS(-43.520644, 172.582938, 21.422755, var=[1.0, 1.0, 1.0]), 48.9685822567154, GPS(-43.520600, 172.583000, 0.000000, var=[-1.0, -1.0, -1.0])
20:05:59:625978, 2, 2, 1632985559.6258519, 37, GPS(-43.520554, 172.583062, 21.453925, var=[1.0, 1.0, 1.0]), 49.03086687881646, GPS(-43.520600, 172.583000, 0.000000, var=[-1.0, -1.0, -1.0])
20:05:59:626628, 4, 2, 1632985559.62651, 32, GPS(-43.520645, 172.583062, 21.450781, var=[1.0, 1.0, 1.0]), 48.99713125327005, GPS(-43.520600, 172.583000, 0.000000, var=[-1.0, -1.0, -1.0])
20:05:59:627885, 2, 2, 1632985559.626524, 38, GPS(-43.520554, 172.583062, 21.453925, var=[1.0, 1.0, 1.0]), 49.03086687881646, GPS(-43.520600, 172.583000, 0.000000, var=[-1.0, -1.0, -1.0])
20:05:59:627928, 3, 2, 1632985559.6265328, 34, GPS(-43.520645, 172.582938, 21.436755, var=[1.0, 1.0, 1.0]), 48.990316458355466, GPS(-43.520600, 172.583000, 0.000000, var=[-1.0, -1.0, -1.0])
20:05:59:627964, 1, 2, 1632985559.626546, 35, GPS(-43.520555, 172.582938, 21.436899, var=[1.0, 1.0, 1.0]), 49.00723133548381, GPS(-43.520600, 172.583000, 0.000000, var=[-1.0, -1.0, -1.0])
20:06:00:627433, 2, 2, 1632985560.6272914, 39, GPS(-43.520554, 172.583062, 21.475925, var=[1.0, 1.0, 1.0]), 49.058983421968975, GPS(-43.520600, 172.583000, 0.000000, var=[-1.0, -1.0, -1.0])
20:06:00:627883, 4, 2, 1632985560.6277595, 33, GPS(-43.520645, 172.583062, 21.464781, var=[1.0, 1.0, 1.0]), 49.01767625530478, GPS(-43.520600, 172.583000, 0.000000, var=[-1.0, -1.0, -1.0])
20:06:00:629333, 4, 2, 1632985560.627959, 34, GPS(-43.520645, 172.583062, 21.464781, var=[1.0, 1.0, 1.0]), 49.01767625530478, GPS(-43.520600, 172.583000, 0.000000, var=[-1.0, -1.0, -1.0])
20:06:00:630688, 3, 2, 1632985560.6279738, 35, GPS(-43.520645, 172.582938, 21.463755, var=[1.0, 1.0, 1.0]), 49.02678313517422, GPS(-43.520600, 172.583000, 0.000000, var=[-1.0, -1.0, -1.0])
20:06:00:630730, 1, 2, 1632985560.6279867, 36, GPS(-43.520555, 172.582938, 21.464899, var=[1.0, 1.0, 1.0]), 49.04640778079885, GPS(-43.520600, 172.583000, 0.000000, var=[-1.0, -1.0, -1.0])
20:06:00:630766, 2, 2, 1632985560.6281638, 40, GPS(-43.520554, 172.583062, 21.475925, var=[1.0, 1.0, 1.0]), 49.058983421968975, GPS(-43.520600, 172.583000, 0.000000, var=[-1.0, -1.0, -1.0])
20:06:01:628747, 2, 2, 1632985561.6286232, 41, GPS(-43.520554, 172.583062, 21.471925, var=[1.0, 1.0, 1.0]), 49.077910920173636, GPS(-43.520600, 172.583000, 0.000000, var=[-1.0, -1.0, -1.0])
20:06:01:628815, 3, 2, 1632985561.6286113, 36, GPS(-43.520645, 172.582938, 21.474755, var=[1.0, 1.0, 1.0]), 49.05923586707772, GPS(-43.520600, 172.583000, 0.000000, var=[-1.0, -1.0, -1.0])
20:06:01:628911, 1, 2, 1632985561.6288211, 37, GPS(-43.520555, 172.582938, 21.474899, var=[1.0, 1.0, 1.0]), 49.079694367663016, GPS(-43.520600, 172.583000, 0.000000, var=[-1.0, -1.0, -1.0])
20:06:01:628952, 4, 2, 1632985561.6288302, 35, GPS(-43.520645, 172.583062, 21.462781, var=[1.0, 1.0, 1.0]), 49.040223331946066, GPS(-43.520600, 172.583000, 0.000000, var=[-1.0, -1.0, -1.0])
20:06:01:630534, 1, 2, 1632985561.629439, 38, GPS(-43.520555, 172.582938, 21.474899, var=[1.0, 1.0, 1.0]), 49.079694367663016, GPS(-43.520600, 172.583000, 0.000000, var=[-1.0, -1.0, -1.0])
20:06:01:630602, 4, 2, 1632985561.6293116, 36, GPS(-43.520645, 172.583062, 21.462781, var=[1.0, 1.0, 1.0]), 49.040223331946066, GPS(-43.520600, 172.583000, 0.000000, var=[-1.0, -1.0, -1.0])
20:06:01:631827, 2, 2, 1632985561.629329, 42, GPS(-43.520554, 172.583062, 21.471925, var=[1.0, 1.0, 1.0]), 49.077910920173636, GPS(-43.520600, 172.583000, 0.000000, var=[-1.0, -1.0, -1.0])
20:06:01:631885, 3, 2, 1632985561.6293426, 37, GPS(-43.520645, 172.582938, 21.474755, var=[1.0, 1.0, 1.0]), 49.05923586707772, GPS(-43.520600, 172.583000, 0.000000, var=[-1.0, -1.0, -1.0])
20:06:02:629496, 4, 3, 1632985562.6293209, 37, GPS(-43.520645, 172.583062, 21.471781, var=[1.0, 1.0, 1.0]), 49.06111704273422, GPS(-43.520600, 172.583000, 0.000000, var=[-1.0, -1.0, -1.0])
20:06:02:631057, 4, 3, 1632985562.6306703, 38, GPS(-43.520645, 172.583062, 21.471781, var=[1.0, 1.0, 1.0]), 49.06111704273422, GPS(-43.520600, 172.583000, 0.000000, var=[-1.0, -1.0, -1.0])
20:06:02:631112, 3, 2, 1632985562.6293874, 38, GPS(-43.520645, 172.582938, 21.465755, var=[1.0, 1.0, 1.0]), 49.0696864701105, GPS(-43.520600, 172.583000, 0.000000, var=[-1.0, -1.0, -1.0])
20:06:02:632148, 1, 2, 1632985562.63027, 39, GPS(-43.520554, 172.582938, 21.472899, var=[1.0, 1.0, 1.0]), 49.10176896376444, GPS(-43.520600, 172.583000, 0.000000, var=[-1.0, -1.0, -1.0])
20:06:02:632189, 2, 2, 1632985562.6306868, 43, GPS(-43.520554, 172.583062, 21.459925, var=[1.0, 1.0, 1.0]), 49.08480217191491, GPS(-43.520600, 172.583000, 0.000000, var=[-1.0, -1.0, -1.0])
20:06:02:632230, 1, 2, 1632985562.6306946, 40, GPS(-43.520554, 172.582938, 21.472899, var=[1.0, 1.0, 1.0]), 49.10176896376444, GPS(-43.520600, 172.583000, 0.000000, var=[-1.0, -1.0, -1.0])
20:06:02:632267, 3, 2, 1632985562.6306956, 39, GPS(-43.520645, 172.582938, 21.465755, var=[1.0, 1.0, 1.0]), 49.0696864701105, GPS(-43.520600, 172.583000, 0.000000, var=[-1.0, -1.0, -1.0])
20:06:03:631215, 2, 2, 1632985563.6310742, 44, GPS(-43.520554, 172.583062, 21.457925, var=[1.0, 1.0, 1.0]), 49.082122828616946, GPS(-43.520600, 172.583000, 0.000000, var=[-1.0, -1.0, -1.0])
20:06:03:631291, 4, 3, 1632985563.6311104, 39, GPS(-43.520656, 172.583079, 21.550766, var=[1.0, 1.0, 1.0]), 49.79225751824963, GPS(-43.520600, 172.583000, 0.000000, var=[-1.0, -1.0, -1.0])
20:06:03:632549, 3, 2, 1632985563.63112, 40, GPS(-43.520644, 172.582938, 21.448755, var=[1.0, 1.0, 1.0]), 49.05030670785413, GPS(-43.520600, 172.583000, 0.000000, var=[-1.0, -1.0, -1.0])
20:06:03:632589, 1, 2, 1632985563.6311424, 41, GPS(-43.520554, 172.582938, 21.478899, var=[1.0, 1.0, 1.0]), 49.10846229231733, GPS(-43.520600, 172.583000, 0.000000, var=[-1.0, -1.0, -1.0])
20:06:03:632624, 2, 2, 1632985563.6312559, 45, GPS(-43.520554, 172.583062, 21.457925, var=[1.0, 1.0, 1.0]), 49.082122828616946, GPS(-43.520600, 172.583000, 0.000000, var=[-1.0, -1.0, -1.0])
20:06:04:631493, 1, 2, 1632985564.6313114, 42, GPS(-43.520554, 172.582938, 21.465899, var=[1.0, 1.0, 1.0]), 49.09461822583498, GPS(-43.520600, 172.583000, 0.000000, var=[-1.0, -1.0, -1.0])
20:06:04:631583, 3, 2, 1632985564.6313353, 41, GPS(-43.520644, 172.582938, 21.458755, var=[1.0, 1.0, 1.0]), 49.05580338305312, GPS(-43.520600, 172.583000, 0.000000, var=[-1.0, -1.0, -1.0])
20:06:04:631798, 2, 2, 1632985564.6315682, 46, GPS(-43.520555, 172.583062, 21.455925, var=[1.0, 1.0, 1.0]), 49.071232290778696, GPS(-43.520600, 172.583000, 0.000000, var=[-1.0, -1.0, -1.0])
20:06:04:632408, 4, 3, 1632985564.6323051, 40, GPS(-43.520681, 172.583112, 21.447734, var=[1.0, 1.0, 1.0]), 51.42429847095495, GPS(-43.520600, 172.583000, 0.000000, var=[-1.0, -1.0, -1.0])
20:06:04:633754, 4, 3, 1632985564.6326795, 41, GPS(-43.520681, 172.583112, 21.447734, var=[1.0, 1.0, 1.0]), 51.42429847095495, GPS(-43.520600, 172.583000, 0.000000, var=[-1.0, -1.0, -1.0])
20:06:04:634731, 2, 2, 1632985564.6326382, 47, GPS(-43.520555, 172.583062, 21.455925, var=[1.0, 1.0, 1.0]), 49.071232290778696, GPS(-43.520600, 172.583000, 0.000000, var=[-1.0, -1.0, -1.0])
20:06:04:634790, 3, 2, 1632985564.632645, 42, GPS(-43.520644, 172.582938, 21.458755, var=[1.0, 1.0, 1.0]), 49.05580338305312, GPS(-43.520600, 172.583000, 0.000000, var=[-1.0, -1.0, -1.0])
20:06:04:634845, 1, 2, 1632985564.6327152, 43, GPS(-43.520554, 172.582938, 21.465899, var=[1.0, 1.0, 1.0]), 49.09461822583498, GPS(-43.520600, 172.583000, 0.000000, var=[-1.0, -1.0, -1.0])
20:06:05:633199, 2, 2, 1632985565.6330187, 48, GPS(-43.520555, 172.583062, 21.452925, var=[1.0, 1.0, 1.0]), 49.070394245327904, GPS(-43.520600, 172.583000, 0.000000, var=[-1.0, -1.0, -1.0])
20:06:05:633788, 1, 2, 1632985565.633674, 44, GPS(-43.520554, 172.582938, 21.470899, var=[1.0, 1.0, 1.0]), 49.099580515296495, GPS(-43.520600, 172.583000, 0.000000, var=[-1.0, -1.0, -1.0])
20:06:05:633968, 2, 2, 1632985565.6338325, 49, GPS(-43.520555, 172.583062, 21.452925, var=[1.0, 1.0, 1.0]), 49.070394245327904, GPS(-43.520600, 172.583000, 0.000000, var=[-1.0, -1.0, -1.0])
20:06:05:634040, 1, 2, 1632985565.6338496, 45, GPS(-43.520554, 172.582938, 21.470899, var=[1.0, 1.0, 1.0]), 49.099580515296495, GPS(-43.520600, 172.583000, 0.000000, var=[-1.0, -1.0, -1.0])
20:06:05:634118, 4, 4, 1632985565.63383, 42, GPS(-43.520692, 172.583127, 21.426719, var=[1.0, 1.0, 1.0]), 52.32532591434642, GPS(-43.520600, 172.583000, 0.000000, var=[-1.0, -1.0, -1.0])
20:06:05:635447, 3, 2, 1632985565.6338518, 43, GPS(-43.520644, 172.582938, 21.459756, var=[1.0, 1.0, 1.0]), 49.056968597156974, GPS(-43.520600, 172.583000, 0.000000, var=[-1.0, -1.0, -1.0])
20:06:06:634138, 4, 4, 1632985566.6339927, 43, GPS(-43.520693, 172.583127, 21.438718, var=[1.0, 1.0, 1.0]), 52.38189908970751, GPS(-43.520600, 172.583000, 0.000000, var=[-1.0, -1.0, -1.0])
20:06:06:635243, 2, 2, 1632985566.634007, 50, GPS(-43.520555, 172.583062, 21.453925, var=[1.0, 1.0, 1.0]), 49.07183944738874, GPS(-43.520600, 172.583000, 0.000000, var=[-1.0, -1.0, -1.0])
20:06:06:635310, 3, 2, 1632985566.6346915, 44, GPS(-43.520645, 172.582938, 21.466755, var=[1.0, 1.0, 1.0]), 49.070828587343456, GPS(-43.520600, 172.583000, 0.000000, var=[-1.0, -1.0, -1.0])
20:06:06:635368, 1, 2, 1632985566.6347835, 46, GPS(-43.520555, 172.582938, 21.471899, var=[1.0, 1.0, 1.0]), 49.10211410309341, GPS(-43.520600, 172.583000, 0.000000, var=[-1.0, -1.0, -1.0])
20:06:06:669381, 4, 4, 1632985566.6692343, 44, GPS(-43.520693, 172.583127, 21.438718, var=[1.0, 1.0, 1.0]), 52.36968455379785, GPS(-43.520600, 172.583000, 0.000000, var=[-1.0, -1.0, -1.0])
20:06:06:670805, 1, 2, 1632985566.6701035, 47, GPS(-43.520555, 172.582938, 21.471899, var=[1.0, 1.0, 1.0]), 49.09309294611326, GPS(-43.520600, 172.583000, 0.000000, var=[-1.0, -1.0, -1.0])
20:06:06:670868, 3, 2, 1632985566.6696568, 45, GPS(-43.520645, 172.582938, 21.467755, var=[1.0, 1.0, 1.0]), 49.06275741882068, GPS(-43.520600, 172.583000, 0.000000, var=[-1.0, -1.0, -1.0])
20:06:06:706769, 2, 2, 1632985566.7066293, 51, GPS(-43.520555, 172.583062, 21.454925, var=[1.0, 1.0, 1.0]), 49.06376766862206, GPS(-43.520600, 172.583000, 0.000000, var=[-1.0, -1.0, -1.0])
20:06:07:670669, 3, 2, 1632985567.6705434, 46, GPS(-43.520645, 172.582938, 21.461755, var=[1.0, 1.0, 1.0]), 49.05949541543967, GPS(-43.520600, 172.583000, 0.000000, var=[-1.0, -1.0, -1.0])
20:06:07:670999, 3, 2, 1632985567.6708848, 47, GPS(-43.520645, 172.582938, 21.461755, var=[1.0, 1.0, 1.0]), 49.05949541543967, GPS(-43.520600, 172.583000, 0.000000, var=[-1.0, -1.0, -1.0])
20:06:07:671073, 4, 4, 1632985567.6708772, 45, GPS(-43.520691, 172.583125, 21.442720, var=[1.0, 1.0, 1.0]), 52.215861001042335, GPS(-43.520600, 172.583000, 0.000000, var=[-1.0, -1.0, -1.0])
20:06:07:672842, 2, 2, 1632985567.6708865, 52, GPS(-43.520555, 172.583062, 21.432925, var=[1.0, 1.0, 1.0]), 49.041101313381816, GPS(-43.520600, 172.583000, 0.000000, var=[-1.0, -1.0, -1.0])
20:06:07:672915, 1, 2, 1632985567.6709116, 48, GPS(-43.520555, 172.582938, 21.451899, var=[1.0, 1.0, 1.0]), 49.06914939046093, GPS(-43.520600, 172.583000, 0.000000, var=[-1.0, -1.0, -1.0])
20:06:08:671524, 1, 2, 1632985568.6713521, 49, GPS(-43.520555, 172.582937, 21.434899, var=[1.0, 1.0, 1.0]), 49.04434793024953, GPS(-43.520600, 172.583000, 0.000000, var=[-1.0, -1.0, -1.0])
20:06:08:672486, 3, 2, 1632985568.672362, 48, GPS(-43.520645, 172.582937, 21.452755, var=[1.0, 1.0, 1.0]), 49.05144500942359, GPS(-43.520600, 172.583000, 0.000000, var=[-1.0, -1.0, -1.0])
20:06:08:672628, 4, 4, 1632985568.6724906, 46, GPS(-43.520690, 172.583123, 21.426722, var=[1.0, 1.0, 1.0]), 52.10589657767275, GPS(-43.520600, 172.583000, 0.000000, var=[-1.0, -1.0, -1.0])
20:06:08:674262, 2, 2, 1632985568.6730385, 53, GPS(-43.520555, 172.583062, 21.437925, var=[1.0, 1.0, 1.0]), 49.03359461835469, GPS(-43.520600, 172.583000, 0.000000, var=[-1.0, -1.0, -1.0])
20:06:08:707416, 1, 2, 1632985568.7072635, 50, GPS(-43.520555, 172.582937, 21.432899, var=[1.0, 1.0, 1.0]), 49.03346597008368, GPS(-43.520600, 172.583000, 0.000000, var=[-1.0, -1.0, -1.0])
20:06:08:708005, 2, 2, 1632985568.7078965, 54, GPS(-43.520555, 172.583062, 21.436925, var=[1.0, 1.0, 1.0]), 49.02366103963807, GPS(-43.520600, 172.583000, 0.000000, var=[-1.0, -1.0, -1.0])
20:06:08:709794, 4, 4, 1632985568.7089913, 47, GPS(-43.520690, 172.583123, 21.426722, var=[1.0, 1.0, 1.0]), 52.093788327862995, GPS(-43.520600, 172.583000, 0.000000, var=[-1.0, -1.0, -1.0])
20:06:08:750141, 3, 2, 1632985568.7497706, 49, GPS(-43.520645, 172.582937, 21.449755, var=[1.0, 1.0, 1.0]), 49.04206693998958, GPS(-43.520600, 172.583000, 0.000000, var=[-1.0, -1.0, -1.0])
20:06:09:674642, 4, 4, 1632985569.6745074, 48, GPS(-43.520690, 172.583123, 21.426722, var=[1.0, 1.0, 1.0]), 52.092581032866065, GPS(-43.520600, 172.583000, 0.000000, var=[-1.0, -1.0, -1.0])
20:06:09:675923, 1, 2, 1632985569.6745386, 51, GPS(-43.520555, 172.582938, 21.424899, var=[1.0, 1.0, 1.0]), 49.02047910277703, GPS(-43.520600, 172.583000, 0.000000, var=[-1.0, -1.0, -1.0])
20:06:09:675983, 3, 2, 1632985569.6745195, 50, GPS(-43.520645, 172.582938, 21.430755, var=[1.0, 1.0, 1.0]), 49.02222876760109, GPS(-43.520600, 172.583000, 0.000000, var=[-1.0, -1.0, -1.0])
20:06:09:676039, 2, 2, 1632985569.674519, 55, GPS(-43.520555, 172.583062, 21.423925, var=[1.0, 1.0, 1.0]), 49.01487827127547, GPS(-43.520600, 172.583000, 0.000000, var=[-1.0, -1.0, -1.0])
20:06:10:675542, 2, 2, 1632985570.6752794, 56, GPS(-43.520555, 172.583062, 21.411924, var=[1.0, 1.0, 1.0]), 48.98797785356706, GPS(-43.520600, 172.583000, 0.000000, var=[-1.0, -1.0, -1.0])
20:06:10:675688, 4, 4, 1632985570.6753628, 49, GPS(-43.520690, 172.583124, 21.417722, var=[1.0, 1.0, 1.0]), 52.08142396036838, GPS(-43.520600, 172.583000, 0.000000, var=[-1.0, -1.0, -1.0])
20:06:10:677758, 4, 4, 1632985570.6761482, 50, GPS(-43.520690, 172.583124, 21.417722, var=[1.0, 1.0, 1.0]), 52.08142396036838, GPS(-43.520600, 172.583000, 0.000000, var=[-1.0, -1.0, -1.0])
20:06:10:679856, 3, 2, 1632985570.675623, 51, GPS(-43.520645, 172.582938, 21.409755, var=[1.0, 1.0, 1.0]), 48.986807098662155, GPS(-43.520600, 172.583000, 0.000000, var=[-1.0, -1.0, -1.0])
20:06:10:679954, 1, 2, 1632985570.675854, 52, GPS(-43.520555, 172.582938, 21.404898, var=[1.0, 1.0, 1.0]), 48.98599356673344, GPS(-43.520600, 172.583000, 0.000000, var=[-1.0, -1.0, -1.0])
20:06:10:680040, 2, 2, 1632985570.676271, 57, GPS(-43.520555, 172.583062, 21.411924, var=[1.0, 1.0, 1.0]), 48.98797785356706, GPS(-43.520600, 172.583000, 0.000000, var=[-1.0, -1.0, -1.0])
20:06:10:680114, 1, 2, 1632985570.6762748, 53, GPS(-43.520555, 172.582938, 21.404898, var=[1.0, 1.0, 1.0]), 48.98599356673344, GPS(-43.520600, 172.583000, 0.000000, var=[-1.0, -1.0, -1.0])
20:06:10:680184, 3, 2, 1632985570.676936, 52, GPS(-43.520645, 172.582938, 21.409755, var=[1.0, 1.0, 1.0]), 48.986807098662155, GPS(-43.520600, 172.583000, 0.000000, var=[-1.0, -1.0, -1.0])
20:06:11:676972, 4, 4, 1632985571.6768463, 51, GPS(-43.520690, 172.583124, 21.392722, var=[1.0, 1.0, 1.0]), 52.04960464955441, GPS(-43.520600, 172.583000, 0.000000, var=[-1.0, -1.0, -1.0])
20:06:11:678138, 4, 4, 1632985571.677779, 52, GPS(-43.520690, 172.583124, 21.392722, var=[1.0, 1.0, 1.0]), 52.04960464955441, GPS(-43.520600, 172.583000, 0.000000, var=[-1.0, -1.0, -1.0])
20:06:11:679042, 1, 2, 1632985571.6770196, 54, GPS(-43.520555, 172.582938, 21.400899, var=[1.0, 1.0, 1.0]), 48.96684493378757, GPS(-43.520600, 172.583000, 0.000000, var=[-1.0, -1.0, -1.0])
20:06:11:679083, 2, 2, 1632985571.6771054, 58, GPS(-43.520555, 172.583062, 21.402925, var=[1.0, 1.0, 1.0]), 48.966975894250304, GPS(-43.520600, 172.583000, 0.000000, var=[-1.0, -1.0, -1.0])
20:06:11:679119, 3, 2, 1632985571.6774366, 53, GPS(-43.520645, 172.582938, 21.401755, var=[1.0, 1.0, 1.0]), 48.9613783133847, GPS(-43.520600, 172.583000, 0.000000, var=[-1.0, -1.0, -1.0])
20:06:11:679152, 3, 2, 1632985571.6778033, 54, GPS(-43.520645, 172.582938, 21.401755, var=[1.0, 1.0, 1.0]), 48.9613783133847, GPS(-43.520600, 172.583000, 0.000000, var=[-1.0, -1.0, -1.0])
20:06:11:679183, 1, 2, 1632985571.6778197, 55, GPS(-43.520555, 172.582938, 21.400899, var=[1.0, 1.0, 1.0]), 48.96684493378757, GPS(-43.520600, 172.583000, 0.000000, var=[-1.0, -1.0, -1.0])
20:06:11:679214, 2, 2, 1632985571.6777933, 59, GPS(-43.520555, 172.583062, 21.402925, var=[1.0, 1.0, 1.0]), 48.966975894250304, GPS(-43.520600, 172.583000, 0.000000, var=[-1.0, -1.0, -1.0])
20:06:12:678389, 2, 2, 1632985572.6782267, 60, GPS(-43.520555, 172.583062, 21.399925, var=[1.0, 1.0, 1.0]), 48.95691061997498, GPS(-43.520600, 172.583000, 0.000000, var=[-1.0, -1.0, -1.0])
20:06:12:678464, 3, 2, 1632985572.6782417, 55, GPS(-43.520645, 172.582938, 21.388755, var=[1.0, 1.0, 1.0]), 48.935771531276245, GPS(-43.520600, 172.583000, 0.000000, var=[-1.0, -1.0, -1.0])
20:06:12:678514, 4, 4, 1632985572.6782236, 53, GPS(-43.520690, 172.583124, 21.395722, var=[1.0, 1.0, 1.0]), 52.04624237415199, GPS(-43.520600, 172.583000, 0.000000, var=[-1.0, -1.0, -1.0])
20:06:12:679684, 1, 2, 1632985572.6782575, 56, GPS(-43.520555, 172.582938, 21.387899, var=[1.0, 1.0, 1.0]), 48.94370385175141, GPS(-43.520600, 172.583000, 0.000000, var=[-1.0, -1.0, -1.0])
20:06:13:679198, 2, 2, 1632985573.679068, 61, GPS(-43.520555, 172.583062, 21.387925, var=[1.0, 1.0, 1.0]), 48.93042124328538, GPS(-43.520600, 172.583000, 0.000000, var=[-1.0, -1.0, -1.0])
20:06:13:679797, 1, 2, 1632985573.6796794, 57, GPS(-43.520555, 172.582938, 21.385899, var=[1.0, 1.0, 1.0]), 48.93208166698458, GPS(-43.520600, 172.583000, 0.000000, var=[-1.0, -1.0, -1.0])
20:06:13:679877, 3, 2, 1632985573.679779, 56, GPS(-43.520645, 172.582938, 21.386755, var=[1.0, 1.0, 1.0]), 48.91987255248526, GPS(-43.520600, 172.583000, 0.000000, var=[-1.0, -1.0, -1.0])
20:06:13:679923, 2, 2, 1632985573.6797607, 62, GPS(-43.520555, 172.583062, 21.387925, var=[1.0, 1.0, 1.0]), 48.93042124328538, GPS(-43.520600, 172.583000, 0.000000, var=[-1.0, -1.0, -1.0])
20:06:13:679960, 4, 4, 1632985573.6797605, 54, GPS(-43.520690, 172.583124, 21.397722, var=[1.0, 1.0, 1.0]), 52.02448812765883, GPS(-43.520600, 172.583000, 0.000000, var=[-1.0, -1.0, -1.0])
20:06:13:681376, 1, 2, 1632985573.6798115, 58, GPS(-43.520555, 172.582938, 21.385899, var=[1.0, 1.0, 1.0]), 48.93208166698458, GPS(-43.520600, 172.583000, 0.000000, var=[-1.0, -1.0, -1.0])
20:06:14:681493, 4, 4, 1632985574.6812673, 55, GPS(-43.520690, 172.583124, 21.388722, var=[1.0, 1.0, 1.0]), 52.001659672085566, GPS(-43.520600, 172.583000, 0.000000, var=[-1.0, -1.0, -1.0])
20:06:14:683420, 4, 4, 1632985574.681612, 56, GPS(-43.520690, 172.583124, 21.388722, var=[1.0, 1.0, 1.0]), 52.001659672085566, GPS(-43.520600, 172.583000, 0.000000, var=[-1.0, -1.0, -1.0])
20:06:14:685581, 1, 2, 1632985574.6814082, 59, GPS(-43.520555, 172.582938, 21.381899, var=[1.0, 1.0, 1.0]), 48.92269399310109, GPS(-43.520600, 172.583000, 0.000000, var=[-1.0, -1.0, -1.0])
20:06:14:685693, 3, 2, 1632985574.6815398, 57, GPS(-43.520645, 172.582937, 21.382755, var=[1.0, 1.0, 1.0]), 48.91049424477886, GPS(-43.520600, 172.583000, 0.000000, var=[-1.0, -1.0, -1.0])
20:06:14:685793, 2, 2, 1632985574.6815543, 63, GPS(-43.520555, 172.583062, 21.391925, var=[1.0, 1.0, 1.0]), 48.91858650062919, GPS(-43.520600, 172.583000, 0.000000, var=[-1.0, -1.0, -1.0])
20:06:14:685872, 1, 2, 1632985574.6816342, 60, GPS(-43.520555, 172.582938, 21.381899, var=[1.0, 1.0, 1.0]), 48.92269399310109, GPS(-43.520600, 172.583000, 0.000000, var=[-1.0, -1.0, -1.0])
20:06:15:682097, 4, 4, 1632985575.6819365, 57, GPS(-43.520689, 172.583124, 21.383723, var=[1.0, 1.0, 1.0]), 51.991830873702845, GPS(-43.520600, 172.583000, 0.000000, var=[-1.0, -1.0, -1.0])
20:06:15:683448, 3, 3, 1632985575.6827927, 58, GPS(-43.520645, 172.582938, 21.381755, var=[1.0, 1.0, 1.0]), 48.90827652536086, GPS(-43.520600, 172.583000, 0.000000, var=[-1.0, -1.0, -1.0])
20:06:15:683507, 1, 2, 1632985575.6823072, 61, GPS(-43.520554, 172.582938, 21.382899, var=[1.0, 1.0, 1.0]), 48.934109885785745, GPS(-43.520600, 172.583000, 0.000000, var=[-1.0, -1.0, -1.0])
20:06:15:713030, 2, 2, 1632985575.7128077, 64, GPS(-43.520554, 172.583062, 21.380925, var=[1.0, 1.0, 1.0]), 48.90916574364988, GPS(-43.520600, 172.583000, 0.000000, var=[-1.0, -1.0, -1.0])
20:06:15:713235, 2, 2, 1632985575.7131097, 65, GPS(-43.520554, 172.583062, 21.380925, var=[1.0, 1.0, 1.0]), 48.90916574364988, GPS(-43.520600, 172.583000, 0.000000, var=[-1.0, -1.0, -1.0])
20:06:15:713880, 3, 3, 1632985575.7137718, 59, GPS(-43.520645, 172.582938, 21.380755, var=[1.0, 1.0, 1.0]), 48.90036534831934, GPS(-43.520600, 172.583000, 0.000000, var=[-1.0, -1.0, -1.0])
20:06:15:714301, 4, 4, 1632985575.714203, 58, GPS(-43.520689, 172.583124, 21.383723, var=[1.0, 1.0, 1.0]), 51.98486913277135, GPS(-43.520600, 172.583000, 0.000000, var=[-1.0, -1.0, -1.0])
20:06:15:749284, 1, 2, 1632985575.7491405, 62, GPS(-43.520554, 172.582938, 21.379899, var=[1.0, 1.0, 1.0]), 48.92430296138062, GPS(-43.520600, 172.583000, 0.000000, var=[-1.0, -1.0, -1.0])
20:06:16:714493, 2, 2, 1632985576.7143536, 66, GPS(-43.520554, 172.583062, 21.378925, var=[1.0, 1.0, 1.0]), 48.9151185432355, GPS(-43.520600, 172.583000, 0.000000, var=[-1.0, -1.0, -1.0])
20:06:16:714801, 3, 3, 1632985576.7147205, 60, GPS(-43.520659, 172.582918, 21.417728, var=[1.0, 1.0, 1.0]), 49.743962562309235, GPS(-43.520600, 172.583000, 0.000000, var=[-1.0, -1.0, -1.0])
20:06:16:715394, 4, 4, 1632985576.7152812, 59, GPS(-43.520689, 172.583124, 21.386723, var=[1.0, 1.0, 1.0]), 51.99051642766256, GPS(-43.520600, 172.583000, 0.000000, var=[-1.0, -1.0, -1.0])
20:06:16:716717, 4, 4, 1632985576.7159114, 60, GPS(-43.520689, 172.583124, 21.386723, var=[1.0, 1.0, 1.0]), 51.99051642766256, GPS(-43.520600, 172.583000, 0.000000, var=[-1.0, -1.0, -1.0])
20:06:16:717961, 3, 3, 1632985576.7159295, 61, GPS(-43.520659, 172.582918, 21.417728, var=[1.0, 1.0, 1.0]), 49.743962562309235, GPS(-43.520600, 172.583000, 0.000000, var=[-1.0, -1.0, -1.0])
20:06:16:718018, 1, 2, 1632985576.7159562, 63, GPS(-43.520554, 172.582938, 21.376899, var=[1.0, 1.0, 1.0]), 48.919656550361026, GPS(-43.520600, 172.583000, 0.000000, var=[-1.0, -1.0, -1.0])
20:06:16:718073, 2, 2, 1632985576.7161, 67, GPS(-43.520554, 172.583062, 21.378925, var=[1.0, 1.0, 1.0]), 48.9151185432355, GPS(-43.520600, 172.583000, 0.000000, var=[-1.0, -1.0, -1.0])
20:06:17:716295, 4, 4, 1632985577.7161713, 61, GPS(-43.520690, 172.583124, 21.384722, var=[1.0, 1.0, 1.0]), 52.00032945644442, GPS(-43.520600, 172.583000, 0.000000, var=[-1.0, -1.0, -1.0])
20:06:17:717658, 4, 4, 1632985577.7168, 62, GPS(-43.520690, 172.583124, 21.384722, var=[1.0, 1.0, 1.0]), 52.00032945644442, GPS(-43.520600, 172.583000, 0.000000, var=[-1.0, -1.0, -1.0])
20:06:17:717710, 3, 3, 1632985577.7166705, 62, GPS(-43.520684, 172.582886, 21.369682, var=[1.0, 1.0, 1.0]), 51.44564492895476, GPS(-43.520600, 172.583000, 0.000000, var=[-1.0, -1.0, -1.0])
20:06:17:718722, 1, 2, 1632985577.7166939, 64, GPS(-43.520554, 172.582938, 21.389899, var=[1.0, 1.0, 1.0]), 48.93421047541578, GPS(-43.520600, 172.583000, 0.000000, var=[-1.0, -1.0, -1.0])
20:06:17:718825, 2, 2, 1632985577.7168937, 68, GPS(-43.520554, 172.583062, 21.380925, var=[1.0, 1.0, 1.0]), 48.925334210420395, GPS(-43.520600, 172.583000, 0.000000, var=[-1.0, -1.0, -1.0])
20:06:17:718878, 1, 2, 1632985577.7168467, 65, GPS(-43.520554, 172.582938, 21.389899, var=[1.0, 1.0, 1.0]), 48.93421047541578, GPS(-43.520600, 172.583000, 0.000000, var=[-1.0, -1.0, -1.0])
20:06:17:718930, 3, 3, 1632985577.7168033, 63, GPS(-43.520684, 172.582886, 21.369682, var=[1.0, 1.0, 1.0]), 51.44564492895476, GPS(-43.520600, 172.583000, 0.000000, var=[-1.0, -1.0, -1.0])
20:06:18:717051, 1, 2, 1632985578.716925, 66, GPS(-43.520554, 172.582938, 21.391899, var=[1.0, 1.0, 1.0]), 48.92497143330372, GPS(-43.520600, 172.583000, 0.000000, var=[-1.0, -1.0, -1.0])
20:06:18:717320, 3, 4, 1632985578.7172267, 64, GPS(-43.520693, 172.582873, 21.373665, var=[1.0, 1.0, 1.0]), 52.24595162261554, GPS(-43.520600, 172.583000, 0.000000, var=[-1.0, -1.0, -1.0])
20:06:18:717387, 4, 4, 1632985578.7172983, 63, GPS(-43.520689, 172.583124, 21.398723, var=[1.0, 1.0, 1.0]), 52.00372837189964, GPS(-43.520600, 172.583000, 0.000000, var=[-1.0, -1.0, -1.0])
20:06:18:718673, 4, 4, 1632985578.7176974, 64, GPS(-43.520689, 172.583124, 21.398723, var=[1.0, 1.0, 1.0]), 52.00372837189964, GPS(-43.520600, 172.583000, 0.000000, var=[-1.0, -1.0, -1.0])
20:06:18:719816, 2, 3, 1632985578.7173967, 69, GPS(-43.520554, 172.583062, 21.388926, var=[1.0, 1.0, 1.0]), 48.93252958788607, GPS(-43.520600, 172.583000, 0.000000, var=[-1.0, -1.0, -1.0])
20:06:18:719877, 3, 4, 1632985578.7177184, 65, GPS(-43.520693, 172.582873, 21.373665, var=[1.0, 1.0, 1.0]), 52.24595162261554, GPS(-43.520600, 172.583000, 0.000000, var=[-1.0, -1.0, -1.0])
20:06:18:719936, 1, 2, 1632985578.7177365, 67, GPS(-43.520554, 172.582938, 21.391899, var=[1.0, 1.0, 1.0]), 48.92497143330372, GPS(-43.520600, 172.583000, 0.000000, var=[-1.0, -1.0, -1.0])
20:06:18:719993, 2, 3, 1632985578.7177176, 70, GPS(-43.520554, 172.583062, 21.388926, var=[1.0, 1.0, 1.0]), 48.93252958788607, GPS(-43.520600, 172.583000, 0.000000, var=[-1.0, -1.0, -1.0])
20:06:19:718054, 4, 4, 1632985579.7178848, 65, GPS(-43.520690, 172.583124, 21.415722, var=[1.0, 1.0, 1.0]), 52.03040437280191, GPS(-43.520600, 172.583000, 0.000000, var=[-1.0, -1.0, -1.0])
20:06:19:719817, 4, 4, 1632985579.7187738, 66, GPS(-43.520690, 172.583124, 21.415722, var=[1.0, 1.0, 1.0]), 52.03040437280191, GPS(-43.520600, 172.583000, 0.000000, var=[-1.0, -1.0, -1.0])
20:06:19:719921, 1, 3, 1632985579.718323, 68, GPS(-43.520555, 172.582938, 21.393899, var=[1.0, 1.0, 1.0]), 48.92582701329399, GPS(-43.520600, 172.583000, 0.000000, var=[-1.0, -1.0, -1.0])
20:06:19:720001, 3, 4, 1632985579.7184272, 66, GPS(-43.520692, 172.582871, 21.389666, var=[1.0, 1.0, 1.0]), 52.254329788257934, GPS(-43.520600, 172.583000, 0.000000, var=[-1.0, -1.0, -1.0])
20:06:19:722116, 2, 3, 1632985579.71879, 71, GPS(-43.520541, 172.583081, 21.446951, var=[1.0, 1.0, 1.0]), 49.77243879545752, GPS(-43.520600, 172.583000, 0.000000, var=[-1.0, -1.0, -1.0])
20:06:19:722207, 3, 4, 1632985579.7187889, 67, GPS(-43.520692, 172.582871, 21.389666, var=[1.0, 1.0, 1.0]), 52.254329788257934, GPS(-43.520600, 172.583000, 0.000000, var=[-1.0, -1.0, -1.0])
20:06:19:722284, 1, 3, 1632985579.7188141, 69, GPS(-43.520555, 172.582938, 21.393899, var=[1.0, 1.0, 1.0]), 48.92582701329399, GPS(-43.520600, 172.583000, 0.000000, var=[-1.0, -1.0, -1.0])
20:06:20:719976, 4, 4, 1632985580.7198503, 67, GPS(-43.520690, 172.583124, 21.405722, var=[1.0, 1.0, 1.0]), 52.03878258104395, GPS(-43.520600, 172.583000, 0.000000, var=[-1.0, -1.0, -1.0])
20:06:20:721752, 1, 3, 1632985580.7199006, 70, GPS(-43.520543, 172.582921, 21.447914, var=[1.0, 1.0, 1.0]), 49.643978520646414, GPS(-43.520600, 172.583000, 0.000000, var=[-1.0, -1.0, -1.0])
20:06:20:721816, 2, 3, 1632985580.71987, 72, GPS(-43.520516, 172.583113, 21.377997, var=[1.0, 1.0, 1.0]), 51.428543654705074, GPS(-43.520600, 172.583000, 0.000000, var=[-1.0, -1.0, -1.0])
20:06:20:721869, 3, 4, 1632985580.7198763, 68, GPS(-43.520690, 172.582874, 21.387670, var=[1.0, 1.0, 1.0]), 52.09039161298277, GPS(-43.520600, 172.583000, 0.000000, var=[-1.0, -1.0, -1.0])
20:06:21:720706, 3, 4, 1632985581.7205753, 69, GPS(-43.520689, 172.582876, 21.395671, var=[1.0, 1.0, 1.0]), 52.02413178368879, GPS(-43.520600, 172.583000, 0.000000, var=[-1.0, -1.0, -1.0])
20:06:21:721430, 4, 4, 1632985581.721336, 68, GPS(-43.520690, 172.583124, 21.413722, var=[1.0, 1.0, 1.0]), 52.06190470032672, GPS(-43.520600, 172.583000, 0.000000, var=[-1.0, -1.0, -1.0])
20:06:21:722531, 4, 4, 1632985581.7218661, 69, GPS(-43.520690, 172.583124, 21.413722, var=[1.0, 1.0, 1.0]), 52.06190470032672, GPS(-43.520600, 172.583000, 0.000000, var=[-1.0, -1.0, -1.0])
20:06:21:723655, 1, 3, 1632985581.7217305, 71, GPS(-43.520519, 172.582886, 21.399945, var=[1.0, 1.0, 1.0]), 51.36528412604629, GPS(-43.520600, 172.583000, 0.000000, var=[-1.0, -1.0, -1.0])
20:06:21:723714, 3, 4, 1632985581.7218318, 70, GPS(-43.520689, 172.582876, 21.395671, var=[1.0, 1.0, 1.0]), 52.02413178368879, GPS(-43.520600, 172.583000, 0.000000, var=[-1.0, -1.0, -1.0])
20:06:21:723768, 2, 4, 1632985581.7218337, 73, GPS(-43.520507, 172.583127, 21.381014, var=[1.0, 1.0, 1.0]), 52.2650795467254, GPS(-43.520600, 172.583000, 0.000000, var=[-1.0, -1.0, -1.0])
20:06:21:724030, 1, 3, 1632985581.7219083, 72, GPS(-43.520519, 172.582886, 21.399945, var=[1.0, 1.0, 1.0]), 51.36528412604629, GPS(-43.520600, 172.583000, 0.000000, var=[-1.0, -1.0, -1.0])
20:06:22:721999, 4, 4, 1632985582.7218683, 70, GPS(-43.520690, 172.583124, 21.431722, var=[1.0, 1.0, 1.0]), 52.09090804580717, GPS(-43.520600, 172.583000, 0.000000, var=[-1.0, -1.0, -1.0])
20:06:22:723491, 4, 4, 1632985582.722622, 71, GPS(-43.520690, 172.583124, 21.431722, var=[1.0, 1.0, 1.0]), 52.09090804580717, GPS(-43.520600, 172.583000, 0.000000, var=[-1.0, -1.0, -1.0])
20:06:22:723568, 2, 4, 1632985582.7226439, 74, GPS(-43.520508, 172.583129, 21.393013, var=[1.0, 1.0, 1.0]), 52.29942894594778, GPS(-43.520600, 172.583000, 0.000000, var=[-1.0, -1.0, -1.0])
20:06:22:723626, 1, 4, 1632985582.722684, 73, GPS(-43.520508, 172.582872, 21.409960, var=[1.0, 1.0, 1.0]), 52.29203773474035, GPS(-43.520600, 172.583000, 0.000000, var=[-1.0, -1.0, -1.0])
20:06:22:723683, 3, 4, 1632985582.7226653, 71, GPS(-43.520690, 172.582876, 21.399671, var=[1.0, 1.0, 1.0]), 52.03664076147425, GPS(-43.520600, 172.583000, 0.000000, var=[-1.0, -1.0, -1.0])
20:06:23:723162, 1, 4, 1632985583.7230144, 74, GPS(-43.520506, 172.582873, 21.421962, var=[1.0, 1.0, 1.0]), 52.35061753489485, GPS(-43.520600, 172.583000, 0.000000, var=[-1.0, -1.0, -1.0])
20:06:23:723250, 4, 4, 1632985583.7231412, 72, GPS(-43.520690, 172.583124, 21.430722, var=[1.0, 1.0, 1.0]), 52.09791453964755, GPS(-43.520600, 172.583000, 0.000000, var=[-1.0, -1.0, -1.0])
20:06:23:723652, 4, 4, 1632985583.723521, 73, GPS(-43.520690, 172.583124, 21.430722, var=[1.0, 1.0, 1.0]), 52.09791453964755, GPS(-43.520600, 172.583000, 0.000000, var=[-1.0, -1.0, -1.0])
20:06:23:725075, 1, 4, 1632985583.7235665, 75, GPS(-43.520506, 172.582873, 21.421962, var=[1.0, 1.0, 1.0]), 52.35061753489485, GPS(-43.520600, 172.583000, 0.000000, var=[-1.0, -1.0, -1.0])
20:06:23:725854, 2, 4, 1632985583.7235463, 75, GPS(-43.520510, 172.583127, 21.405009, var=[1.0, 1.0, 1.0]), 52.16563051121917, GPS(-43.520600, 172.583000, 0.000000, var=[-1.0, -1.0, -1.0])
20:06:23:726580, 3, 4, 1632985583.7235503, 72, GPS(-43.520690, 172.582876, 21.405670, var=[1.0, 1.0, 1.0]), 52.069944132746755, GPS(-43.520600, 172.583000, 0.000000, var=[-1.0, -1.0, -1.0])
20:06:24:724348, 3, 4, 1632985584.7239363, 73, GPS(-43.520690, 172.582876, 21.416670, var=[1.0, 1.0, 1.0]), 52.083245815723245, GPS(-43.520600, 172.583000, 0.000000, var=[-1.0, -1.0, -1.0])
20:06:24:726396, 2, 4, 1632985584.7239482, 76, GPS(-43.520510, 172.583125, 21.418008, var=[1.0, 1.0, 1.0]), 52.10290615695868, GPS(-43.520600, 172.583000, 0.000000, var=[-1.0, -1.0, -1.0])
20:06:24:727170, 1, 4, 1632985584.724492, 76, GPS(-43.520508, 172.582876, 21.423961, var=[1.0, 1.0, 1.0]), 52.17493404053713, GPS(-43.520600, 172.583000, 0.000000, var=[-1.0, -1.0, -1.0])
20:06:24:727967, 4, 4, 1632985584.7247603, 74, GPS(-43.520690, 172.583124, 21.438722, var=[1.0, 1.0, 1.0]), 52.102428848450145, GPS(-43.520600, 172.583000, 0.000000, var=[-1.0, -1.0, -1.0])
20:06:24:762549, 4, 4, 1632985584.7624016, 75, GPS(-43.520690, 172.583124, 21.438722, var=[1.0, 1.0, 1.0]), 52.117440691443406, GPS(-43.520600, 172.583000, 0.000000, var=[-1.0, -1.0, -1.0])
20:06:24:765995, 2, 4, 1632985584.7658556, 77, GPS(-43.520510, 172.583125, 21.418008, var=[1.0, 1.0, 1.0]), 52.11791799995194, GPS(-43.520600, 172.583000, 0.000000, var=[-1.0, -1.0, -1.0])
20:06:24:767097, 3, 4, 1632985584.7666976, 74, GPS(-43.520690, 172.582876, 21.416670, var=[1.0, 1.0, 1.0]), 52.098257658716506, GPS(-43.520600, 172.583000, 0.000000, var=[-1.0, -1.0, -1.0])
20:06:24:769702, 1, 4, 1632985584.7659528, 77, GPS(-43.520508, 172.582876, 21.424960, var=[1.0, 1.0, 1.0]), 52.183240176702114, GPS(-43.520600, 172.583000, 0.000000, var=[-1.0, -1.0, -1.0])
20:06:25:764251, 4, 4, 1632985585.7641165, 76, GPS(-43.520690, 172.583124, 21.457722, var=[1.0, 1.0, 1.0]), 52.133305682979284, GPS(-43.520600, 172.583000, 0.000000, var=[-1.0, -1.0, -1.0])
20:06:25:767355, 2, 4, 1632985585.7672014, 78, GPS(-43.520510, 172.583124, 21.431009, var=[1.0, 1.0, 1.0]), 52.11847499948438, GPS(-43.520600, 172.583000, 0.000000, var=[-1.0, -1.0, -1.0])
20:06:25:768337, 1, 4, 1632985585.767352, 78, GPS(-43.520510, 172.582877, 21.437958, var=[1.0, 1.0, 1.0]), 52.10649356374648, GPS(-43.520600, 172.583000, 0.000000, var=[-1.0, -1.0, -1.0])
20:06:25:769516, 3, 4, 1632985585.7673295, 75, GPS(-43.520690, 172.582876, 21.430670, var=[1.0, 1.0, 1.0]), 52.10875553240935, GPS(-43.520600, 172.583000, 0.000000, var=[-1.0, -1.0, -1.0])
20:06:25:771118, 4, 4, 1632985585.768723, 77, GPS(-43.520690, 172.583124, 21.457722, var=[1.0, 1.0, 1.0]), 52.133305682979284, GPS(-43.520600, 172.583000, 0.000000, var=[-1.0, -1.0, -1.0])
20:06:25:771956, 2, 4, 1632985585.7687898, 79, GPS(-43.520510, 172.583124, 21.431009, var=[1.0, 1.0, 1.0]), 52.11847499948438, GPS(-43.520600, 172.583000, 0.000000, var=[-1.0, -1.0, -1.0])
20:06:25:772843, 1, 4, 1632985585.7687654, 79, GPS(-43.520510, 172.582877, 21.437958, var=[1.0, 1.0, 1.0]), 52.10649356374648, GPS(-43.520600, 172.583000, 0.000000, var=[-1.0, -1.0, -1.0])
20:06:25:773597, 3, 4, 1632985585.7687116, 76, GPS(-43.520690, 172.582876, 21.430670, var=[1.0, 1.0, 1.0]), 52.10875553240935, GPS(-43.520600, 172.583000, 0.000000, var=[-1.0, -1.0, -1.0])
20:06:26:769080, 4, 4, 1632985586.7689288, 78, GPS(-43.520690, 172.583124, 21.473722, var=[1.0, 1.0, 1.0]), 52.153685490022525, GPS(-43.520600, 172.583000, 0.000000, var=[-1.0, -1.0, -1.0])
20:06:26:770417, 1, 4, 1632985586.7699792, 80, GPS(-43.520510, 172.582877, 21.464957, var=[1.0, 1.0, 1.0]), 52.13428212138065, GPS(-43.520600, 172.583000, 0.000000, var=[-1.0, -1.0, -1.0])
20:06:26:771234, 2, 4, 1632985586.7691982, 80, GPS(-43.520510, 172.583124, 21.450009, var=[1.0, 1.0, 1.0]), 52.14924870612272, GPS(-43.520600, 172.583000, 0.000000, var=[-1.0, -1.0, -1.0])
20:06:26:771898, 3, 4, 1632985586.7704995, 77, GPS(-43.520690, 172.582876, 21.433670, var=[1.0, 1.0, 1.0]), 52.11200067227692, GPS(-43.520600, 172.583000, 0.000000, var=[-1.0, -1.0, -1.0])
20:06:26:773720, 4, 4, 1632985586.7705164, 79, GPS(-43.520690, 172.583124, 21.473722, var=[1.0, 1.0, 1.0]), 52.153685490022525, GPS(-43.520600, 172.583000, 0.000000, var=[-1.0, -1.0, -1.0])
20:06:26:774806, 1, 4, 1632985586.7705154, 81, GPS(-43.520510, 172.582877, 21.464957, var=[1.0, 1.0, 1.0]), 52.13428212138065, GPS(-43.520600, 172.583000, 0.000000, var=[-1.0, -1.0, -1.0])
20:06:26:776022, 2, 4, 1632985586.7704983, 81, GPS(-43.520510, 172.583124, 21.450009, var=[1.0, 1.0, 1.0]), 52.14924870612272, GPS(-43.520600, 172.583000, 0.000000, var=[-1.0, -1.0, -1.0])
20:06:27:770644, 2, 4, 1632985587.770516, 82, GPS(-43.520510, 172.583124, 21.471009, var=[1.0, 1.0, 1.0]), 52.17275972881746, GPS(-43.520600, 172.583000, 0.000000, var=[-1.0, -1.0, -1.0])
20:06:27:771732, 3, 4, 1632985587.7712848, 78, GPS(-43.520690, 172.582876, 21.449670, var=[1.0, 1.0, 1.0]), 52.128214041615145, GPS(-43.520600, 172.583000, 0.000000, var=[-1.0, -1.0, -1.0])
20:06:27:773308, 1, 4, 1632985587.7711713, 82, GPS(-43.520510, 172.582876, 21.482957, var=[1.0, 1.0, 1.0]), 52.16468134299147, GPS(-43.520600, 172.583000, 0.000000, var=[-1.0, -1.0, -1.0])
20:06:27:774333, 4, 4, 1632985587.7723176, 80, GPS(-43.520690, 172.583124, 21.491722, var=[1.0, 1.0, 1.0]), 52.190797740925525, GPS(-43.520600, 172.583000, 0.000000, var=[-1.0, -1.0, -1.0])
20:06:27:799055, 2, 4, 1632985587.7989, 83, GPS(-43.520510, 172.583124, 21.471009, var=[1.0, 1.0, 1.0]), 52.201776202091125, GPS(-43.520600, 172.583000, 0.000000, var=[-1.0, -1.0, -1.0])
20:06:27:804077, 3, 4, 1632985587.803944, 79, GPS(-43.520690, 172.582876, 21.450670, var=[1.0, 1.0, 1.0]), 52.158065907098205, GPS(-43.520600, 172.583000, 0.000000, var=[-1.0, -1.0, -1.0])
20:06:27:836222, 1, 4, 1632985587.8360808, 83, GPS(-43.520510, 172.582876, 21.484957, var=[1.0, 1.0, 1.0]), 52.19536883197469, GPS(-43.520600, 172.583000, 0.000000, var=[-1.0, -1.0, -1.0])
20:06:27:839681, 4, 4, 1632985587.839566, 81, GPS(-43.520690, 172.583124, 21.490722, var=[1.0, 1.0, 1.0]), 52.21897923120905, GPS(-43.520600, 172.583000, 0.000000, var=[-1.0, -1.0, -1.0])
20:06:28:800220, 2, 4, 1632985588.8000498, 84, GPS(-43.520510, 172.583124, 21.480009, var=[1.0, 1.0, 1.0]), 52.21750944969209, GPS(-43.520600, 172.583000, 0.000000, var=[-1.0, -1.0, -1.0])
20:06:28:806734, 4, 4, 1632985588.805594, 82, GPS(-43.520690, 172.583125, 21.499721, var=[1.0, 1.0, 1.0]), 52.24456982353565, GPS(-43.520600, 172.583000, 0.000000, var=[-1.0, -1.0, -1.0])
20:06:28:807529, 1, 4, 1632985588.8056293, 84, GPS(-43.520510, 172.582876, 21.488957, var=[1.0, 1.0, 1.0]), 52.19751462178135, GPS(-43.520600, 172.583000, 0.000000, var=[-1.0, -1.0, -1.0])
20:06:28:808273, 3, 4, 1632985588.8056614, 80, GPS(-43.520690, 172.582876, 21.464670, var=[1.0, 1.0, 1.0]), 52.1635058519925, GPS(-43.520600, 172.583000, 0.000000, var=[-1.0, -1.0, -1.0])
20:06:28:811858, 2, 4, 1632985588.8057888, 85, GPS(-43.520510, 172.583124, 21.480009, var=[1.0, 1.0, 1.0]), 52.21750944969209, GPS(-43.520600, 172.583000, 0.000000, var=[-1.0, -1.0, -1.0])
20:06:29:806687, 3, 4, 1632985589.80655, 81, GPS(-43.520690, 172.582877, 21.481670, var=[1.0, 1.0, 1.0]), 52.1894440938585, GPS(-43.520600, 172.583000, 0.000000, var=[-1.0, -1.0, -1.0])
20:06:29:808993, 2, 4, 1632985589.8070793, 86, GPS(-43.520510, 172.583125, 21.482009, var=[1.0, 1.0, 1.0]), 52.22927995757157, GPS(-43.520600, 172.583000, 0.000000, var=[-1.0, -1.0, -1.0])
20:06:29:810071, 4, 4, 1632985589.806828, 83, GPS(-43.520690, 172.583125, 21.488721, var=[1.0, 1.0, 1.0]), 52.24038071992567, GPS(-43.520600, 172.583000, 0.000000, var=[-1.0, -1.0, -1.0])
20:06:29:811184, 1, 4, 1632985589.8070457, 85, GPS(-43.520510, 172.582876, 21.491957, var=[1.0, 1.0, 1.0]), 52.20069116095621, GPS(-43.520600, 172.583000, 0.000000, var=[-1.0, -1.0, -1.0])
20:06:29:830779, 2, 4, 1632985589.8306355, 87, GPS(-43.520510, 172.583125, 21.481009, var=[1.0, 1.0, 1.0]), 52.23645969051006, GPS(-43.520600, 172.583000, 0.000000, var=[-1.0, -1.0, -1.0])
20:06:29:836233, 3, 4, 1632985589.836094, 82, GPS(-43.520690, 172.582877, 21.481670, var=[1.0, 1.0, 1.0]), 52.19745828730366, GPS(-43.520600, 172.583000, 0.000000, var=[-1.0, -1.0, -1.0])
20:06:29:867936, 4, 4, 1632985589.8677545, 84, GPS(-43.520690, 172.583125, 21.487721, var=[1.0, 1.0, 1.0]), 52.247560551910084, GPS(-43.520600, 172.583000, 0.000000, var=[-1.0, -1.0, -1.0])
20:06:29:879867, 1, 4, 1632985589.8797414, 86, GPS(-43.520510, 172.582876, 21.489957, var=[1.0, 1.0, 1.0]), 52.20703381586944, GPS(-43.520600, 172.583000, 0.000000, var=[-1.0, -1.0, -1.0])
20:06:30:831410, 2, 4, 1632985590.8312778, 88, GPS(-43.520510, 172.583125, 21.485009, var=[1.0, 1.0, 1.0]), 51.937794630708225, GPS(-43.520600, 172.583010, 0.000000, var=[-1.0, -1.0, -1.0])
20:06:30:837182, 3, 4, 1632985590.8370543, 83, GPS(-43.520690, 172.582877, 21.485670, var=[1.0, 1.0, 1.0]), 52.538325260990675, GPS(-43.520600, 172.583010, 0.000000, var=[-1.0, -1.0, -1.0])
20:06:30:839469, 3, 4, 1632985590.8378496, 84, GPS(-43.520690, 172.582877, 21.485670, var=[1.0, 1.0, 1.0]), 52.538325260990675, GPS(-43.520600, 172.583010, 0.000000, var=[-1.0, -1.0, -1.0])
20:06:30:842509, 2, 4, 1632985590.8378396, 89, GPS(-43.520510, 172.583125, 21.485009, var=[1.0, 1.0, 1.0]), 51.937794630708225, GPS(-43.520600, 172.583010, 0.000000, var=[-1.0, -1.0, -1.0])
20:06:30:844294, 4, 4, 1632985590.837834, 85, GPS(-43.520690, 172.583124, 21.477721, var=[1.0, 1.0, 1.0]), 51.94327652206614, GPS(-43.520600, 172.583010, 0.000000, var=[-1.0, -1.0, -1.0])
20:06:30:845563, 1, 4, 1632985590.8378665, 87, GPS(-43.520510, 172.582876, 21.489957, var=[1.0, 1.0, 1.0]), 52.53384527289247, GPS(-43.520600, 172.583010, 0.000000, var=[-1.0, -1.0, -1.0])
20:06:31:838195, 4, 4, 1632985591.8379955, 86, GPS(-43.520690, 172.583124, 21.467722, var=[1.0, 1.0, 1.0]), 51.924143188000876, GPS(-43.520600, 172.583010, 0.000000, var=[-1.0, -1.0, -1.0])
20:06:31:839534, 4, 4, 1632985591.8384392, 87, GPS(-43.520690, 172.583124, 21.467722, var=[1.0, 1.0, 1.0]), 51.924143188000876, GPS(-43.520600, 172.583010, 0.000000, var=[-1.0, -1.0, -1.0])
20:06:31:840794, 2, 4, 1632985591.8384604, 90, GPS(-43.520510, 172.583124, 21.469009, var=[1.0, 1.0, 1.0]), 51.922331771120774, GPS(-43.520600, 172.583010, 0.000000, var=[-1.0, -1.0, -1.0])
20:06:31:841969, 3, 4, 1632985591.838474, 85, GPS(-43.520690, 172.582877, 21.480670, var=[1.0, 1.0, 1.0]), 52.53279086730544, GPS(-43.520600, 172.583010, 0.000000, var=[-1.0, -1.0, -1.0])
20:06:31:843917, 1, 4, 1632985591.838498, 88, GPS(-43.520510, 172.582876, 21.479957, var=[1.0, 1.0, 1.0]), 52.53273862329381, GPS(-43.520600, 172.583010, 0.000000, var=[-1.0, -1.0, -1.0])
20:06:32:838810, 2, 4, 1632985592.8386793, 91, GPS(-43.520510, 172.583124, 21.455009, var=[1.0, 1.0, 1.0]), 51.64837002479658, GPS(-43.520600, 172.583020, 0.000000, var=[-1.0, -1.0, -1.0])
20:06:32:839984, 3, 4, 1632985592.8398898, 86, GPS(-43.520690, 172.582876, 21.462670, var=[1.0, 1.0, 1.0]), 52.88636330204546, GPS(-43.520600, 172.583020, 0.000000, var=[-1.0, -1.0, -1.0])
20:06:32:842040, 1, 4, 1632985592.8401687, 89, GPS(-43.520510, 172.582876, 21.454957, var=[1.0, 1.0, 1.0]), 52.887190014979595, GPS(-43.520600, 172.583020, 0.000000, var=[-1.0, -1.0, -1.0])
20:06:32:842869, 4, 4, 1632985592.8400455, 88, GPS(-43.520690, 172.583124, 21.439722, var=[1.0, 1.0, 1.0]), 51.62818335992634, GPS(-43.520600, 172.583020, 0.000000, var=[-1.0, -1.0, -1.0])
20:06:32:867530, 3, 4, 1632985592.8673756, 87, GPS(-43.520690, 172.582876, 21.462670, var=[1.0, 1.0, 1.0]), 52.878846120211634, GPS(-43.520600, 172.583020, 0.000000, var=[-1.0, -1.0, -1.0])
20:06:32:904761, 2, 4, 1632985592.9045343, 92, GPS(-43.520510, 172.583124, 21.454009, var=[1.0, 1.0, 1.0]), 51.635937071276686, GPS(-43.520600, 172.583020, 0.000000, var=[-1.0, -1.0, -1.0])
20:06:32:916467, 4, 4, 1632985592.9163225, 89, GPS(-43.520690, 172.583124, 21.439722, var=[1.0, 1.0, 1.0]), 51.616604472976114, GPS(-43.520600, 172.583020, 0.000000, var=[-1.0, -1.0, -1.0])
20:06:32:917843, 1, 4, 1632985592.9176183, 90, GPS(-43.520510, 172.582876, 21.452957, var=[1.0, 1.0, 1.0]), 52.87398329097884, GPS(-43.520600, 172.583020, 0.000000, var=[-1.0, -1.0, -1.0])
20:06:33:867666, 3, 4, 1632985593.8675249, 88, GPS(-43.520690, 172.582876, 21.454670, var=[1.0, 1.0, 1.0]), 53.29691849470785, GPS(-43.520600, 172.583030, 0.000000, var=[-1.0, -1.0, -1.0])
20:06:33:905236, 1, 4, 1632985593.9038932, 91, GPS(-43.520510, 172.582876, 21.439957, var=[1.0, 1.0, 1.0]), 53.281863527941994, GPS(-43.520600, 172.583030, 0.000000, var=[-1.0, -1.0, -1.0])
20:06:33:906940, 3, 4, 1632985593.9067583, 89, GPS(-43.520690, 172.582876, 21.454670, var=[1.0, 1.0, 1.0]), 53.28119152891268, GPS(-43.520600, 172.583030, 0.000000, var=[-1.0, -1.0, -1.0])
20:06:33:910688, 2, 4, 1632985593.9083166, 93, GPS(-43.520510, 172.583124, 21.439009, var=[1.0, 1.0, 1.0]), 51.4119567948022, GPS(-43.520600, 172.583030, 0.000000, var=[-1.0, -1.0, -1.0])
20:06:33:938172, 2, 4, 1632985593.938009, 94, GPS(-43.520510, 172.583124, 21.440009, var=[1.0, 1.0, 1.0]), 51.417304384027624, GPS(-43.520600, 172.583030, 0.000000, var=[-1.0, -1.0, -1.0])
20:06:33:940864, 4, 4, 1632985593.9407504, 90, GPS(-43.520690, 172.583124, 21.442722, var=[1.0, 1.0, 1.0]), 51.39926695101072, GPS(-43.520600, 172.583030, 0.000000, var=[-1.0, -1.0, -1.0])
20:06:34:905992, 1, 4, 1632985594.9058444, 92, GPS(-43.520510, 172.582876, 21.423957, var=[1.0, 1.0, 1.0]), 53.8311414588139, GPS(-43.520602, 172.583040, 0.000000, var=[-1.0, -1.0, -1.0])
20:06:34:908320, 3, 4, 1632985594.9082077, 90, GPS(-43.520690, 172.582876, 21.431670, var=[1.0, 1.0, 1.0]), 53.6567324253262, GPS(-43.520602, 172.583040, 0.000000, var=[-1.0, -1.0, -1.0])
20:06:34:911645, 3, 4, 1632985594.9092498, 91, GPS(-43.520690, 172.582876, 21.431670, var=[1.0, 1.0, 1.0]), 53.6567324253262, GPS(-43.520602, 172.583040, 0.000000, var=[-1.0, -1.0, -1.0])
20:06:34:913061, 4, 4, 1632985594.9092846, 91, GPS(-43.520690, 172.583124, 21.425722, var=[1.0, 1.0, 1.0]), 51.14550127569944, GPS(-43.520602, 172.583040, 0.000000, var=[-1.0, -1.0, -1.0])
20:06:34:957929, 2, 4, 1632985594.9093199, 95, GPS(-43.520510, 172.583124, 21.427009, var=[1.0, 1.0, 1.0]), 51.35250541006587, GPS(-43.520602, 172.583040, 0.000000, var=[-1.0, -1.0, -1.0])
20:06:35:075399, 1, 4, 1632985594.909622, 93, GPS(-43.520510, 172.582876, 21.423957, var=[1.0, 1.0, 1.0]), 53.8311414588139, GPS(-43.520602, 172.583040, 0.000000, var=[-1.0, -1.0, -1.0])
20:06:35:910074, 2, 4, 1632985595.909921, 96, GPS(-43.520510, 172.583124, 21.414009, var=[1.0, 1.0, 1.0]), 51.08159646967458, GPS(-43.520600, 172.583060, 0.000000, var=[-1.0, -1.0, -1.0])
20:06:35:970100, 2, 4, 1632985595.91029, 97, GPS(-43.520510, 172.583124, 21.414009, var=[1.0, 1.0, 1.0]), 51.08159646967458, GPS(-43.520600, 172.583060, 0.000000, var=[-1.0, -1.0, -1.0])
20:06:36:032959, 3, 4, 1632985595.9102757, 92, GPS(-43.520690, 172.582876, 21.414670, var=[1.0, 1.0, 1.0]), 54.79278977455919, GPS(-43.520600, 172.583060, 0.000000, var=[-1.0, -1.0, -1.0])
20:06:36:095833, 4, 4, 1632985595.9103043, 92, GPS(-43.520690, 172.583124, 21.413722, var=[1.0, 1.0, 1.0]), 51.0583488174111, GPS(-43.520600, 172.583060, 0.000000, var=[-1.0, -1.0, -1.0])
20:06:36:190614, 1, 4, 1632985595.9103327, 94, GPS(-43.520510, 172.582876, 21.402957, var=[1.0, 1.0, 1.0]), 54.79942428264302, GPS(-43.520600, 172.583060, 0.000000, var=[-1.0, -1.0, -1.0])
20:06:36:251168, 3, 4, 1632985595.9104302, 93, GPS(-43.520690, 172.582876, 21.414670, var=[1.0, 1.0, 1.0]), 54.79278977455919, GPS(-43.520600, 172.583060, 0.000000, var=[-1.0, -1.0, -1.0])
20:06:36:911423, 4, 5, 1632985596.9112866, 93, GPS(-43.520690, 172.583130, 21.440723, var=[1.0, 1.0, 1.0]), 51.005936241353076, GPS(-43.520600, 172.583070, 0.000000, var=[-1.0, -1.0, -1.0])
20:06:37:028082, 4, 5, 1632985597.0108125, 94, GPS(-43.520690, 172.583131, 21.435723, var=[1.0, 1.0, 1.0]), 50.811933004793545, GPS(-43.520600, 172.583070, 0.000000, var=[-1.0, -1.0, -1.0])
20:06:37:104362, 3, 5, 1632985596.9118843, 94, GPS(-43.520690, 172.582881, 21.444671, var=[1.0, 1.0, 1.0]), 55.00301256473726, GPS(-43.520600, 172.583070, 0.000000, var=[-1.0, -1.0, -1.0])
20:06:37:185282, 2, 5, 1632985596.9119093, 98, GPS(-43.520510, 172.583131, 21.441010, var=[1.0, 1.0, 1.0]), 51.03318886505396, GPS(-43.520600, 172.583070, 0.000000, var=[-1.0, -1.0, -1.0])
20:06:37:269467, 1, 5, 1632985596.9120026, 95, GPS(-43.520510, 172.582881, 21.438958, var=[1.0, 1.0, 1.0]), 54.99306437238123, GPS(-43.520600, 172.583070, 0.000000, var=[-1.0, -1.0, -1.0])
20:06:37:368531, 1, 5, 1632985597.011147, 96, GPS(-43.520510, 172.582883, 21.431959, var=[1.0, 1.0, 1.0]), 54.690675506025144, GPS(-43.520600, 172.583070, 0.000000, var=[-1.0, -1.0, -1.0])
20:06:37:442545, 3, 5, 1632985597.0168653, 95, GPS(-43.520690, 172.582883, 21.439672, var=[1.0, 1.0, 1.0]), 54.702013752182424, GPS(-43.520600, 172.583070, 0.000000, var=[-1.0, -1.0, -1.0])
20:06:37:506862, 2, 5, 1632985597.0108752, 99, GPS(-43.520510, 172.583133, 21.437011, var=[1.0, 1.0, 1.0]), 50.84393501263547, GPS(-43.520600, 172.583070, 0.000000, var=[-1.0, -1.0, -1.0])
20:06:38:011980, 1, 5, 1632985598.0111759, 97, GPS(-43.520508, 172.582906, 21.392966, var=[1.0, 1.0, 1.0]), 54.49441965704585, GPS(-43.520605, 172.583080, 0.000000, var=[-1.0, -1.0, -1.0])
20:06:38:078204, 2, 5, 1632985598.0110598, 100, GPS(-43.520508, 172.583155, 21.394018, var=[1.0, 1.0, 1.0]), 51.41210262144659, GPS(-43.520605, 172.583080, 0.000000, var=[-1.0, -1.0, -1.0])
20:06:38:157271, 4, 5, 1632985598.01124, 95, GPS(-43.520689, 172.583153, 21.402730, var=[1.0, 1.0, 1.0]), 50.81111400025528, GPS(-43.520605, 172.583080, 0.000000, var=[-1.0, -1.0, -1.0])
20:06:38:283171, 3, 5, 1632985598.0188649, 96, GPS(-43.520688, 172.582906, 21.393679, var=[1.0, 1.0, 1.0]), 53.96521120281263, GPS(-43.520605, 172.583080, 0.000000, var=[-1.0, -1.0, -1.0])
20:06:38:332826, 1, 5, 1632985598.1065798, 98, GPS(-43.520508, 172.582908, 21.391967, var=[1.0, 1.0, 1.0]), 55.219361041743724, GPS(-43.520610, 172.583090, 0.000000, var=[-1.0, -1.0, -1.0])
20:06:38:394992, 2, 5, 1632985598.1059396, 101, GPS(-43.520508, 172.583157, 21.390018, var=[1.0, 1.0, 1.0]), 51.67441925325633, GPS(-43.520610, 172.583090, 0.000000, var=[-1.0, -1.0, -1.0])
20:06:38:470214, 4, 5, 1632985598.1061723, 96, GPS(-43.520688, 172.583155, 21.400731, var=[1.0, 1.0, 1.0]), 50.59663501079113, GPS(-43.520610, 172.583090, 0.000000, var=[-1.0, -1.0, -1.0])
20:06:38:576822, 3, 5, 1632985598.1060023, 97, GPS(-43.520688, 172.582908, 21.389680, var=[1.0, 1.0, 1.0]), 54.25886304634396, GPS(-43.520610, 172.583090, 0.000000, var=[-1.0, -1.0, -1.0])
20:06:39:153175, 4, 5, 1632985599.1062396, 97, GPS(-43.520686, 172.583176, 21.399739, var=[1.0, 1.0, 1.0]), 50.50491037302844, GPS(-43.520610, 172.583100, 0.000000, var=[-1.0, -1.0, -1.0])
20:06:39:268610, 2, 5, 1632985599.1075594, 102, GPS(-43.520506, 172.583176, 21.398026, var=[1.0, 1.0, 1.0]), 51.80447755266378, GPS(-43.520610, 172.583100, 0.000000, var=[-1.0, -1.0, -1.0])
20:06:39:356389, 3, 5, 1632985599.1077332, 98, GPS(-43.520685, 172.582928, 21.386688, var=[1.0, 1.0, 1.0]), 53.53793156191886, GPS(-43.520610, 172.583100, 0.000000, var=[-1.0, -1.0, -1.0])
20:06:39:417887, 1, 5, 1632985599.1077635, 99, GPS(-43.520505, 172.582930, 21.393976, var=[1.0, 1.0, 1.0]), 54.66575461859448, GPS(-43.520610, 172.583100, 0.000000, var=[-1.0, -1.0, -1.0])
20:06:39:484705, 4, 5, 1632985599.2293746, 98, GPS(-43.520685, 172.583178, 21.389740, var=[1.0, 1.0, 1.0]), 50.41844462536747, GPS(-43.520610, 172.583100, 0.000000, var=[-1.0, -1.0, -1.0])
20:06:39:599675, 2, 5, 1632985599.2349815, 103, GPS(-43.520505, 172.583179, 21.393028, var=[1.0, 1.0, 1.0]), 51.74704222205961, GPS(-43.520610, 172.583100, 0.000000, var=[-1.0, -1.0, -1.0])
20:06:39:686227, 3, 5, 1632985599.2428234, 99, GPS(-43.520685, 172.582932, 21.381689, var=[1.0, 1.0, 1.0]), 53.25282287519203, GPS(-43.520610, 172.583100, 0.000000, var=[-1.0, -1.0, -1.0])
20:06:39:767408, 1, 5, 1632985599.2322571, 100, GPS(-43.520505, 172.582933, 21.390977, var=[1.0, 1.0, 1.0]), 54.432906734535564, GPS(-43.520610, 172.583100, 0.000000, var=[-1.0, -1.0, -1.0])
20:06:40:257489, 4, 5, 1632985600.2294288, 99, GPS(-43.520684, 172.583201, 21.381748, var=[1.0, 1.0, 1.0]), 50.673534121349114, GPS(-43.520610, 172.583110, 0.000000, var=[-1.0, -1.0, -1.0])
20:06:40:353509, 1, 5, 1632985600.2335572, 101, GPS(-43.520504, 172.582954, 21.381984, var=[1.0, 1.0, 1.0]), 54.116018247369986, GPS(-43.520610, 172.583110, 0.000000, var=[-1.0, -1.0, -1.0])
20:06:40:437973, 2, 5, 1632985600.2364645, 104, GPS(-43.520504, 172.583201, 21.383035, var=[1.0, 1.0, 1.0]), 52.130743245741414, GPS(-43.520610, 172.583110, 0.000000, var=[-1.0, -1.0, -1.0])
20:06:40:494873, 3, 5, 1632985600.2435238, 100, GPS(-43.520684, 172.582953, 21.365696, var=[1.0, 1.0, 1.0]), 52.779447314720585, GPS(-43.520610, 172.583110, 0.000000, var=[-1.0, -1.0, -1.0])
20:06:40:543703, 4, 5, 1632985600.343326, 100, GPS(-43.520684, 172.583203, 21.378748, var=[1.0, 1.0, 1.0]), 50.61121664029054, GPS(-43.520610, 172.583110, 0.000000, var=[-1.0, -1.0, -1.0])
20:06:40:677241, 1, 5, 1632985600.343455, 102, GPS(-43.520504, 172.582956, 21.379984, var=[1.0, 1.0, 1.0]), 53.930608781970044, GPS(-43.520610, 172.583110, 0.000000, var=[-1.0, -1.0, -1.0])
20:06:40:744016, 2, 5, 1632985600.3433468, 105, GPS(-43.520504, 172.583203, 21.382036, var=[1.0, 1.0, 1.0]), 52.075959154211986, GPS(-43.520610, 172.583110, 0.000000, var=[-1.0, -1.0, -1.0])
20:06:40:831110, 3, 5, 1632985600.3433876, 101, GPS(-43.520684, 172.582955, 21.361696, var=[1.0, 1.0, 1.0]), 52.58424466096436, GPS(-43.520610, 172.583110, 0.000000, var=[-1.0, -1.0, -1.0])
20:06:41:344773, 2, 5, 1632985601.3446229, 106, GPS(-43.520507, 172.583220, 21.375034, var=[1.0, 1.0, 1.0]), 52.37983116127124, GPS(-43.520611, 172.583110, 0.000000, var=[-1.0, -1.0, -1.0])
20:06:41:450779, 2, 5, 1632985601.444782, 107, GPS(-43.520507, 172.583221, 21.373034, var=[1.0, 1.0, 1.0]), 52.3865777032743, GPS(-43.520611, 172.583110, 0.000000, var=[-1.0, -1.0, -1.0])
20:06:41:532135, 1, 5, 1632985601.34464, 103, GPS(-43.520507, 172.582972, 21.374983, var=[1.0, 1.0, 1.0]), 53.22471827561921, GPS(-43.520611, 172.583110, 0.000000, var=[-1.0, -1.0, -1.0])
20:06:41:575104, 4, 5, 1632985601.3450887, 101, GPS(-43.520686, 172.583220, 21.371747, var=[1.0, 1.0, 1.0]), 51.111790433916426, GPS(-43.520611, 172.583110, 0.000000, var=[-1.0, -1.0, -1.0])
20:06:41:681619, 3, 5, 1632985601.3453252, 102, GPS(-43.520687, 172.582972, 21.362695, var=[1.0, 1.0, 1.0]), 52.00638910142078, GPS(-43.520611, 172.583110, 0.000000, var=[-1.0, -1.0, -1.0])
20:06:41:736874, 3, 5, 1632985601.444786, 103, GPS(-43.520687, 172.582973, 21.362695, var=[1.0, 1.0, 1.0]), 51.98274093895604, GPS(-43.520611, 172.583110, 0.000000, var=[-1.0, -1.0, -1.0])
20:06:41:795410, 1, 5, 1632985601.4447978, 104, GPS(-43.520507, 172.582974, 21.374982, var=[1.0, 1.0, 1.0]), 53.1605904588001, GPS(-43.520611, 172.583110, 0.000000, var=[-1.0, -1.0, -1.0])
20:06:41:853727, 4, 5, 1632985601.44497, 102, GPS(-43.520687, 172.583221, 21.371747, var=[1.0, 1.0, 1.0]), 51.16584310628569, GPS(-43.520611, 172.583110, 0.000000, var=[-1.0, -1.0, -1.0])
20:06:42:488905, 3, 5, 1632985602.4450235, 104, GPS(-43.520694, 172.582982, 21.372686, var=[1.0, 1.0, 1.0]), 52.26008645173496, GPS(-43.520610, 172.583120, 0.000000, var=[-1.0, -1.0, -1.0])
20:06:42:588669, 1, 5, 1632985602.4457974, 105, GPS(-43.520514, 172.582981, 21.377973, var=[1.0, 1.0, 1.0]), 52.79812726166992, GPS(-43.520610, 172.583120, 0.000000, var=[-1.0, -1.0, -1.0])
20:06:42:692975, 2, 5, 1632985602.4459648, 108, GPS(-43.520514, 172.583230, 21.380024, var=[1.0, 1.0, 1.0]), 51.888966551334356, GPS(-43.520610, 172.583120, 0.000000, var=[-1.0, -1.0, -1.0])
20:06:42:787204, 4, 5, 1632985602.4470642, 103, GPS(-43.520693, 172.583229, 21.376739, var=[1.0, 1.0, 1.0]), 51.3278938604414, GPS(-43.520610, 172.583120, 0.000000, var=[-1.0, -1.0, -1.0])
20:06:42:911370, 3, 5, 1632985602.5453632, 105, GPS(-43.520695, 172.582983, 21.373684, var=[1.0, 1.0, 1.0]), 52.27887770438557, GPS(-43.520610, 172.583120, 0.000000, var=[-1.0, -1.0, -1.0])
20:06:43:011533, 1, 5, 1632985602.5498753, 106, GPS(-43.520515, 172.582982, 21.377972, var=[1.0, 1.0, 1.0]), 52.729396570446625, GPS(-43.520610, 172.583120, 0.000000, var=[-1.0, -1.0, -1.0])
20:06:43:092492, 2, 5, 1632985602.5497997, 109, GPS(-43.520515, 172.583231, 21.378023, var=[1.0, 1.0, 1.0]), 51.86082315762093, GPS(-43.520610, 172.583120, 0.000000, var=[-1.0, -1.0, -1.0])
20:06:43:146002, 4, 5, 1632985602.5498269, 104, GPS(-43.520694, 172.583230, 21.376737, var=[1.0, 1.0, 1.0]), 51.38943080199513, GPS(-43.520610, 172.583120, 0.000000, var=[-1.0, -1.0, -1.0])
20:06:43:545770, 3, 5, 1632985603.5456357, 106, GPS(-43.520704, 172.582988, 21.372670, var=[1.0, 1.0, 1.0]), 52.83199512600207, GPS(-43.520610, 172.583130, 0.000000, var=[-1.0, -1.0, -1.0])
20:06:43:651409, 4, 5, 1632985603.5507774, 105, GPS(-43.520704, 172.583236, 21.383723, var=[1.0, 1.0, 1.0]), 51.66944531593545, GPS(-43.520610, 172.583130, 0.000000, var=[-1.0, -1.0, -1.0])
20:06:43:758214, 1, 5, 1632985603.5500038, 107, GPS(-43.520524, 172.582987, 21.381958, var=[1.0, 1.0, 1.0]), 52.505172497901114, GPS(-43.520610, 172.583130, 0.000000, var=[-1.0, -1.0, -1.0])
STOP: 09/30/2021 20:06:44:429198
