START: 09/30/2021 20:18:34:393022
TIME,            RX_ID,          STATE,          TIMESTAMP,          SEQ_NO,          RX_COORDS,          RANGE_READING,          TARGET_COORDS,          
20:20:41:386199, 1, 1, 1632986441.361355, 0, GPS(-43.520555, 172.582938, 21.546898, var=[1.0, 1.0, 1.0]), 37.67389976518828, GPS(-43.520600, 172.583000, 0.000000, var=[-1.0, -1.0, -1.0])
20:20:41:386349, 4, 1, 1632986441.3724823, 0, GPS(-43.520645, 172.583063, 21.499781, var=[1.0, 1.0, 1.0]), 37.649502282322814, GPS(-43.520600, 172.583000, 0.000000, var=[-1.0, -1.0, -1.0])
20:20:41:386386, 3, 1, 1632986441.372111, 0, GPS(-43.520645, 172.582938, 21.478754, var=[1.0, 1.0, 1.0]), 37.614763883715796, GPS(-43.520600, 172.583000, 0.000000, var=[-1.0, -1.0, -1.0])
20:20:41:391934, 2, 1, 1632986441.39179, 0, GPS(-43.520555, 172.583063, 21.521924, var=[1.0, 1.0, 1.0]), 37.66446944337348, GPS(-43.520600, 172.583000, 0.000000, var=[-1.0, -1.0, -1.0])
20:20:42:361791, 1, 1, 1632986442.3616202, 1, GPS(-43.520555, 172.582938, 21.529898, var=[1.0, 1.0, 1.0]), 49.16209919663913, GPS(-43.520600, 172.583000, 0.000000, var=[-1.0, -1.0, -1.0])
20:20:42:373133, 4, 1, 1632986442.3729692, 1, GPS(-43.520645, 172.583063, 21.490781, var=[1.0, 1.0, 1.0]), 49.12898365995704, GPS(-43.520600, 172.583000, 0.000000, var=[-1.0, -1.0, -1.0])
20:20:42:373918, 3, 1, 1632986442.3737583, 1, GPS(-43.520645, 172.582938, 21.467754, var=[1.0, 1.0, 1.0]), 49.10376289786079, GPS(-43.520600, 172.583000, 0.000000, var=[-1.0, -1.0, -1.0])
20:20:42:393505, 2, 1, 1632986442.393353, 1, GPS(-43.520555, 172.583063, 21.512924, var=[1.0, 1.0, 1.0]), 49.150669699396204, GPS(-43.520600, 172.583000, 0.000000, var=[-1.0, -1.0, -1.0])
20:20:43:068308, 2, 1, 1632986443.0680664, 2, GPS(-43.520555, 172.583062, 21.503924, var=[1.0, 1.0, 1.0]), 49.13000047419021, GPS(-43.520600, 172.583000, 0.000000, var=[-1.0, -1.0, -1.0])
20:20:43:068449, 4, 1, 1632986443.0680852, 2, GPS(-43.520645, 172.583062, 21.475781, var=[1.0, 1.0, 1.0]), 49.095249202230264, GPS(-43.520600, 172.583000, 0.000000, var=[-1.0, -1.0, -1.0])
20:20:43:068499, 3, 1, 1632986443.0681012, 2, GPS(-43.520645, 172.582938, 21.453754, var=[1.0, 1.0, 1.0]), 49.07878417010576, GPS(-43.520600, 172.583000, 0.000000, var=[-1.0, -1.0, -1.0])
20:20:43:068532, 1, 1, 1632986443.0681107, 2, GPS(-43.520555, 172.582938, 21.521899, var=[1.0, 1.0, 1.0]), 49.14953277933182, GPS(-43.520600, 172.583000, 0.000000, var=[-1.0, -1.0, -1.0])
20:20:44:068409, 4, 1, 1632986444.0682697, 3, GPS(-43.520645, 172.583062, 21.450781, var=[1.0, 1.0, 1.0]), 49.06546967630782, GPS(-43.520600, 172.583000, 0.000000, var=[-1.0, -1.0, -1.0])
20:20:44:069351, 1, 1, 1632986444.0692568, 3, GPS(-43.520555, 172.582938, 21.505899, var=[1.0, 1.0, 1.0]), 49.13325028844537, GPS(-43.520600, 172.583000, 0.000000, var=[-1.0, -1.0, -1.0])
20:20:44:069930, 1, 1, 1632986444.069847, 4, GPS(-43.520555, 172.582938, 21.505899, var=[1.0, 1.0, 1.0]), 49.13325028844537, GPS(-43.520600, 172.583000, 0.000000, var=[-1.0, -1.0, -1.0])
20:20:44:069981, 2, 1, 1632986444.0698264, 3, GPS(-43.520555, 172.583062, 21.486925, var=[1.0, 1.0, 1.0]), 49.10493262797477, GPS(-43.520600, 172.583000, 0.000000, var=[-1.0, -1.0, -1.0])
20:20:44:070025, 4, 1, 1632986444.0698364, 4, GPS(-43.520645, 172.583062, 21.450781, var=[1.0, 1.0, 1.0]), 49.06546967630782, GPS(-43.520600, 172.583000, 0.000000, var=[-1.0, -1.0, -1.0])
20:20:44:070064, 3, 1, 1632986444.0698526, 3, GPS(-43.520645, 172.582938, 21.441755, var=[1.0, 1.0, 1.0]), 49.05888811248013, GPS(-43.520600, 172.583000, 0.000000, var=[-1.0, -1.0, -1.0])
20:20:45:070552, 1, 1, 1632986445.0704222, 5, GPS(-43.520555, 172.582938, 21.490899, var=[1.0, 1.0, 1.0]), 49.09226710987464, GPS(-43.520600, 172.583000, 0.000000, var=[-1.0, -1.0, -1.0])
20:20:45:070615, 3, 1, 1632986445.0704732, 4, GPS(-43.520645, 172.582938, 21.428755, var=[1.0, 1.0, 1.0]), 49.02699658571129, GPS(-43.520600, 172.583000, 0.000000, var=[-1.0, -1.0, -1.0])
20:20:45:070906, 2, 1, 1632986445.0708258, 4, GPS(-43.520555, 172.583062, 21.473925, var=[1.0, 1.0, 1.0]), 49.07505421088551, GPS(-43.520600, 172.583000, 0.000000, var=[-1.0, -1.0, -1.0])
20:20:45:072676, 2, 1, 1632986445.0714514, 5, GPS(-43.520555, 172.583062, 21.473925, var=[1.0, 1.0, 1.0]), 49.07505421088551, GPS(-43.520600, 172.583000, 0.000000, var=[-1.0, -1.0, -1.0])
20:20:45:072761, 4, 1, 1632986445.0714386, 5, GPS(-43.520645, 172.583062, 21.437781, var=[1.0, 1.0, 1.0]), 49.03197878551681, GPS(-43.520600, 172.583000, 0.000000, var=[-1.0, -1.0, -1.0])
20:20:45:072846, 3, 1, 1632986445.0714943, 5, GPS(-43.520645, 172.582938, 21.428755, var=[1.0, 1.0, 1.0]), 49.02699658571129, GPS(-43.520600, 172.583000, 0.000000, var=[-1.0, -1.0, -1.0])
20:20:45:074662, 1, 1, 1632986445.0715587, 6, GPS(-43.520555, 172.582938, 21.490899, var=[1.0, 1.0, 1.0]), 49.09226710987464, GPS(-43.520600, 172.583000, 0.000000, var=[-1.0, -1.0, -1.0])
20:20:45:074713, 4, 1, 1632986445.0715783, 6, GPS(-43.520645, 172.583062, 21.437781, var=[1.0, 1.0, 1.0]), 49.03197878551681, GPS(-43.520600, 172.583000, 0.000000, var=[-1.0, -1.0, -1.0])
20:20:46:072651, 1, 1, 1632986446.072491, 7, GPS(-43.520555, 172.582937, 21.463899, var=[1.0, 1.0, 1.0]), 49.067288058505454, GPS(-43.520600, 172.583000, 0.000000, var=[-1.0, -1.0, -1.0])
20:20:46:072831, 2, 1, 1632986446.0727015, 6, GPS(-43.520555, 172.583062, 21.455925, var=[1.0, 1.0, 1.0]), 49.045408240427776, GPS(-43.520600, 172.583000, 0.000000, var=[-1.0, -1.0, -1.0])
20:20:46:072895, 1, 1, 1632986446.0727334, 8, GPS(-43.520555, 172.582937, 21.463899, var=[1.0, 1.0, 1.0]), 49.067288058505454, GPS(-43.520600, 172.583000, 0.000000, var=[-1.0, -1.0, -1.0])
20:20:46:072967, 4, 1, 1632986446.0727181, 7, GPS(-43.520645, 172.583062, 21.416781, var=[1.0, 1.0, 1.0]), 48.99700769025001, GPS(-43.520600, 172.583000, 0.000000, var=[-1.0, -1.0, -1.0])
20:20:46:073055, 3, 1, 1632986446.0727248, 6, GPS(-43.520645, 172.582937, 21.413755, var=[1.0, 1.0, 1.0]), 49.00736319709874, GPS(-43.520600, 172.583000, 0.000000, var=[-1.0, -1.0, -1.0])
20:20:47:073012, 3, 1, 1632986447.0728774, 7, GPS(-43.520645, 172.582937, 21.407755, var=[1.0, 1.0, 1.0]), 48.98912738485016, GPS(-43.520600, 172.583000, 0.000000, var=[-1.0, -1.0, -1.0])
20:20:47:073197, 2, 1, 1632986447.0730882, 7, GPS(-43.520555, 172.583062, 21.435925, var=[1.0, 1.0, 1.0]), 49.00786523787348, GPS(-43.520600, 172.583000, 0.000000, var=[-1.0, -1.0, -1.0])
20:20:47:074475, 1, 1, 1632986447.0735102, 9, GPS(-43.520555, 172.582937, 21.442899, var=[1.0, 1.0, 1.0]), 49.03596870163566, GPS(-43.520600, 172.583000, 0.000000, var=[-1.0, -1.0, -1.0])
20:20:47:108898, 3, 1, 1632986447.1086414, 8, GPS(-43.520645, 172.582937, 21.408755, var=[1.0, 1.0, 1.0]), 48.979098215038384, GPS(-43.520600, 172.583000, 0.000000, var=[-1.0, -1.0, -1.0])
20:20:47:109379, 4, 1, 1632986447.10921, 8, GPS(-43.520645, 172.583062, 21.400781, var=[1.0, 1.0, 1.0]), 48.95583326445616, GPS(-43.520600, 172.583000, 0.000000, var=[-1.0, -1.0, -1.0])
20:20:47:109435, 4, 1, 1632986447.1093605, 9, GPS(-43.520645, 172.583062, 21.400781, var=[1.0, 1.0, 1.0]), 48.95583326445616, GPS(-43.520600, 172.583000, 0.000000, var=[-1.0, -1.0, -1.0])
20:20:47:110690, 1, 1, 1632986447.1105719, 10, GPS(-43.520555, 172.582937, 21.442899, var=[1.0, 1.0, 1.0]), 49.02318529124899, GPS(-43.520600, 172.583000, 0.000000, var=[-1.0, -1.0, -1.0])
20:20:47:112617, 2, 1, 1632986447.1124976, 8, GPS(-43.520555, 172.583062, 21.435925, var=[1.0, 1.0, 1.0]), 48.99688689979095, GPS(-43.520600, 172.583000, 0.000000, var=[-1.0, -1.0, -1.0])
20:20:48:109651, 3, 1, 1632986448.1095169, 9, GPS(-43.520645, 172.582938, 21.399755, var=[1.0, 1.0, 1.0]), 48.97122569835276, GPS(-43.520600, 172.583000, 0.000000, var=[-1.0, -1.0, -1.0])
20:20:48:109716, 4, 1, 1632986448.1095698, 10, GPS(-43.520645, 172.583062, 21.390781, var=[1.0, 1.0, 1.0]), 48.947012366354, GPS(-43.520600, 172.583000, 0.000000, var=[-1.0, -1.0, -1.0])
20:20:48:111781, 1, 1, 1632986448.111692, 11, GPS(-43.520555, 172.582937, 21.436899, var=[1.0, 1.0, 1.0]), 49.01930651031181, GPS(-43.520600, 172.583000, 0.000000, var=[-1.0, -1.0, -1.0])
20:20:48:114053, 2, 1, 1632986448.1139464, 9, GPS(-43.520555, 172.583062, 21.427925, var=[1.0, 1.0, 1.0]), 48.991074754290125, GPS(-43.520600, 172.583000, 0.000000, var=[-1.0, -1.0, -1.0])
20:20:48:115540, 2, 1, 1632986448.114114, 10, GPS(-43.520555, 172.583062, 21.427925, var=[1.0, 1.0, 1.0]), 48.991074754290125, GPS(-43.520600, 172.583000, 0.000000, var=[-1.0, -1.0, -1.0])
20:20:48:115581, 4, 1, 1632986448.114132, 11, GPS(-43.520645, 172.583062, 21.390781, var=[1.0, 1.0, 1.0]), 48.947012366354, GPS(-43.520600, 172.583000, 0.000000, var=[-1.0, -1.0, -1.0])
20:20:48:115614, 3, 1, 1632986448.1141386, 10, GPS(-43.520645, 172.582938, 21.399755, var=[1.0, 1.0, 1.0]), 48.97122569835276, GPS(-43.520600, 172.583000, 0.000000, var=[-1.0, -1.0, -1.0])
20:20:48:116645, 1, 1, 1632986448.114166, 12, GPS(-43.520555, 172.582937, 21.436899, var=[1.0, 1.0, 1.0]), 49.01930651031181, GPS(-43.520600, 172.583000, 0.000000, var=[-1.0, -1.0, -1.0])
20:20:49:114345, 2, 1, 1632986449.1142068, 11, GPS(-43.520555, 172.583062, 21.417924, var=[1.0, 1.0, 1.0]), 48.967623972301524, GPS(-43.520600, 172.583000, 0.000000, var=[-1.0, -1.0, -1.0])
20:20:49:114462, 1, 1, 1632986449.1143737, 13, GPS(-43.520555, 172.582937, 21.432898, var=[1.0, 1.0, 1.0]), 49.00584360883241, GPS(-43.520600, 172.583000, 0.000000, var=[-1.0, -1.0, -1.0])
20:20:49:114622, 4, 1, 1632986449.1145327, 12, GPS(-43.520645, 172.583062, 21.391781, var=[1.0, 1.0, 1.0]), 48.93539424433209, GPS(-43.520600, 172.583000, 0.000000, var=[-1.0, -1.0, -1.0])
20:20:49:116197, 3, 1, 1632986449.1161106, 11, GPS(-43.520645, 172.582937, 21.394754, var=[1.0, 1.0, 1.0]), 48.961754541583396, GPS(-43.520600, 172.583000, 0.000000, var=[-1.0, -1.0, -1.0])
20:20:50:115195, 2, 1, 1632986450.1150107, 12, GPS(-43.520555, 172.583061, 21.405924, var=[1.0, 1.0, 1.0]), 48.92936473229805, GPS(-43.520600, 172.583000, 0.000000, var=[-1.0, -1.0, -1.0])
20:20:50:115603, 4, 1, 1632986450.11547, 13, GPS(-43.520645, 172.583062, 21.390780, var=[1.0, 1.0, 1.0]), 48.91781774627921, GPS(-43.520600, 172.583000, 0.000000, var=[-1.0, -1.0, -1.0])
20:20:50:115742, 1, 1, 1632986450.1156094, 14, GPS(-43.520555, 172.582937, 21.428898, var=[1.0, 1.0, 1.0]), 48.98586052061245, GPS(-43.520600, 172.583000, 0.000000, var=[-1.0, -1.0, -1.0])
20:20:50:118017, 3, 1, 1632986450.1178198, 12, GPS(-43.520645, 172.582937, 21.392754, var=[1.0, 1.0, 1.0]), 48.94909934997098, GPS(-43.520600, 172.583000, 0.000000, var=[-1.0, -1.0, -1.0])
20:20:51:116329, 1, 1, 1632986451.1161807, 15, GPS(-43.520555, 172.582937, 21.437898, var=[1.0, 1.0, 1.0]), 48.99520434924855, GPS(-43.520600, 172.583000, 0.000000, var=[-1.0, -1.0, -1.0])
20:20:51:116395, 2, 1, 1632986451.1162639, 13, GPS(-43.520555, 172.583061, 21.406924, var=[1.0, 1.0, 1.0]), 48.925069958710196, GPS(-43.520600, 172.583000, 0.000000, var=[-1.0, -1.0, -1.0])
20:20:51:117393, 4, 1, 1632986451.117269, 14, GPS(-43.520645, 172.583061, 21.393781, var=[1.0, 1.0, 1.0]), 48.91541776187161, GPS(-43.520600, 172.583000, 0.000000, var=[-1.0, -1.0, -1.0])
20:20:51:118521, 3, 1, 1632986451.1183867, 13, GPS(-43.520645, 172.582937, 21.398754, var=[1.0, 1.0, 1.0]), 48.95559999109546, GPS(-43.520600, 172.583000, 0.000000, var=[-1.0, -1.0, -1.0])
20:20:52:117507, 2, 1, 1632986452.1173801, 14, GPS(-43.520555, 172.583061, 21.416924, var=[1.0, 1.0, 1.0]), 48.936796016659, GPS(-43.520600, 172.583000, 0.000000, var=[-1.0, -1.0, -1.0])
20:20:52:117879, 4, 1, 1632986452.1177738, 15, GPS(-43.520645, 172.583061, 21.391781, var=[1.0, 1.0, 1.0]), 48.90586257174586, GPS(-43.520600, 172.583000, 0.000000, var=[-1.0, -1.0, -1.0])
20:20:52:117949, 1, 1, 1632986452.1177938, 16, GPS(-43.520555, 172.582937, 21.431898, var=[1.0, 1.0, 1.0]), 48.99036652044816, GPS(-43.520600, 172.583000, 0.000000, var=[-1.0, -1.0, -1.0])
20:20:52:119061, 3, 1, 1632986452.1189528, 14, GPS(-43.520645, 172.582937, 21.390754, var=[1.0, 1.0, 1.0]), 48.9488689088916, GPS(-43.520600, 172.583000, 0.000000, var=[-1.0, -1.0, -1.0])
20:20:53:118235, 4, 1, 1632986453.1180732, 16, GPS(-43.520645, 172.583061, 21.394781, var=[1.0, 1.0, 1.0]), 48.914731872901854, GPS(-43.520600, 172.583000, 0.000000, var=[-1.0, -1.0, -1.0])
20:20:53:118917, 2, 1, 1632986453.1187563, 15, GPS(-43.520555, 172.583061, 21.422924, var=[1.0, 1.0, 1.0]), 48.95275650869739, GPS(-43.520600, 172.583000, 0.000000, var=[-1.0, -1.0, -1.0])
20:20:53:119663, 1, 1, 1632986453.1195316, 17, GPS(-43.520555, 172.582937, 21.430898, var=[1.0, 1.0, 1.0]), 48.99543645008077, GPS(-43.520600, 172.583000, 0.000000, var=[-1.0, -1.0, -1.0])
20:20:53:120154, 3, 1, 1632986453.1200514, 15, GPS(-43.520645, 172.582937, 21.402755, var=[1.0, 1.0, 1.0]), 48.96133713196596, GPS(-43.520600, 172.583000, 0.000000, var=[-1.0, -1.0, -1.0])
20:20:54:118675, 4, 1, 1632986454.11847, 17, GPS(-43.520645, 172.583062, 21.403781, var=[1.0, 1.0, 1.0]), 48.92529708813049, GPS(-43.520600, 172.583000, 0.000000, var=[-1.0, -1.0, -1.0])
20:20:54:120222, 2, 1, 1632986454.1200721, 16, GPS(-43.520555, 172.583061, 21.424925, var=[1.0, 1.0, 1.0]), 48.95491690654531, GPS(-43.520600, 172.583000, 0.000000, var=[-1.0, -1.0, -1.0])
20:20:54:120589, 1, 1, 1632986454.1204731, 18, GPS(-43.520555, 172.582937, 21.439899, var=[1.0, 1.0, 1.0]), 49.00064407137155, GPS(-43.520600, 172.583000, 0.000000, var=[-1.0, -1.0, -1.0])
20:20:54:120907, 3, 1, 1632986454.1207607, 16, GPS(-43.520645, 172.582937, 21.406755, var=[1.0, 1.0, 1.0]), 48.953235173182094, GPS(-43.520600, 172.583000, 0.000000, var=[-1.0, -1.0, -1.0])
20:20:55:118736, 4, 1, 1632986455.1185462, 18, GPS(-43.520645, 172.583062, 21.409781, var=[1.0, 1.0, 1.0]), 48.93935559933932, GPS(-43.520600, 172.583000, 0.000000, var=[-1.0, -1.0, -1.0])
20:20:55:122383, 2, 1, 1632986455.1221263, 17, GPS(-43.520555, 172.583061, 21.423925, var=[1.0, 1.0, 1.0]), 48.964769823922325, GPS(-43.520600, 172.583000, 0.000000, var=[-1.0, -1.0, -1.0])
20:20:55:122619, 1, 1, 1632986455.1224313, 19, GPS(-43.520555, 172.582937, 21.452898, var=[1.0, 1.0, 1.0]), 49.01772569570322, GPS(-43.520600, 172.583000, 0.000000, var=[-1.0, -1.0, -1.0])
20:20:55:123021, 3, 1, 1632986455.1228442, 17, GPS(-43.520645, 172.582937, 21.413755, var=[1.0, 1.0, 1.0]), 48.967104953346805, GPS(-43.520600, 172.583000, 0.000000, var=[-1.0, -1.0, -1.0])
20:20:56:119501, 4, 1, 1632986456.1191623, 19, GPS(-43.520645, 172.583062, 21.419781, var=[1.0, 1.0, 1.0]), 48.94885717800513, GPS(-43.520600, 172.583000, 0.000000, var=[-1.0, -1.0, -1.0])
20:20:56:122991, 2, 1, 1632986456.1228833, 18, GPS(-43.520555, 172.583061, 21.432925, var=[1.0, 1.0, 1.0]), 48.97083228713315, GPS(-43.520600, 172.583000, 0.000000, var=[-1.0, -1.0, -1.0])
20:20:56:123692, 1, 1, 1632986456.1235425, 20, GPS(-43.520555, 172.582937, 21.450898, var=[1.0, 1.0, 1.0]), 49.015828204368525, GPS(-43.520600, 172.583000, 0.000000, var=[-1.0, -1.0, -1.0])
20:20:56:124550, 3, 1, 1632986456.1244583, 18, GPS(-43.520645, 172.582937, 21.403755, var=[1.0, 1.0, 1.0]), 48.96188399535838, GPS(-43.520600, 172.583000, 0.000000, var=[-1.0, -1.0, -1.0])
20:20:57:119357, 4, 1, 1632986457.1191864, 20, GPS(-43.520645, 172.583062, 21.411781, var=[1.0, 1.0, 1.0]), 48.94256389663907, GPS(-43.520600, 172.583000, 0.000000, var=[-1.0, -1.0, -1.0])
20:20:57:123571, 2, 1, 1632986457.1234016, 19, GPS(-43.520555, 172.583061, 21.427925, var=[1.0, 1.0, 1.0]), 48.96983015052291, GPS(-43.520600, 172.583000, 0.000000, var=[-1.0, -1.0, -1.0])
20:20:57:125755, 1, 1, 1632986457.125513, 21, GPS(-43.520555, 172.582937, 21.452899, var=[1.0, 1.0, 1.0]), 49.02217910909987, GPS(-43.520600, 172.583000, 0.000000, var=[-1.0, -1.0, -1.0])
20:20:57:126427, 3, 1, 1632986457.1262448, 19, GPS(-43.520645, 172.582937, 21.405755, var=[1.0, 1.0, 1.0]), 48.965760929166905, GPS(-43.520600, 172.583000, 0.000000, var=[-1.0, -1.0, -1.0])
20:20:58:120125, 4, 1, 1632986458.1199117, 21, GPS(-43.520644, 172.583062, 21.389781, var=[1.0, 1.0, 1.0]), 48.910975840147515, GPS(-43.520600, 172.583000, 0.000000, var=[-1.0, -1.0, -1.0])
20:20:58:125413, 2, 1, 1632986458.125245, 20, GPS(-43.520555, 172.583061, 21.424925, var=[1.0, 1.0, 1.0]), 48.96368207195739, GPS(-43.520600, 172.583000, 0.000000, var=[-1.0, -1.0, -1.0])
20:20:58:125706, 1, 1, 1632986458.1255922, 22, GPS(-43.520555, 172.582937, 21.440899, var=[1.0, 1.0, 1.0]), 49.011745884164164, GPS(-43.520600, 172.583000, 0.000000, var=[-1.0, -1.0, -1.0])
20:20:58:126527, 3, 1, 1632986458.126399, 20, GPS(-43.520645, 172.582937, 21.401755, var=[1.0, 1.0, 1.0]), 48.9530365337468, GPS(-43.520600, 172.583000, 0.000000, var=[-1.0, -1.0, -1.0])
20:20:59:121897, 4, 1, 1632986459.1217263, 22, GPS(-43.520644, 172.583062, 21.384781, var=[1.0, 1.0, 1.0]), 48.91098731954658, GPS(-43.520600, 172.583000, 0.000000, var=[-1.0, -1.0, -1.0])
20:20:59:125998, 2, 1, 1632986459.1258538, 21, GPS(-43.520555, 172.583061, 21.416925, var=[1.0, 1.0, 1.0]), 48.96083527519145, GPS(-43.520600, 172.583000, 0.000000, var=[-1.0, -1.0, -1.0])
20:20:59:126086, 1, 1, 1632986459.125875, 23, GPS(-43.520555, 172.582937, 21.436899, var=[1.0, 1.0, 1.0]), 49.009123896792744, GPS(-43.520600, 172.583000, 0.000000, var=[-1.0, -1.0, -1.0])
20:20:59:128449, 3, 1, 1632986459.128282, 21, GPS(-43.520645, 172.582937, 21.386755, var=[1.0, 1.0, 1.0]), 48.94242433742897, GPS(-43.520600, 172.583000, 0.000000, var=[-1.0, -1.0, -1.0])
20:21:00:122813, 4, 1, 1632986460.122636, 23, GPS(-43.520645, 172.583062, 21.358781, var=[1.0, 1.0, 1.0]), 48.87232184800426, GPS(-43.520600, 172.583000, 0.000000, var=[-1.0, -1.0, -1.0])
20:21:00:126923, 2, 1, 1632986460.126784, 22, GPS(-43.520554, 172.583061, 21.396925, var=[1.0, 1.0, 1.0]), 48.926858375280965, GPS(-43.520600, 172.583000, 0.000000, var=[-1.0, -1.0, -1.0])
20:21:00:127310, 1, 1, 1632986460.127197, 24, GPS(-43.520555, 172.582937, 21.412899, var=[1.0, 1.0, 1.0]), 48.962084877566085, GPS(-43.520600, 172.583000, 0.000000, var=[-1.0, -1.0, -1.0])
20:21:00:129825, 3, 1, 1632986460.1296818, 22, GPS(-43.520645, 172.582937, 21.365755, var=[1.0, 1.0, 1.0]), 48.900705165346366, GPS(-43.520600, 172.583000, 0.000000, var=[-1.0, -1.0, -1.0])
20:21:01:124652, 4, 1, 1632986461.1244633, 24, GPS(-43.520645, 172.583062, 21.350781, var=[1.0, 1.0, 1.0]), 48.86695109652044, GPS(-43.520600, 172.583000, 0.000000, var=[-1.0, -1.0, -1.0])
20:21:01:127959, 2, 1, 1632986461.1278014, 23, GPS(-43.520555, 172.583062, 21.391925, var=[1.0, 1.0, 1.0]), 48.91937192925158, GPS(-43.520600, 172.583000, 0.000000, var=[-1.0, -1.0, -1.0])
20:21:01:128299, 1, 1, 1632986461.1281533, 25, GPS(-43.520555, 172.582937, 21.399899, var=[1.0, 1.0, 1.0]), 48.946618527266665, GPS(-43.520600, 172.583000, 0.000000, var=[-1.0, -1.0, -1.0])
20:21:01:130877, 3, 1, 1632986461.1307254, 23, GPS(-43.520645, 172.582938, 21.367755, var=[1.0, 1.0, 1.0]), 48.89451655261499, GPS(-43.520600, 172.583000, 0.000000, var=[-1.0, -1.0, -1.0])
20:21:02:125118, 4, 1, 1632986462.124985, 25, GPS(-43.520645, 172.583062, 21.360781, var=[1.0, 1.0, 1.0]), 48.860902467725474, GPS(-43.520600, 172.583000, 0.000000, var=[-1.0, -1.0, -1.0])
20:21:02:129318, 2, 1, 1632986462.129189, 24, GPS(-43.520555, 172.583062, 21.391925, var=[1.0, 1.0, 1.0]), 48.9031476804262, GPS(-43.520600, 172.583000, 0.000000, var=[-1.0, -1.0, -1.0])
20:21:02:129397, 1, 1, 1632986462.1292834, 26, GPS(-43.520554, 172.582937, 21.408899, var=[1.0, 1.0, 1.0]), 48.939650635403176, GPS(-43.520600, 172.583000, 0.000000, var=[-1.0, -1.0, -1.0])
20:21:02:131512, 3, 1, 1632986462.1314163, 24, GPS(-43.520645, 172.582938, 21.371755, var=[1.0, 1.0, 1.0]), 48.874257061855204, GPS(-43.520600, 172.583000, 0.000000, var=[-1.0, -1.0, -1.0])
20:21:03:127141, 4, 1, 1632986463.1269724, 26, GPS(-43.520645, 172.583062, 21.378781, var=[1.0, 1.0, 1.0]), 48.88835924801247, GPS(-43.520600, 172.583000, 0.000000, var=[-1.0, -1.0, -1.0])
20:21:03:129430, 1, 1, 1632986463.1293225, 27, GPS(-43.520554, 172.582938, 21.410899, var=[1.0, 1.0, 1.0]), 48.94292612627662, GPS(-43.520600, 172.583000, 0.000000, var=[-1.0, -1.0, -1.0])
20:21:03:130485, 2, 1, 1632986463.130344, 25, GPS(-43.520555, 172.583062, 21.398925, var=[1.0, 1.0, 1.0]), 48.918329647855195, GPS(-43.520600, 172.583000, 0.000000, var=[-1.0, -1.0, -1.0])
20:21:03:132279, 3, 1, 1632986463.1321342, 25, GPS(-43.520645, 172.582938, 21.374755, var=[1.0, 1.0, 1.0]), 48.882738955044644, GPS(-43.520600, 172.583000, 0.000000, var=[-1.0, -1.0, -1.0])
20:21:04:128288, 4, 1, 1632986464.1280906, 27, GPS(-43.520645, 172.583062, 21.374781, var=[1.0, 1.0, 1.0]), 48.88889877620424, GPS(-43.520600, 172.583000, 0.000000, var=[-1.0, -1.0, -1.0])
20:21:04:129688, 1, 1, 1632986464.1295242, 28, GPS(-43.520555, 172.582938, 21.418899, var=[1.0, 1.0, 1.0]), 48.94335330096772, GPS(-43.520600, 172.583000, 0.000000, var=[-1.0, -1.0, -1.0])
20:21:04:130960, 2, 1, 1632986464.1307714, 26, GPS(-43.520555, 172.583062, 21.386925, var=[1.0, 1.0, 1.0]), 48.909435620709914, GPS(-43.520600, 172.583000, 0.000000, var=[-1.0, -1.0, -1.0])
20:21:04:134252, 3, 1, 1632986464.1340141, 26, GPS(-43.520645, 172.582938, 21.379755, var=[1.0, 1.0, 1.0]), 48.89560087119973, GPS(-43.520600, 172.583000, 0.000000, var=[-1.0, -1.0, -1.0])
20:21:05:130037, 4, 1, 1632986465.1298807, 28, GPS(-43.520645, 172.583063, 21.385781, var=[1.0, 1.0, 1.0]), 48.89510977758637, GPS(-43.520600, 172.583000, 0.000000, var=[-1.0, -1.0, -1.0])
20:21:05:131129, 2, 1, 1632986465.1310253, 27, GPS(-43.520555, 172.583062, 21.396925, var=[1.0, 1.0, 1.0]), 48.918954003138325, GPS(-43.520600, 172.583000, 0.000000, var=[-1.0, -1.0, -1.0])
20:21:05:131618, 1, 1, 1632986465.1315217, 29, GPS(-43.520555, 172.582938, 21.424899, var=[1.0, 1.0, 1.0]), 48.942314932560095, GPS(-43.520600, 172.583000, 0.000000, var=[-1.0, -1.0, -1.0])
20:21:05:134231, 3, 1, 1632986465.1340988, 27, GPS(-43.520645, 172.582938, 21.387755, var=[1.0, 1.0, 1.0]), 48.897160192052425, GPS(-43.520600, 172.583000, 0.000000, var=[-1.0, -1.0, -1.0])
20:21:06:132114, 4, 1, 1632986466.1317258, 29, GPS(-43.520645, 172.583063, 21.383781, var=[1.0, 1.0, 1.0]), 48.89804409974883, GPS(-43.520600, 172.583000, 0.000000, var=[-1.0, -1.0, -1.0])
20:21:06:132180, 1, 1, 1632986466.1320493, 30, GPS(-43.520555, 172.582938, 21.414899, var=[1.0, 1.0, 1.0]), 48.935850839745044, GPS(-43.520600, 172.583000, 0.000000, var=[-1.0, -1.0, -1.0])
20:21:06:132333, 2, 1, 1632986466.1322553, 28, GPS(-43.520555, 172.583062, 21.401925, var=[1.0, 1.0, 1.0]), 48.92960925658551, GPS(-43.520600, 172.583000, 0.000000, var=[-1.0, -1.0, -1.0])
20:21:06:134744, 3, 1, 1632986466.1345327, 28, GPS(-43.520645, 172.582938, 21.379755, var=[1.0, 1.0, 1.0]), 48.893268901780736, GPS(-43.520600, 172.583000, 0.000000, var=[-1.0, -1.0, -1.0])
20:21:07:132117, 4, 1, 1632986467.131863, 30, GPS(-43.520645, 172.583063, 21.385781, var=[1.0, 1.0, 1.0]), 48.90818467966914, GPS(-43.520600, 172.583000, 0.000000, var=[-1.0, -1.0, -1.0])
20:21:07:132675, 1, 1, 1632986467.1324925, 31, GPS(-43.520555, 172.582938, 21.408899, var=[1.0, 1.0, 1.0]), 48.92987002117815, GPS(-43.520600, 172.583000, 0.000000, var=[-1.0, -1.0, -1.0])
20:21:07:132756, 2, 1, 1632986467.132623, 29, GPS(-43.520555, 172.583062, 21.397925, var=[1.0, 1.0, 1.0]), 48.924829246665254, GPS(-43.520600, 172.583000, 0.000000, var=[-1.0, -1.0, -1.0])
20:21:07:134807, 3, 1, 1632986467.1346993, 29, GPS(-43.520645, 172.582938, 21.381754, var=[1.0, 1.0, 1.0]), 48.89983593023355, GPS(-43.520600, 172.583000, 0.000000, var=[-1.0, -1.0, -1.0])
20:21:08:132877, 2, 1, 1632986468.132687, 30, GPS(-43.520555, 172.583062, 21.402924, var=[1.0, 1.0, 1.0]), 48.91909879743738, GPS(-43.520600, 172.583000, 0.000000, var=[-1.0, -1.0, -1.0])
20:21:08:133497, 1, 1, 1632986468.1333606, 32, GPS(-43.520555, 172.582938, 21.422899, var=[1.0, 1.0, 1.0]), 48.93516083826001, GPS(-43.520600, 172.583000, 0.000000, var=[-1.0, -1.0, -1.0])
20:21:08:133780, 4, 1, 1632986468.1336453, 31, GPS(-43.520645, 172.583063, 21.391781, var=[1.0, 1.0, 1.0]), 48.910795006595606, GPS(-43.520600, 172.583000, 0.000000, var=[-1.0, -1.0, -1.0])
20:21:08:135441, 3, 1, 1632986468.135318, 30, GPS(-43.520645, 172.582938, 21.386755, var=[1.0, 1.0, 1.0]), 48.89232495211435, GPS(-43.520600, 172.583000, 0.000000, var=[-1.0, -1.0, -1.0])
20:21:09:132941, 2, 1, 1632986469.1326995, 31, GPS(-43.520555, 172.583062, 21.410924, var=[1.0, 1.0, 1.0]), 48.92800788973126, GPS(-43.520600, 172.583000, 0.000000, var=[-1.0, -1.0, -1.0])
20:21:09:134157, 1, 1, 1632986469.1339614, 33, GPS(-43.520555, 172.582938, 21.423899, var=[1.0, 1.0, 1.0]), 48.93809833122273, GPS(-43.520600, 172.583000, 0.000000, var=[-1.0, -1.0, -1.0])
20:21:09:134972, 4, 1, 1632986469.134843, 32, GPS(-43.520645, 172.583063, 21.393781, var=[1.0, 1.0, 1.0]), 48.9164908040609, GPS(-43.520600, 172.583000, 0.000000, var=[-1.0, -1.0, -1.0])
20:21:09:136441, 3, 1, 1632986469.136257, 31, GPS(-43.520645, 172.582938, 21.376755, var=[1.0, 1.0, 1.0]), 48.88303428004695, GPS(-43.520600, 172.583000, 0.000000, var=[-1.0, -1.0, -1.0])
20:21:10:132909, 2, 1, 1632986470.1327791, 32, GPS(-43.520555, 172.583062, 21.416924, var=[1.0, 1.0, 1.0]), 48.940388210605796, GPS(-43.520600, 172.583000, 0.000000, var=[-1.0, -1.0, -1.0])
20:21:10:135114, 1, 1, 1632986470.1349528, 34, GPS(-43.520555, 172.582938, 21.423899, var=[1.0, 1.0, 1.0]), 48.94163678428748, GPS(-43.520600, 172.583000, 0.000000, var=[-1.0, -1.0, -1.0])
20:21:10:137007, 4, 1, 1632986470.136669, 33, GPS(-43.520645, 172.583063, 21.401781, var=[1.0, 1.0, 1.0]), 48.928944322457134, GPS(-43.520600, 172.583000, 0.000000, var=[-1.0, -1.0, -1.0])
20:21:10:138294, 3, 1, 1632986470.1381202, 32, GPS(-43.520645, 172.582938, 21.390755, var=[1.0, 1.0, 1.0]), 48.90590891791837, GPS(-43.520600, 172.583000, 0.000000, var=[-1.0, -1.0, -1.0])
20:21:11:134176, 2, 1, 1632986471.1339426, 33, GPS(-43.520555, 172.583062, 21.414924, var=[1.0, 1.0, 1.0]), 48.94020411706734, GPS(-43.520600, 172.583000, 0.000000, var=[-1.0, -1.0, -1.0])
20:21:11:137138, 1, 1, 1632986471.1369548, 35, GPS(-43.520555, 172.582938, 21.422898, var=[1.0, 1.0, 1.0]), 48.94598405329697, GPS(-43.520600, 172.583000, 0.000000, var=[-1.0, -1.0, -1.0])
20:21:11:138370, 4, 1, 1632986471.13817, 34, GPS(-43.520645, 172.583062, 21.400781, var=[1.0, 1.0, 1.0]), 48.9303689121369, GPS(-43.520600, 172.583000, 0.000000, var=[-1.0, -1.0, -1.0])
20:21:11:139408, 3, 1, 1632986471.1392674, 33, GPS(-43.520645, 172.582938, 21.397754, var=[1.0, 1.0, 1.0]), 48.922791863243575, GPS(-43.520600, 172.583000, 0.000000, var=[-1.0, -1.0, -1.0])
20:21:12:134881, 2, 1, 1632986472.1347458, 34, GPS(-43.520555, 172.583062, 21.424924, var=[1.0, 1.0, 1.0]), 48.95090147393762, GPS(-43.520600, 172.583000, 0.000000, var=[-1.0, -1.0, -1.0])
20:21:12:137411, 1, 1, 1632986472.1372812, 36, GPS(-43.520555, 172.582938, 21.448898, var=[1.0, 1.0, 1.0]), 48.97904113385944, GPS(-43.520600, 172.583000, 0.000000, var=[-1.0, -1.0, -1.0])
20:21:12:139478, 4, 1, 1632986472.1393397, 35, GPS(-43.520645, 172.583062, 21.404781, var=[1.0, 1.0, 1.0]), 48.93177479085442, GPS(-43.520600, 172.583000, 0.000000, var=[-1.0, -1.0, -1.0])
20:21:12:140948, 3, 1, 1632986472.1408556, 34, GPS(-43.520645, 172.582938, 21.401754, var=[1.0, 1.0, 1.0]), 48.93384851905553, GPS(-43.520600, 172.583000, 0.000000, var=[-1.0, -1.0, -1.0])
20:21:13:136619, 2, 1, 1632986473.1364892, 35, GPS(-43.520555, 172.583062, 21.451924, var=[1.0, 1.0, 1.0]), 48.98500331410851, GPS(-43.520600, 172.583000, 0.000000, var=[-1.0, -1.0, -1.0])
20:21:13:138198, 1, 1, 1632986473.13803, 37, GPS(-43.520555, 172.582938, 21.452898, var=[1.0, 1.0, 1.0]), 48.98637637049309, GPS(-43.520600, 172.583000, 0.000000, var=[-1.0, -1.0, -1.0])
20:21:13:140907, 4, 1, 1632986473.1407945, 36, GPS(-43.520645, 172.583062, 21.414780, var=[1.0, 1.0, 1.0]), 48.947947695539106, GPS(-43.520600, 172.583000, 0.000000, var=[-1.0, -1.0, -1.0])
20:21:13:141294, 3, 1, 1632986473.1412098, 35, GPS(-43.520645, 172.582938, 21.406754, var=[1.0, 1.0, 1.0]), 48.953143668883015, GPS(-43.520600, 172.583000, 0.000000, var=[-1.0, -1.0, -1.0])
20:21:14:138377, 2, 1, 1632986474.1379707, 36, GPS(-43.520555, 172.583062, 21.450924, var=[1.0, 1.0, 1.0]), 48.99559506666005, GPS(-43.520600, 172.583000, 0.000000, var=[-1.0, -1.0, -1.0])
20:21:14:140048, 1, 1, 1632986474.1399066, 38, GPS(-43.520555, 172.582938, 21.447898, var=[1.0, 1.0, 1.0]), 48.998096456385554, GPS(-43.520600, 172.583000, 0.000000, var=[-1.0, -1.0, -1.0])
20:21:14:142861, 4, 1, 1632986474.1427402, 37, GPS(-43.520645, 172.583062, 21.417781, var=[1.0, 1.0, 1.0]), 48.96412243418759, GPS(-43.520600, 172.583000, 0.000000, var=[-1.0, -1.0, -1.0])
20:21:14:142931, 3, 1, 1632986474.1427581, 36, GPS(-43.520645, 172.582938, 21.420754, var=[1.0, 1.0, 1.0]), 48.97906747304017, GPS(-43.520600, 172.583000, 0.000000, var=[-1.0, -1.0, -1.0])
20:21:15:138577, 2, 1, 1632986475.138354, 37, GPS(-43.520555, 172.583062, 21.457924, var=[1.0, 1.0, 1.0]), 49.02270056681897, GPS(-43.520600, 172.583000, 0.000000, var=[-1.0, -1.0, -1.0])
20:21:15:140517, 1, 1, 1632986475.1403801, 39, GPS(-43.520555, 172.582938, 21.467898, var=[1.0, 1.0, 1.0]), 49.03933687653844, GPS(-43.520600, 172.583000, 0.000000, var=[-1.0, -1.0, -1.0])
20:21:15:143511, 4, 1, 1632986475.1433969, 38, GPS(-43.520645, 172.583062, 21.450781, var=[1.0, 1.0, 1.0]), 49.017030740728586, GPS(-43.520600, 172.583000, 0.000000, var=[-1.0, -1.0, -1.0])
20:21:15:144414, 3, 1, 1632986475.1443284, 37, GPS(-43.520645, 172.582938, 21.440754, var=[1.0, 1.0, 1.0]), 49.01356984798075, GPS(-43.520600, 172.583000, 0.000000, var=[-1.0, -1.0, -1.0])
20:21:16:139163, 2, 1, 1632986476.1389287, 38, GPS(-43.520555, 172.583062, 21.483924, var=[1.0, 1.0, 1.0]), 49.052362484666844, GPS(-43.520600, 172.583000, 0.000000, var=[-1.0, -1.0, -1.0])
20:21:16:142261, 1, 1, 1632986476.1421216, 40, GPS(-43.520555, 172.582938, 21.495899, var=[1.0, 1.0, 1.0]), 49.077590233799896, GPS(-43.520600, 172.583000, 0.000000, var=[-1.0, -1.0, -1.0])
20:21:16:144171, 4, 1, 1632986476.144043, 39, GPS(-43.520645, 172.583062, 21.457781, var=[1.0, 1.0, 1.0]), 49.03042550700136, GPS(-43.520600, 172.583000, 0.000000, var=[-1.0, -1.0, -1.0])
20:21:16:144489, 3, 1, 1632986476.144378, 38, GPS(-43.520645, 172.582938, 21.473755, var=[1.0, 1.0, 1.0]), 49.04917882972485, GPS(-43.520600, 172.583000, 0.000000, var=[-1.0, -1.0, -1.0])
20:21:17:140780, 2, 1, 1632986477.1395912, 39, GPS(-43.520555, 172.583062, 21.499924, var=[1.0, 1.0, 1.0]), 49.087474988920405, GPS(-43.520600, 172.583000, 0.000000, var=[-1.0, -1.0, -1.0])
20:21:17:143801, 1, 1, 1632986477.1436238, 41, GPS(-43.520555, 172.582938, 21.511899, var=[1.0, 1.0, 1.0]), 49.1137835604004, GPS(-43.520600, 172.583000, 0.000000, var=[-1.0, -1.0, -1.0])
20:21:17:144695, 3, 1, 1632986477.1445756, 39, GPS(-43.520645, 172.582938, 21.481755, var=[1.0, 1.0, 1.0]), 49.079573032185976, GPS(-43.520600, 172.583000, 0.000000, var=[-1.0, -1.0, -1.0])
20:21:17:145740, 4, 1, 1632986477.1455262, 40, GPS(-43.520645, 172.583062, 21.464781, var=[1.0, 1.0, 1.0]), 49.05138577325289, GPS(-43.520600, 172.583000, 0.000000, var=[-1.0, -1.0, -1.0])
20:21:18:140290, 2, 1, 1632986478.1401381, 40, GPS(-43.520555, 172.583062, 21.508925, var=[1.0, 1.0, 1.0]), 49.11769428797031, GPS(-43.520600, 172.583000, 0.000000, var=[-1.0, -1.0, -1.0])
20:21:18:145378, 1, 1, 1632986478.1452665, 42, GPS(-43.520555, 172.582938, 21.520899, var=[1.0, 1.0, 1.0]), 49.142613878036585, GPS(-43.520600, 172.583000, 0.000000, var=[-1.0, -1.0, -1.0])
20:21:18:145430, 3, 1, 1632986478.145328, 40, GPS(-43.520645, 172.582938, 21.476755, var=[1.0, 1.0, 1.0]), 49.08415700691588, GPS(-43.520600, 172.583000, 0.000000, var=[-1.0, -1.0, -1.0])
20:21:18:180438, 4, 1, 1632986478.1802795, 41, GPS(-43.520645, 172.583062, 21.470781, var=[1.0, 1.0, 1.0]), 49.088691467125756, GPS(-43.520600, 172.583000, 0.000000, var=[-1.0, -1.0, -1.0])
20:21:19:142040, 2, 1, 1632986479.1418579, 41, GPS(-43.520555, 172.583062, 21.513925, var=[1.0, 1.0, 1.0]), 49.14118086988387, GPS(-43.520600, 172.583000, 0.000000, var=[-1.0, -1.0, -1.0])
20:21:19:145815, 1, 1, 1632986479.1456811, 43, GPS(-43.520555, 172.582937, 21.517899, var=[1.0, 1.0, 1.0]), 49.16205628471657, GPS(-43.520600, 172.583000, 0.000000, var=[-1.0, -1.0, -1.0])
20:21:19:147245, 3, 1, 1632986479.1471014, 41, GPS(-43.520645, 172.582938, 21.481755, var=[1.0, 1.0, 1.0]), 49.10692901460284, GPS(-43.520600, 172.583000, 0.000000, var=[-1.0, -1.0, -1.0])
20:21:19:183936, 4, 1, 1632986479.1838098, 42, GPS(-43.520645, 172.583062, 21.473781, var=[1.0, 1.0, 1.0]), 49.090121150881544, GPS(-43.520600, 172.583000, 0.000000, var=[-1.0, -1.0, -1.0])
20:21:20:143464, 2, 1, 1632986480.1433194, 42, GPS(-43.520554, 172.583062, 21.511925, var=[1.0, 1.0, 1.0]), 49.14455097691459, GPS(-43.520600, 172.583000, 0.000000, var=[-1.0, -1.0, -1.0])
20:21:20:146438, 1, 1, 1632986480.1463025, 44, GPS(-43.520555, 172.582937, 21.516899, var=[1.0, 1.0, 1.0]), 49.16460250425335, GPS(-43.520600, 172.583000, 0.000000, var=[-1.0, -1.0, -1.0])
20:21:20:149266, 3, 1, 1632986480.1491292, 42, GPS(-43.520645, 172.582937, 21.478755, var=[1.0, 1.0, 1.0]), 49.11113553814273, GPS(-43.520600, 172.583000, 0.000000, var=[-1.0, -1.0, -1.0])
20:21:20:189454, 4, 1, 1632986480.1893039, 43, GPS(-43.520644, 172.583062, 21.478781, var=[1.0, 1.0, 1.0]), 49.08844093739741, GPS(-43.520600, 172.583000, 0.000000, var=[-1.0, -1.0, -1.0])
20:21:21:143995, 2, 1, 1632986481.1438675, 43, GPS(-43.520555, 172.583062, 21.504925, var=[1.0, 1.0, 1.0]), 49.13851278171616, GPS(-43.520600, 172.583000, 0.000000, var=[-1.0, -1.0, -1.0])
20:21:21:147034, 1, 1, 1632986481.1469204, 45, GPS(-43.520555, 172.582937, 21.524899, var=[1.0, 1.0, 1.0]), 49.16571681004537, GPS(-43.520600, 172.583000, 0.000000, var=[-1.0, -1.0, -1.0])
20:21:21:150043, 3, 1, 1632986481.1499293, 43, GPS(-43.520645, 172.582937, 21.481755, var=[1.0, 1.0, 1.0]), 49.11243534073914, GPS(-43.520600, 172.583000, 0.000000, var=[-1.0, -1.0, -1.0])
20:21:21:190796, 4, 1, 1632986481.1906629, 44, GPS(-43.520644, 172.583062, 21.471781, var=[1.0, 1.0, 1.0]), 49.07776889293096, GPS(-43.520600, 172.583000, 0.000000, var=[-1.0, -1.0, -1.0])
20:21:22:145213, 2, 1, 1632986482.1450596, 44, GPS(-43.520555, 172.583062, 21.507925, var=[1.0, 1.0, 1.0]), 49.13308233685844, GPS(-43.520600, 172.583000, 0.000000, var=[-1.0, -1.0, -1.0])
20:21:22:148407, 1, 1, 1632986482.1482975, 46, GPS(-43.520555, 172.582937, 21.526899, var=[1.0, 1.0, 1.0]), 49.16359555502075, GPS(-43.520600, 172.583000, 0.000000, var=[-1.0, -1.0, -1.0])
20:21:22:150636, 3, 1, 1632986482.1505265, 44, GPS(-43.520645, 172.582938, 21.479755, var=[1.0, 1.0, 1.0]), 49.10471917821694, GPS(-43.520600, 172.583000, 0.000000, var=[-1.0, -1.0, -1.0])
20:21:22:192525, 4, 1, 1632986482.192381, 45, GPS(-43.520645, 172.583062, 21.483781, var=[1.0, 1.0, 1.0]), 49.08659810565334, GPS(-43.520600, 172.583000, 0.000000, var=[-1.0, -1.0, -1.0])
20:21:23:147093, 2, 1, 1632986483.1469624, 45, GPS(-43.520555, 172.583062, 21.502925, var=[1.0, 1.0, 1.0]), 49.11907573009112, GPS(-43.520600, 172.583000, 0.000000, var=[-1.0, -1.0, -1.0])
20:21:23:149197, 1, 1, 1632986483.149103, 47, GPS(-43.520555, 172.582938, 21.525899, var=[1.0, 1.0, 1.0]), 49.15405668761214, GPS(-43.520600, 172.583000, 0.000000, var=[-1.0, -1.0, -1.0])
20:21:23:150688, 3, 1, 1632986483.1505642, 45, GPS(-43.520645, 172.582938, 21.473755, var=[1.0, 1.0, 1.0]), 49.09222048448551, GPS(-43.520600, 172.583000, 0.000000, var=[-1.0, -1.0, -1.0])
20:21:23:193987, 4, 1, 1632986483.1938467, 46, GPS(-43.520645, 172.583062, 21.474781, var=[1.0, 1.0, 1.0]), 49.08848280566474, GPS(-43.520600, 172.583000, 0.000000, var=[-1.0, -1.0, -1.0])
20:21:24:148497, 2, 1, 1632986484.1482172, 46, GPS(-43.520555, 172.583062, 21.495925, var=[1.0, 1.0, 1.0]), 49.12042744939319, GPS(-43.520600, 172.583000, 0.000000, var=[-1.0, -1.0, -1.0])
20:21:24:150422, 1, 1, 1632986484.150301, 48, GPS(-43.520555, 172.582938, 21.504899, var=[1.0, 1.0, 1.0]), 49.141438903703644, GPS(-43.520600, 172.583000, 0.000000, var=[-1.0, -1.0, -1.0])
20:21:24:151811, 3, 1, 1632986484.151716, 46, GPS(-43.520645, 172.582938, 21.473755, var=[1.0, 1.0, 1.0]), 49.102677920026316, GPS(-43.520600, 172.583000, 0.000000, var=[-1.0, -1.0, -1.0])
20:21:24:195389, 4, 1, 1632986484.1952503, 47, GPS(-43.520645, 172.583062, 21.459781, var=[1.0, 1.0, 1.0]), 49.066987937261345, GPS(-43.520600, 172.583000, 0.000000, var=[-1.0, -1.0, -1.0])
20:21:25:148569, 2, 1, 1632986485.1484394, 47, GPS(-43.520555, 172.583062, 21.483925, var=[1.0, 1.0, 1.0]), 49.096452276415434, GPS(-43.520600, 172.583000, 0.000000, var=[-1.0, -1.0, -1.0])
20:21:25:151204, 1, 1, 1632986485.1507967, 49, GPS(-43.520555, 172.582938, 21.494899, var=[1.0, 1.0, 1.0]), 49.12044365131182, GPS(-43.520600, 172.583000, 0.000000, var=[-1.0, -1.0, -1.0])
20:21:25:153291, 3, 1, 1632986485.1531947, 47, GPS(-43.520645, 172.582938, 21.459755, var=[1.0, 1.0, 1.0]), 49.08214951265265, GPS(-43.520600, 172.583000, 0.000000, var=[-1.0, -1.0, -1.0])
20:21:25:195727, 4, 1, 1632986485.195603, 48, GPS(-43.520645, 172.583062, 21.453781, var=[1.0, 1.0, 1.0]), 49.048610440599326, GPS(-43.520600, 172.583000, 0.000000, var=[-1.0, -1.0, -1.0])
20:21:26:150669, 2, 1, 1632986486.150512, 48, GPS(-43.520555, 172.583062, 21.464924, var=[1.0, 1.0, 1.0]), 49.06016322108505, GPS(-43.520600, 172.583000, 0.000000, var=[-1.0, -1.0, -1.0])
20:21:26:151162, 1, 1, 1632986486.1510642, 50, GPS(-43.520555, 172.582937, 21.484898, var=[1.0, 1.0, 1.0]), 49.09988628870644, GPS(-43.520600, 172.583000, 0.000000, var=[-1.0, -1.0, -1.0])
20:21:26:153359, 3, 1, 1632986486.1532671, 48, GPS(-43.520645, 172.582937, 21.460754, var=[1.0, 1.0, 1.0]), 49.070901395175284, GPS(-43.520600, 172.583000, 0.000000, var=[-1.0, -1.0, -1.0])
20:21:26:197337, 4, 1, 1632986486.197216, 49, GPS(-43.520645, 172.583062, 21.454781, var=[1.0, 1.0, 1.0]), 49.052490234540336, GPS(-43.520600, 172.583000, 0.000000, var=[-1.0, -1.0, -1.0])
20:21:27:152019, 1, 1, 1632986487.1518896, 51, GPS(-43.520555, 172.582937, 21.481898, var=[1.0, 1.0, 1.0]), 49.088989550493636, GPS(-43.520600, 172.583000, 0.000000, var=[-1.0, -1.0, -1.0])
20:21:27:152324, 2, 1, 1632986487.1522284, 49, GPS(-43.520555, 172.583062, 21.458924, var=[1.0, 1.0, 1.0]), 49.057800457942236, GPS(-43.520600, 172.583000, 0.000000, var=[-1.0, -1.0, -1.0])
20:21:27:154538, 3, 1, 1632986487.1544209, 49, GPS(-43.520645, 172.582938, 21.442755, var=[1.0, 1.0, 1.0]), 49.050029291183954, GPS(-43.520600, 172.583000, 0.000000, var=[-1.0, -1.0, -1.0])
20:21:27:198449, 4, 1, 1632986487.198324, 50, GPS(-43.520645, 172.583062, 21.448781, var=[1.0, 1.0, 1.0]), 49.04278341358312, GPS(-43.520600, 172.583000, 0.000000, var=[-1.0, -1.0, -1.0])
20:21:28:152480, 2, 1, 1632986488.1523368, 50, GPS(-43.520555, 172.583062, 21.460924, var=[1.0, 1.0, 1.0]), 49.04829490797468, GPS(-43.520600, 172.583000, 0.000000, var=[-1.0, -1.0, -1.0])
20:21:28:154043, 1, 1, 1632986488.153939, 52, GPS(-43.520555, 172.582938, 21.489898, var=[1.0, 1.0, 1.0]), 49.090779564139986, GPS(-43.520600, 172.583000, 0.000000, var=[-1.0, -1.0, -1.0])
20:21:28:154602, 3, 1, 1632986488.154486, 50, GPS(-43.520645, 172.582938, 21.439754, var=[1.0, 1.0, 1.0]), 49.04204656770632, GPS(-43.520600, 172.583000, 0.000000, var=[-1.0, -1.0, -1.0])
20:21:28:199909, 4, 1, 1632986488.1997766, 51, GPS(-43.520645, 172.583062, 21.456781, var=[1.0, 1.0, 1.0]), 49.03869354508021, GPS(-43.520600, 172.583000, 0.000000, var=[-1.0, -1.0, -1.0])
20:21:29:153869, 2, 1, 1632986489.1537452, 51, GPS(-43.520555, 172.583062, 21.456924, var=[1.0, 1.0, 1.0]), 49.035261873680064, GPS(-43.520600, 172.583000, 0.000000, var=[-1.0, -1.0, -1.0])
20:21:29:154597, 3, 1, 1632986489.1544888, 51, GPS(-43.520645, 172.582938, 21.431754, var=[1.0, 1.0, 1.0]), 49.019856286562906, GPS(-43.520600, 172.583000, 0.000000, var=[-1.0, -1.0, -1.0])
20:21:29:156040, 1, 1, 1632986489.154777, 53, GPS(-43.520555, 172.582938, 21.488898, var=[1.0, 1.0, 1.0]), 49.07702278781081, GPS(-43.520600, 172.583000, 0.000000, var=[-1.0, -1.0, -1.0])
20:21:29:200446, 4, 1, 1632986489.2003238, 52, GPS(-43.520645, 172.583062, 21.453781, var=[1.0, 1.0, 1.0]), 49.02896369547361, GPS(-43.520600, 172.583000, 0.000000, var=[-1.0, -1.0, -1.0])
20:21:30:155671, 1, 1, 1632986490.1548157, 54, GPS(-43.520555, 172.582938, 21.489899, var=[1.0, 1.0, 1.0]), 49.06952976172997, GPS(-43.520600, 172.583000, 0.000000, var=[-1.0, -1.0, -1.0])
20:21:30:155806, 2, 1, 1632986490.1549273, 52, GPS(-43.520555, 172.583062, 21.461924, var=[1.0, 1.0, 1.0]), 49.03871260160067, GPS(-43.520600, 172.583000, 0.000000, var=[-1.0, -1.0, -1.0])
20:21:30:156020, 3, 1, 1632986490.15517, 52, GPS(-43.520645, 172.582938, 21.436755, var=[1.0, 1.0, 1.0]), 49.014130319388734, GPS(-43.520600, 172.583000, 0.000000, var=[-1.0, -1.0, -1.0])
20:21:30:201581, 4, 1, 1632986490.2014287, 53, GPS(-43.520645, 172.583062, 21.445781, var=[1.0, 1.0, 1.0]), 49.01626784485114, GPS(-43.520600, 172.583000, 0.000000, var=[-1.0, -1.0, -1.0])
20:21:31:155438, 3, 1, 1632986491.15529, 53, GPS(-43.520645, 172.582938, 21.441755, var=[1.0, 1.0, 1.0]), 49.0108473094913, GPS(-43.520600, 172.583000, 0.000000, var=[-1.0, -1.0, -1.0])
20:21:31:156295, 2, 1, 1632986491.1561434, 53, GPS(-43.520555, 172.583062, 21.462925, var=[1.0, 1.0, 1.0]), 49.043705654412335, GPS(-43.520600, 172.583000, 0.000000, var=[-1.0, -1.0, -1.0])
20:21:31:157679, 1, 1, 1632986491.1563523, 55, GPS(-43.520555, 172.582938, 21.480899, var=[1.0, 1.0, 1.0]), 49.05967501885648, GPS(-43.520600, 172.583000, 0.000000, var=[-1.0, -1.0, -1.0])
20:21:31:203204, 4, 1, 1632986491.2030632, 54, GPS(-43.520645, 172.583063, 21.446781, var=[1.0, 1.0, 1.0]), 49.027824771138825, GPS(-43.520600, 172.583000, 0.000000, var=[-1.0, -1.0, -1.0])
20:21:32:155652, 3, 1, 1632986492.155443, 54, GPS(-43.520645, 172.582938, 21.447755, var=[1.0, 1.0, 1.0]), 49.02355486650836, GPS(-43.520600, 172.583000, 0.000000, var=[-1.0, -1.0, -1.0])
20:21:32:156668, 2, 1, 1632986492.1564183, 54, GPS(-43.520555, 172.583062, 21.464925, var=[1.0, 1.0, 1.0]), 49.05687732349455, GPS(-43.520600, 172.583000, 0.000000, var=[-1.0, -1.0, -1.0])
20:21:32:158393, 1, 1, 1632986492.1567135, 56, GPS(-43.520555, 172.582938, 21.481899, var=[1.0, 1.0, 1.0]), 49.07011144399097, GPS(-43.520600, 172.583000, 0.000000, var=[-1.0, -1.0, -1.0])
20:21:32:203824, 4, 1, 1632986492.203685, 55, GPS(-43.520645, 172.583063, 21.458781, var=[1.0, 1.0, 1.0]), 49.04325291179332, GPS(-43.520600, 172.583000, 0.000000, var=[-1.0, -1.0, -1.0])
20:21:33:156491, 3, 1, 1632986493.15632, 55, GPS(-43.520645, 172.582938, 21.456755, var=[1.0, 1.0, 1.0]), 49.03546408850673, GPS(-43.520600, 172.583000, 0.000000, var=[-1.0, -1.0, -1.0])
20:21:33:157527, 1, 1, 1632986493.1574137, 57, GPS(-43.520555, 172.582938, 21.488899, var=[1.0, 1.0, 1.0]), 49.084356896331556, GPS(-43.520600, 172.583000, 0.000000, var=[-1.0, -1.0, -1.0])
20:21:33:158454, 2, 1, 1632986493.1583555, 55, GPS(-43.520555, 172.583062, 21.485925, var=[1.0, 1.0, 1.0]), 49.08084415723241, GPS(-43.520600, 172.583000, 0.000000, var=[-1.0, -1.0, -1.0])
20:21:33:204116, 4, 1, 1632986493.2039618, 56, GPS(-43.520645, 172.583063, 21.462781, var=[1.0, 1.0, 1.0]), 49.054722344867955, GPS(-43.520600, 172.583000, 0.000000, var=[-1.0, -1.0, -1.0])
20:21:34:157306, 3, 1, 1632986494.1571317, 56, GPS(-43.520645, 172.582938, 21.458755, var=[1.0, 1.0, 1.0]), 49.048631401697804, GPS(-43.520600, 172.583000, 0.000000, var=[-1.0, -1.0, -1.0])
20:21:34:158211, 1, 1, 1632986494.1581094, 58, GPS(-43.520555, 172.582938, 21.502899, var=[1.0, 1.0, 1.0]), 49.10467492673007, GPS(-43.520600, 172.583000, 0.000000, var=[-1.0, -1.0, -1.0])
20:21:34:158813, 2, 1, 1632986494.1587067, 56, GPS(-43.520555, 172.583062, 21.484925, var=[1.0, 1.0, 1.0]), 49.08513390073506, GPS(-43.520600, 172.583000, 0.000000, var=[-1.0, -1.0, -1.0])
20:21:34:205972, 4, 1, 1632986494.2058134, 57, GPS(-43.520645, 172.583062, 21.456781, var=[1.0, 1.0, 1.0]), 49.04619619423501, GPS(-43.520600, 172.583000, 0.000000, var=[-1.0, -1.0, -1.0])
20:21:35:158224, 3, 1, 1632986495.158069, 57, GPS(-43.520645, 172.582938, 21.457755, var=[1.0, 1.0, 1.0]), 49.048438903904774, GPS(-43.520600, 172.583000, 0.000000, var=[-1.0, -1.0, -1.0])
20:21:35:158341, 1, 1, 1632986495.1582363, 59, GPS(-43.520555, 172.582938, 21.493899, var=[1.0, 1.0, 1.0]), 49.0950997547512, GPS(-43.520600, 172.583000, 0.000000, var=[-1.0, -1.0, -1.0])
20:21:35:159491, 2, 1, 1632986495.1593883, 57, GPS(-43.520555, 172.583062, 21.475925, var=[1.0, 1.0, 1.0]), 49.0709094855974, GPS(-43.520600, 172.583000, 0.000000, var=[-1.0, -1.0, -1.0])
20:21:35:206895, 4, 1, 1632986495.2067623, 58, GPS(-43.520645, 172.583062, 21.452781, var=[1.0, 1.0, 1.0]), 49.03684524114604, GPS(-43.520600, 172.583000, 0.000000, var=[-1.0, -1.0, -1.0])
20:21:36:158553, 3, 1, 1632986496.158362, 58, GPS(-43.520645, 172.582938, 21.446755, var=[1.0, 1.0, 1.0]), 49.0342436989155, GPS(-43.520600, 172.583000, 0.000000, var=[-1.0, -1.0, -1.0])
20:21:36:159814, 1, 1, 1632986496.1593096, 60, GPS(-43.520555, 172.582938, 21.489899, var=[1.0, 1.0, 1.0]), 49.08193079212597, GPS(-43.520600, 172.583000, 0.000000, var=[-1.0, -1.0, -1.0])
20:21:36:161161, 2, 1, 1632986496.161026, 58, GPS(-43.520555, 172.583062, 21.472925, var=[1.0, 1.0, 1.0]), 49.05757982584035, GPS(-43.520600, 172.583000, 0.000000, var=[-1.0, -1.0, -1.0])
20:21:36:207137, 4, 1, 1632986496.207009, 59, GPS(-43.520645, 172.583062, 21.445781, var=[1.0, 1.0, 1.0]), 49.01759558069345, GPS(-43.520600, 172.583000, 0.000000, var=[-1.0, -1.0, -1.0])
20:21:37:159206, 3, 1, 1632986497.1589675, 59, GPS(-43.520645, 172.582938, 21.442755, var=[1.0, 1.0, 1.0]), 49.025022789426004, GPS(-43.520600, 172.583000, 0.000000, var=[-1.0, -1.0, -1.0])
20:21:37:160609, 1, 1, 1632986497.1602988, 61, GPS(-43.520555, 172.582938, 21.473899, var=[1.0, 1.0, 1.0]), 49.05772618779166, GPS(-43.520600, 172.583000, 0.000000, var=[-1.0, -1.0, -1.0])
20:21:37:161835, 2, 1, 1632986497.1616268, 59, GPS(-43.520555, 172.583062, 21.460925, var=[1.0, 1.0, 1.0]), 49.03787401720986, GPS(-43.520600, 172.583000, 0.000000, var=[-1.0, -1.0, -1.0])
20:21:37:209155, 4, 1, 1632986497.2090151, 60, GPS(-43.520645, 172.583062, 21.428781, var=[1.0, 1.0, 1.0]), 48.99121133233934, GPS(-43.520600, 172.583000, 0.000000, var=[-1.0, -1.0, -1.0])
20:21:38:159901, 3, 1, 1632986498.1597457, 60, GPS(-43.520645, 172.582937, 21.438755, var=[1.0, 1.0, 1.0]), 49.012113700524125, GPS(-43.520600, 172.583000, 0.000000, var=[-1.0, -1.0, -1.0])
20:21:38:162081, 1, 1, 1632986498.1619587, 62, GPS(-43.520555, 172.582937, 21.466899, var=[1.0, 1.0, 1.0]), 49.052952335570424, GPS(-43.520600, 172.583000, 0.000000, var=[-1.0, -1.0, -1.0])
20:21:38:162887, 2, 1, 1632986498.16278, 60, GPS(-43.520555, 172.583062, 21.455925, var=[1.0, 1.0, 1.0]), 49.02961693211099, GPS(-43.520600, 172.583000, 0.000000, var=[-1.0, -1.0, -1.0])
20:21:38:210772, 4, 1, 1632986498.2106454, 61, GPS(-43.520645, 172.583062, 21.431781, var=[1.0, 1.0, 1.0]), 48.98760476887942, GPS(-43.520600, 172.583000, 0.000000, var=[-1.0, -1.0, -1.0])
20:21:39:160702, 3, 1, 1632986499.1605566, 61, GPS(-43.520645, 172.582937, 21.445755, var=[1.0, 1.0, 1.0]), 49.0134327934297, GPS(-43.520600, 172.583000, 0.000000, var=[-1.0, -1.0, -1.0])
20:21:39:163108, 2, 1, 1632986499.1629977, 61, GPS(-43.520555, 172.583062, 21.465925, var=[1.0, 1.0, 1.0]), 49.041117572904625, GPS(-43.520600, 172.583000, 0.000000, var=[-1.0, -1.0, -1.0])
20:21:39:164212, 1, 1, 1632986499.163463, 63, GPS(-43.520555, 172.582937, 21.474899, var=[1.0, 1.0, 1.0]), 49.07292589098583, GPS(-43.520600, 172.583000, 0.000000, var=[-1.0, -1.0, -1.0])
20:21:39:211614, 4, 1, 1632986499.2114682, 62, GPS(-43.520645, 172.583062, 21.437781, var=[1.0, 1.0, 1.0]), 48.992992170196715, GPS(-43.520600, 172.583000, 0.000000, var=[-1.0, -1.0, -1.0])
20:21:40:162189, 3, 1, 1632986500.161972, 62, GPS(-43.520644, 172.582938, 21.438755, var=[1.0, 1.0, 1.0]), 49.007573499932654, GPS(-43.520600, 172.583000, 0.000000, var=[-1.0, -1.0, -1.0])
20:21:40:163680, 2, 1, 1632986500.163552, 62, GPS(-43.520555, 172.583062, 21.468925, var=[1.0, 1.0, 1.0]), 49.04721843529011, GPS(-43.520600, 172.583000, 0.000000, var=[-1.0, -1.0, -1.0])
20:21:40:165107, 1, 1, 1632986500.1649473, 64, GPS(-43.520554, 172.582937, 21.478899, var=[1.0, 1.0, 1.0]), 49.0831134691778, GPS(-43.520600, 172.583000, 0.000000, var=[-1.0, -1.0, -1.0])
20:21:40:211926, 4, 1, 1632986500.211695, 63, GPS(-43.520645, 172.583062, 21.435781, var=[1.0, 1.0, 1.0]), 48.9958895428034, GPS(-43.520600, 172.583000, 0.000000, var=[-1.0, -1.0, -1.0])
20:21:41:162829, 3, 1, 1632986501.1627002, 63, GPS(-43.520645, 172.582938, 21.420755, var=[1.0, 1.0, 1.0]), 48.99593400113457, GPS(-43.520600, 172.583000, 0.000000, var=[-1.0, -1.0, -1.0])
20:21:41:165415, 2, 1, 1632986501.165166, 63, GPS(-43.520555, 172.583062, 21.468925, var=[1.0, 1.0, 1.0]), 49.04846968301064, GPS(-43.520600, 172.583000, 0.000000, var=[-1.0, -1.0, -1.0])
20:21:41:166779, 1, 1, 1632986501.16539, 65, GPS(-43.520554, 172.582938, 21.477899, var=[1.0, 1.0, 1.0]), 49.079789458895256, GPS(-43.520600, 172.583000, 0.000000, var=[-1.0, -1.0, -1.0])
20:21:41:213046, 4, 1, 1632986501.2128966, 64, GPS(-43.520644, 172.583062, 21.436781, var=[1.0, 1.0, 1.0]), 48.99776249761558, GPS(-43.520600, 172.583000, 0.000000, var=[-1.0, -1.0, -1.0])
20:21:42:164099, 3, 1, 1632986502.1639335, 64, GPS(-43.520645, 172.582938, 21.420755, var=[1.0, 1.0, 1.0]), 48.99034756804614, GPS(-43.520600, 172.583000, 0.000000, var=[-1.0, -1.0, -1.0])
20:21:42:166162, 1, 1, 1632986502.1660242, 66, GPS(-43.520554, 172.582938, 21.466899, var=[1.0, 1.0, 1.0]), 49.06557060834678, GPS(-43.520600, 172.583000, 0.000000, var=[-1.0, -1.0, -1.0])
20:21:42:167142, 2, 1, 1632986502.1670372, 64, GPS(-43.520554, 172.583062, 21.456925, var=[1.0, 1.0, 1.0]), 49.039348519970474, GPS(-43.520600, 172.583000, 0.000000, var=[-1.0, -1.0, -1.0])
20:21:42:213810, 4, 1, 1632986502.213681, 65, GPS(-43.520644, 172.583062, 21.423782, var=[1.0, 1.0, 1.0]), 48.991035902757986, GPS(-43.520600, 172.583000, 0.000000, var=[-1.0, -1.0, -1.0])
20:21:43:165567, 3, 1, 1632986503.1654272, 65, GPS(-43.520645, 172.582938, 21.430755, var=[1.0, 1.0, 1.0]), 49.004333035453726, GPS(-43.520600, 172.583000, 0.000000, var=[-1.0, -1.0, -1.0])
20:21:43:167821, 1, 1, 1632986503.1676838, 67, GPS(-43.520554, 172.582938, 21.456899, var=[1.0, 1.0, 1.0]), 49.05563289083146, GPS(-43.520600, 172.583000, 0.000000, var=[-1.0, -1.0, -1.0])
20:21:43:169184, 2, 1, 1632986503.169067, 65, GPS(-43.520554, 172.583062, 21.458925, var=[1.0, 1.0, 1.0]), 49.04506595403013, GPS(-43.520600, 172.583000, 0.000000, var=[-1.0, -1.0, -1.0])
20:21:43:214914, 4, 1, 1632986503.214773, 66, GPS(-43.520644, 172.583062, 21.415782, var=[1.0, 1.0, 1.0]), 48.98204938188581, GPS(-43.520600, 172.583000, 0.000000, var=[-1.0, -1.0, -1.0])
20:21:44:167352, 3, 1, 1632986504.1672192, 66, GPS(-43.520645, 172.582938, 21.437755, var=[1.0, 1.0, 1.0]), 49.004209160715675, GPS(-43.520600, 172.583000, 0.000000, var=[-1.0, -1.0, -1.0])
20:21:44:169606, 2, 1, 1632986504.1694946, 66, GPS(-43.520554, 172.583062, 21.463925, var=[1.0, 1.0, 1.0]), 49.052664181368684, GPS(-43.520600, 172.583000, 0.000000, var=[-1.0, -1.0, -1.0])
20:21:44:170734, 1, 1, 1632986504.1695833, 68, GPS(-43.520554, 172.582938, 21.459899, var=[1.0, 1.0, 1.0]), 49.049918076197585, GPS(-43.520600, 172.583000, 0.000000, var=[-1.0, -1.0, -1.0])
20:21:44:215892, 4, 1, 1632986504.215744, 67, GPS(-43.520644, 172.583062, 21.422782, var=[1.0, 1.0, 1.0]), 48.98469492082502, GPS(-43.520600, 172.583000, 0.000000, var=[-1.0, -1.0, -1.0])
20:21:45:167383, 3, 1, 1632986505.1672566, 67, GPS(-43.520645, 172.582938, 21.447755, var=[1.0, 1.0, 1.0]), 49.00857352264081, GPS(-43.520600, 172.583000, 0.000000, var=[-1.0, -1.0, -1.0])
20:21:45:169820, 2, 1, 1632986505.169711, 67, GPS(-43.520554, 172.583062, 21.468925, var=[1.0, 1.0, 1.0]), 49.0544799308323, GPS(-43.520600, 172.583000, 0.000000, var=[-1.0, -1.0, -1.0])
20:21:45:171412, 1, 1, 1632986505.171248, 69, GPS(-43.520554, 172.582938, 21.466899, var=[1.0, 1.0, 1.0]), 49.052557317882744, GPS(-43.520600, 172.583000, 0.000000, var=[-1.0, -1.0, -1.0])
20:21:45:217705, 4, 1, 1632986505.2175877, 68, GPS(-43.520644, 172.583062, 21.427782, var=[1.0, 1.0, 1.0]), 48.98997833926718, GPS(-43.520600, 172.583000, 0.000000, var=[-1.0, -1.0, -1.0])
20:21:46:168193, 3, 1, 1632986506.1680665, 68, GPS(-43.520645, 172.582938, 21.450755, var=[1.0, 1.0, 1.0]), 49.01438832788511, GPS(-43.520600, 172.583000, 0.000000, var=[-1.0, -1.0, -1.0])
20:21:46:170543, 2, 1, 1632986506.170433, 68, GPS(-43.520555, 172.583062, 21.466925, var=[1.0, 1.0, 1.0]), 49.05484591917016, GPS(-43.520600, 172.583000, 0.000000, var=[-1.0, -1.0, -1.0])
20:21:46:171926, 1, 1, 1632986506.1716402, 70, GPS(-43.520554, 172.582938, 21.474899, var=[1.0, 1.0, 1.0]), 49.063114237734794, GPS(-43.520600, 172.583000, 0.000000, var=[-1.0, -1.0, -1.0])
20:21:46:218289, 4, 1, 1632986506.2181516, 69, GPS(-43.520645, 172.583062, 21.430781, var=[1.0, 1.0, 1.0]), 49.01210900833203, GPS(-43.520600, 172.583000, 0.000000, var=[-1.0, -1.0, -1.0])
20:21:47:169354, 3, 1, 1632986507.169193, 69, GPS(-43.520645, 172.582938, 21.451755, var=[1.0, 1.0, 1.0]), 49.028652957428314, GPS(-43.520600, 172.583000, 0.000000, var=[-1.0, -1.0, -1.0])
20:21:47:171710, 2, 1, 1632986507.1715243, 69, GPS(-43.520555, 172.583062, 21.471925, var=[1.0, 1.0, 1.0]), 49.06908010432292, GPS(-43.520600, 172.583000, 0.000000, var=[-1.0, -1.0, -1.0])
20:21:47:172935, 1, 1, 1632986507.1720438, 71, GPS(-43.520555, 172.582938, 21.480899, var=[1.0, 1.0, 1.0]), 49.078293057767944, GPS(-43.520600, 172.583000, 0.000000, var=[-1.0, -1.0, -1.0])
20:21:47:219057, 4, 1, 1632986507.218898, 70, GPS(-43.520645, 172.583063, 21.442781, var=[1.0, 1.0, 1.0]), 49.02925726805633, GPS(-43.520600, 172.583000, 0.000000, var=[-1.0, -1.0, -1.0])
20:21:48:170836, 3, 1, 1632986508.1704826, 70, GPS(-43.520645, 172.582938, 21.462755, var=[1.0, 1.0, 1.0]), 49.04729501134571, GPS(-43.520600, 172.583000, 0.000000, var=[-1.0, -1.0, -1.0])
20:21:48:173685, 2, 1, 1632986508.1735163, 70, GPS(-43.520555, 172.583062, 21.473925, var=[1.0, 1.0, 1.0]), 49.07245262608033, GPS(-43.520600, 172.583000, 0.000000, var=[-1.0, -1.0, -1.0])
20:21:48:175565, 1, 1, 1632986508.1741264, 72, GPS(-43.520555, 172.582938, 21.485899, var=[1.0, 1.0, 1.0]), 49.0759903133863, GPS(-43.520600, 172.583000, 0.000000, var=[-1.0, -1.0, -1.0])
20:21:48:220390, 4, 1, 1632986508.220248, 71, GPS(-43.520645, 172.583063, 21.451781, var=[1.0, 1.0, 1.0]), 49.046469381534294, GPS(-43.520600, 172.583000, 0.000000, var=[-1.0, -1.0, -1.0])
20:21:49:171761, 3, 1, 1632986509.1716156, 71, GPS(-43.520645, 172.582938, 21.479754, var=[1.0, 1.0, 1.0]), 49.06965820215967, GPS(-43.520600, 172.583000, 0.000000, var=[-1.0, -1.0, -1.0])
20:21:49:174238, 2, 1, 1632986509.1741095, 71, GPS(-43.520555, 172.583062, 21.489924, var=[1.0, 1.0, 1.0]), 49.08288626468553, GPS(-43.520600, 172.583000, 0.000000, var=[-1.0, -1.0, -1.0])
20:21:49:175691, 1, 1, 1632986509.174534, 73, GPS(-43.520555, 172.582938, 21.503899, var=[1.0, 1.0, 1.0]), 49.09081149291378, GPS(-43.520600, 172.583000, 0.000000, var=[-1.0, -1.0, -1.0])
20:21:49:222098, 4, 1, 1632986509.221959, 72, GPS(-43.520645, 172.583062, 21.474781, var=[1.0, 1.0, 1.0]), 49.069156936895276, GPS(-43.520600, 172.583000, 0.000000, var=[-1.0, -1.0, -1.0])
STOP: 09/30/2021 20:21:50:453933
